0.000000000000000e+00 0.000000000000000e+00
6.000000000000000e-03 4.313817505248105e-14
1.200000000000000e-02 8.511344840728130e-14
1.800000000000000e-02 1.257289628311953e-13
2.400000000000000e-02 1.650728165270010e-13
3.000000000000000e-02 2.031467442181745e-13
3.600000000000000e-02 2.399150756532409e-13
4.200000000000000e-02 2.754519702607983e-13
4.799999999999999e-02 3.097543922747636e-13
5.399999999999999e-02 3.427319192339517e-13
5.999999999999999e-02 3.745519519537943e-13
6.599999999999999e-02 4.051377289204794e-13
7.199999999999999e-02 4.345057300070287e-13
7.800000000000000e-02 4.625735558483335e-13
8.400000000000001e-02 4.894843211311617e-13
9.000000000000001e-02 5.151417487025967e-13
9.600000000000002e-02 5.396794122702886e-13
1.020000000000000e-01 5.629212374014259e-13
1.080000000000000e-01 5.850875339774575e-13
1.140000000000000e-01 6.060204421620696e-13
1.200000000000000e-01 6.257442480839259e-13
1.260000000000000e-01 6.443734434924409e-13
1.320000000000000e-01 6.618768033650468e-13
1.380000000000000e-01 6.782074901678925e-13
1.440000000000000e-01 6.934001983704974e-13
1.500000000000000e-01 7.074410501850537e-13
1.560000000000001e-01 7.203126983768016e-13
1.620000000000001e-01 7.321712680585790e-13
1.680000000000001e-01 7.429196147157313e-13
1.740000000000001e-01 7.525507994543545e-13
1.800000000000001e-01 7.610717611683526e-13
1.860000000000001e-01 7.686143388418998e-13
1.920000000000001e-01 7.749842434456866e-13
1.980000000000001e-01 7.802161694492327e-13
2.040000000000001e-01 7.845321614574630e-13
2.100000000000001e-01 7.878211971679150e-13
2.160000000000001e-01 7.899722542781262e-13
2.220000000000001e-01 7.912212551808295e-13
2.280000000000001e-01 7.913947275284272e-13
2.340000000000001e-01 7.905273657904388e-13
2.400000000000001e-01 7.886469255424799e-13
2.460000000000001e-01 7.858297346174936e-13
2.520000000000001e-01 7.820410985459603e-13
2.580000000000001e-01 7.773018340095916e-13
2.640000000000001e-01 7.715009187059252e-13
2.700000000000001e-01 7.648742750276938e-13
2.760000000000001e-01 7.572414917333958e-13
2.820000000000001e-01 7.486650188681665e-13
2.880000000000001e-01 7.392003675832370e-13
2.940000000000002e-01 7.287642711517606e-13
3.000000000000002e-01 7.174816296640074e-13
3.060000000000002e-01 7.053108097565541e-13
3.120000000000002e-01 6.922379336415929e-13
3.180000000000002e-01 6.782630013191238e-13
3.240000000000002e-01 6.635109128794170e-13
3.300000000000002e-01 6.477873792931632e-13
3.360000000000002e-01 6.312866895896718e-13
3.420000000000002e-01 6.139533326177116e-13
3.480000000000002e-01 5.957873083772824e-13
3.540000000000002e-01 5.768024946561923e-13
3.600000000000002e-01 5.570266470300567e-13
3.660000000000002e-01 5.365013988622991e-13
3.720000000000002e-01 5.151573612138804e-13
3.780000000000002e-01 4.930500452360320e-13
3.840000000000002e-01 4.701516953531382e-13
3.900000000000002e-01 4.465039449286223e-13
3.960000000000002e-01 4.221345495381001e-13
4.020000000000002e-01 3.970157536059560e-13
4.080000000000003e-01 3.712585794346523e-13
4.140000000000003e-01 3.447797602973424e-13
4.200000000000003e-01 3.175515406184104e-13
4.260000000000003e-01 2.896849427003190e-13
4.320000000000003e-01 2.610689442406056e-13
4.380000000000003e-01 2.318978342685796e-13
4.440000000000003e-01 2.020328349061629e-13
4.500000000000003e-01 1.715294573045867e-13
4.560000000000003e-01 1.403321903126198e-13
4.620000000000003e-01 1.085520562327247e-13
4.680000000000003e-01 7.621681064051700e-14
4.740000000000003e-01 4.321543123353422e-14
4.800000000000003e-01 9.686695889854491e-15
4.860000000000003e-01 2.445266211736907e-14
4.920000000000003e-01 5.914713163690521e-14
4.980000000000003e-01 9.434120151752268e-14
5.040000000000003e-01 1.301181384860683e-13
5.100000000000003e-01 1.664779425425422e-13
5.160000000000003e-01 2.032263246576349e-13
5.220000000000004e-01 2.405853294362714e-13
5.280000000000004e-01 2.784439345759893e-13
5.340000000000004e-01 3.167466289255572e-13
5.400000000000004e-01 3.554934124849751e-13
5.460000000000004e-01 3.947397964054744e-13
5.520000000000004e-01 4.344580251114394e-13
5.580000000000004e-01 4.745093207247919e-13
5.640000000000004e-01 5.151434834260726e-13
5.700000000000004e-01 5.560829574591253e-13
5.760000000000004e-01 5.974665207020280e-13
5.820000000000004e-01 6.392109064279339e-13
5.880000000000004e-01 6.813438702124586e-13
5.940000000000004e-01 7.238654120556021e-13
6.000000000000004e-01 7.667200208061331e-13
6.060000000000004e-01 8.099632076152830e-13
6.120000000000004e-01 8.534839501805891e-13
6.180000000000004e-01 8.973377596532828e-13
6.240000000000004e-01 9.416356583358265e-13
6.300000000000004e-01 9.861000904720640e-13
6.360000000000005e-01 1.030842078364458e-12
6.420000000000005e-01 1.075917133164239e-12
6.480000000000005e-01 1.121214232568946e-12
6.540000000000005e-01 1.166788887729808e-12
6.600000000000005e-01 1.212530076344365e-12
6.660000000000005e-01 1.258604331866309e-12
6.720000000000005e-01 1.304900631993178e-12
6.780000000000005e-01 1.351363465573741e-12
6.840000000000005e-01 1.397992832607997e-12
6.900000000000005e-01 1.444844244247179e-12
6.960000000000005e-01 1.491806678188823e-12
7.020000000000005e-01 1.539102179037855e-12
7.080000000000005e-01 1.586397679886886e-12
7.140000000000005e-01 1.633915225340843e-12
7.200000000000005e-01 1.681488281946031e-12
7.260000000000005e-01 1.729172360853681e-12
7.320000000000005e-01 1.777022973215026e-12
7.380000000000005e-01 1.824929096727601e-12
7.440000000000005e-01 1.872890731391408e-12
7.500000000000006e-01 1.921018899508908e-12
7.560000000000006e-01 1.969147067626409e-12
7.620000000000006e-01 2.017275235743909e-12
7.680000000000006e-01 2.065514426163872e-12
7.740000000000006e-01 2.113809127735067e-12
7.800000000000006e-01 2.162048318155030e-12
7.860000000000006e-01 2.210343019726224e-12
7.920000000000006e-01 2.258526698994956e-12
7.980000000000006e-01 2.306821400566150e-12
8.040000000000006e-01 2.355005079834882e-12
8.100000000000006e-01 2.403188759103614e-12
8.160000000000006e-01 2.451316927221114e-12
8.220000000000006e-01 2.499445095338615e-12
8.280000000000006e-01 2.547462241153653e-12
8.340000000000006e-01 2.595368364666228e-12
8.400000000000006e-01 2.643163465876341e-12
8.460000000000006e-01 2.690847544783992e-12
8.520000000000006e-01 2.738476112540411e-12
8.580000000000007e-01 2.785993657994368e-12
8.640000000000007e-01 2.833289158843399e-12
8.700000000000007e-01 2.880473637389969e-12
8.760000000000007e-01 2.927547093634075e-12
8.820000000000007e-01 2.974454016424488e-12
8.880000000000007e-01 3.021138894609976e-12
8.940000000000007e-01 3.067657239341770e-12
9.000000000000007e-01 3.113953539468639e-12
9.060000000000007e-01 3.160138817293046e-12
9.120000000000007e-01 3.205991028210065e-12
9.180000000000007e-01 3.251676705673390e-12
9.240000000000007e-01 3.297084827380559e-12
9.300000000000007e-01 3.342326415634034e-12
9.360000000000007e-01 3.387234936980121e-12
9.420000000000007e-01 3.431976924872515e-12
9.480000000000007e-01 3.476330334706290e-12
9.540000000000007e-01 3.520572722237603e-12
9.600000000000007e-01 3.564315509407834e-12
9.660000000000007e-01 3.607836251973140e-12
9.720000000000008e-01 3.651134949933521e-12
9.780000000000008e-01 3.694045069835283e-12
9.840000000000008e-01 3.736566611678427e-12
9.900000000000008e-01 3.778755086614183e-12
9.960000000000008e-01 3.820666005793782e-12
1.002000000000001e+00 3.862077324612301e-12
1.008000000000001e+00 3.903266598825894e-12
1.014000000000001e+00 3.944067294980869e-12
1.020000000000001e+00 3.984479413077224e-12
1.026000000000001e+00 4.024447441963730e-12
1.032000000000001e+00 4.064082403942848e-12
1.038000000000001e+00 4.103273276712116e-12
1.044000000000001e+00 4.142020060271534e-12
1.050000000000001e+00 4.180433776923564e-12
1.056000000000001e+00 4.218292382063282e-12
1.062000000000001e+00 4.255817920295613e-12
1.068000000000001e+00 4.292788347015630e-12
1.074000000000001e+00 4.329425706828260e-12
1.080000000000001e+00 4.365507955128578e-12
1.086000000000001e+00 4.401035091916583e-12
1.092000000000001e+00 4.436118139494738e-12
1.098000000000001e+00 4.470757097863043e-12
1.104000000000001e+00 4.504951967021498e-12
1.110000000000001e+00 4.538591724667640e-12
1.116000000000001e+00 4.571676370801470e-12
1.122000000000001e+00 4.604316927725449e-12
1.128000000000001e+00 4.636402373137116e-12
1.134000000000001e+00 4.667932707036471e-12
1.140000000000001e+00 4.698907929423513e-12
1.146000000000001e+00 4.729328040298242e-12
1.152000000000001e+00 4.759193039660659e-12
1.158000000000001e+00 4.788724972115688e-12
1.164000000000001e+00 4.817368726151017e-12
1.170000000000001e+00 4.845568390976496e-12
1.176000000000001e+00 4.873212944289662e-12
1.182000000000001e+00 4.900302386090516e-12
1.188000000000001e+00 4.926725694076595e-12
1.194000000000001e+00 4.952704912852823e-12
1.200000000000001e+00 4.978017997814277e-12
1.206000000000001e+00 5.002664948960955e-12
1.212000000000001e+00 5.026756788595321e-12
1.218000000000001e+00 5.050071472112450e-12
1.224000000000001e+00 5.072942066419728e-12
1.230000000000001e+00 5.095146526912231e-12
1.236000000000001e+00 5.116684853589959e-12
1.242000000000001e+00 5.137446024150449e-12
1.248000000000001e+00 5.157763105501090e-12
1.254000000000001e+00 5.177414053036955e-12
1.260000000000001e+00 5.196398866758045e-12
1.266000000000001e+00 5.214606524361898e-12
1.272000000000001e+00 5.232259070453438e-12
1.278000000000001e+00 5.249245482730203e-12
1.284000000000001e+00 5.265565761192192e-12
1.290000000000001e+00 5.281108883536945e-12
1.296000000000001e+00 5.295985872066922e-12
1.302000000000001e+00 5.310307749084586e-12
1.308000000000001e+00 5.323852469985013e-12
1.314000000000001e+00 5.336620034768202e-12
1.320000000000001e+00 5.348832488039079e-12
1.326000000000001e+00 5.360378807495181e-12
1.332000000000001e+00 5.371147970834045e-12
1.338000000000001e+00 5.381251000358134e-12
1.344000000000001e+00 5.390687896067448e-12
1.350000000000001e+00 5.399347635659524e-12
1.356000000000001e+00 5.407341241436825e-12
1.362000000000001e+00 5.414446668794426e-12
1.368000000000001e+00 5.420996984639714e-12
1.374000000000001e+00 5.426770144367765e-12
1.380000000000001e+00 5.431655125676116e-12
1.386000000000001e+00 5.436096017774616e-12
1.392000000000001e+00 5.439759753755880e-12
1.398000000000001e+00 5.442646333619905e-12
1.404000000000001e+00 5.444755757366693e-12
1.410000000000001e+00 5.446199047298705e-12
1.416000000000001e+00 5.446976203415943e-12
1.422000000000001e+00 5.446754158811018e-12
1.428000000000001e+00 5.445977002693780e-12
1.434000000000001e+00 5.444422690459305e-12
1.440000000000001e+00 5.442202244410055e-12
1.446000000000001e+00 5.439204642243567e-12
1.452000000000001e+00 5.435318861657379e-12
1.458000000000001e+00 5.430766947256416e-12
1.464000000000001e+00 5.425659921343140e-12
1.470000000000001e+00 5.419664717010164e-12
1.476000000000001e+00 5.412892356559951e-12
1.482000000000001e+00 5.405342839992500e-12
1.488000000000001e+00 5.397238211912736e-12
1.494000000000001e+00 5.388134383110810e-12
1.500000000000001e+00 5.378475442796571e-12
1.506000000000001e+00 5.367928324062632e-12
1.512000000000001e+00 5.356715071513918e-12
1.518000000000001e+00 5.344724662847966e-12
1.524000000000001e+00 5.332068120367239e-12
1.530000000000001e+00 5.318523399466812e-12
1.536000000000001e+00 5.304257033600379e-12
1.542000000000001e+00 5.289324533919171e-12
1.548000000000001e+00 5.273614878120725e-12
1.554000000000001e+00 5.257239088507504e-12
1.560000000000001e+00 5.240030631625814e-12
1.566000000000001e+00 5.222156040929349e-12
1.572000000000001e+00 5.203504294115646e-12
1.578000000000001e+00 5.184186413487168e-12
1.584000000000001e+00 5.164035865590222e-12
1.590000000000001e+00 5.143163672727269e-12
1.596000000000001e+00 5.121625346049541e-12
1.602000000000001e+00 5.099309863254575e-12
1.608000000000001e+00 5.076272735493603e-12
1.614000000000001e+00 5.052569473917856e-12
1.620000000000001e+00 5.028089056224871e-12
1.626000000000001e+00 5.002886993565880e-12
1.632000000000001e+00 4.976963285940883e-12
1.638000000000001e+00 4.950373444501110e-12
1.644000000000001e+00 4.923006446944100e-12
1.650000000000001e+00 4.895028826723546e-12
1.656000000000001e+00 4.866329561536986e-12
1.662000000000001e+00 4.836908651384419e-12
1.668000000000001e+00 4.806766096265846e-12
1.674000000000001e+00 4.776012918483730e-12
1.680000000000001e+00 4.744427073433144e-12
1.686000000000001e+00 4.712286116870246e-12
1.692000000000001e+00 4.679423515341341e-12
1.698000000000001e+00 4.645839268846430e-12
1.704000000000001e+00 4.611644399687975e-12
1.710000000000001e+00 4.576727885563514e-12
1.716000000000001e+00 4.541256259926740e-12
1.722000000000001e+00 4.505007478172729e-12
1.728000000000001e+00 4.468148073755174e-12
1.734000000000001e+00 4.430567024371612e-12
1.740000000000001e+00 4.392430863475738e-12
1.746000000000001e+00 4.353573057613858e-12
1.752000000000001e+00 4.314104629088433e-12
1.758000000000001e+00 4.273970066748234e-12
1.764000000000001e+00 4.233280392895722e-12
1.770000000000001e+00 4.191924585228435e-12
1.776000000000001e+00 4.149958154897604e-12
1.782000000000001e+00 4.107381101903229e-12
1.788000000000001e+00 4.064193426245311e-12
1.794000000000001e+00 4.020450639075079e-12
1.800000000000001e+00 3.976041718090073e-12
1.806000000000001e+00 3.931077685592754e-12
1.812000000000001e+00 3.885503030431892e-12
1.818000000000001e+00 3.839373263758716e-12
1.824000000000001e+00 3.792688385573229e-12
1.830000000000001e+00 3.745392884724197e-12
1.836000000000001e+00 3.697542272362853e-12
1.842000000000001e+00 3.649136548489196e-12
1.848000000000001e+00 3.600175713103226e-12
1.854000000000001e+00 3.550715277356176e-12
1.860000000000001e+00 3.500699730096812e-12
1.866000000000001e+00 3.450129071325136e-12
1.872000000000001e+00 3.399058812192379e-12
1.878000000000001e+00 3.347488952698541e-12
1.884000000000001e+00 3.295419492843621e-12
1.890000000000001e+00 3.242850432627620e-12
1.896000000000001e+00 3.189837283201769e-12
1.902000000000001e+00 3.136269022263605e-12
1.908000000000001e+00 3.082228916539975e-12
1.914000000000001e+00 3.027689210455264e-12
1.920000000000001e+00 2.972733170736319e-12
1.926000000000001e+00 2.917277530656293e-12
1.932000000000001e+00 2.861377801366416e-12
1.938000000000001e+00 2.805033982866689e-12
1.944000000000002e+00 2.748246075157113e-12
1.950000000000002e+00 2.691097344964533e-12
1.956000000000002e+00 2.633421258835256e-12
1.962000000000002e+00 2.575439861374207e-12
1.968000000000002e+00 2.517014374703308e-12
1.974000000000002e+00 2.458228065549406e-12
1.980000000000002e+00 2.398997667185654e-12
1.986000000000002e+00 2.339406446338899e-12
1.992000000000002e+00 2.279426647433525e-12
1.998000000000002e+00 2.219141537196379e-12
2.004000000000001e+00 2.158634382354307e-12
2.010000000000001e+00 2.097849671756080e-12
2.016000000000001e+00 2.036704138674850e-12
2.022000000000001e+00 1.975197783110616e-12
2.028000000000000e+00 1.913413871790226e-12
2.034000000000000e+00 1.851241382411217e-12
2.040000000000000e+00 1.788846848427283e-12
2.046000000000000e+00 1.726133125323770e-12
2.052000000000000e+00 1.663086335312869e-12
2.057999999999999e+00 1.599803622909235e-12
2.063999999999999e+00 1.536257232537253e-12
2.069999999999999e+00 1.472391653045690e-12
2.075999999999999e+00 1.408304028949203e-12
2.081999999999999e+00 1.343966604672175e-12
2.087999999999998e+00 1.279448769153646e-12
2.093999999999998e+00 1.214653377878960e-12
2.099999999999998e+00 1.149691453150581e-12
2.105999999999998e+00 1.084438094878237e-12
2.111999999999997e+00 1.019039019833912e-12
2.117999999999997e+00 9.534664724419883e-13
2.123999999999997e+00 8.876857582329478e-13
2.129999999999997e+00 8.217246327824057e-13
2.135999999999997e+00 7.556247294537854e-13
2.141999999999996e+00 6.893235982019519e-13
2.147999999999996e+00 6.229183835415597e-13
2.153999999999996e+00 5.563917382378492e-13
2.159999999999996e+00 4.896950900334929e-13
2.165999999999995e+00 4.229047667614338e-13
2.171999999999995e+00 3.560424524651218e-13
2.177999999999995e+00 2.890448297376835e-13
2.183999999999995e+00 2.219474604103766e-13
2.189999999999995e+00 1.548379480187378e-13
2.195999999999994e+00 8.758271885511704e-14
2.201999999999994e+00 2.032402024454427e-14
2.207999999999994e+00 4.701100619897147e-14
2.213999999999994e+00 1.143807271120068e-13
2.219999999999994e+00 1.818198369640811e-13
2.225999999999993e+00 2.492520079222516e-13
2.231999999999993e+00 3.166841788804220e-13
2.237999999999993e+00 3.841302276264003e-13
2.243999999999993e+00 4.515693374784746e-13
2.249999999999992e+00 5.189876306488372e-13
2.255999999999992e+00 5.863781682435842e-13
2.261999999999992e+00 6.537270724749078e-13
2.267999999999992e+00 7.210204655550001e-13
2.273999999999992e+00 7.882722252716690e-13
2.279999999999991e+00 8.555239849883378e-13
2.285999999999991e+00 9.225953334635051e-13
2.291999999999991e+00 9.896528041508645e-13
2.297999999999991e+00 1.056585374747954e-12
2.303999999999991e+00 1.123476311981619e-12
2.309999999999990e+00 1.190172960185976e-12
2.315999999999990e+00 1.256827975026908e-12
2.321999999999990e+00 1.323302578626340e-12
2.327999999999990e+00 1.389666159923308e-12
2.333999999999989e+00 1.455807696615352e-12
2.339999999999989e+00 1.521865966580549e-12
2.345999999999989e+00 1.587729947516436e-12
2.351999999999989e+00 1.653427394998630e-12
2.357999999999989e+00 1.718930553451514e-12
2.363999999999988e+00 1.784239422875089e-12
2.369999999999988e+00 1.849354003269355e-12
2.375999999999988e+00 1.914246539058695e-12
2.381999999999988e+00 1.978889274667495e-12
2.387999999999987e+00 2.043337721246985e-12
2.393999999999987e+00 2.107508612070319e-12
2.399999999999987e+00 2.171457458288728e-12
2.405999999999987e+00 2.235156504326596e-12
2.411999999999987e+00 2.298550239032693e-12
2.417999999999986e+00 2.361666417982633e-12
2.423999999999986e+00 2.424505041176417e-12
2.429999999999986e+00 2.487066108614044e-12
2.435999999999986e+00 2.549294109144284e-12
2.441999999999986e+00 2.611216798342753e-12
2.447999999999985e+00 2.672834176209449e-12
2.453999999999985e+00 2.734146242744373e-12
2.459999999999985e+00 2.795041975645063e-12
2.465999999999985e+00 2.855660152789596e-12
2.471999999999984e+00 2.915889751875511e-12
2.477999999999984e+00 2.975730772902807e-12
2.483999999999984e+00 3.035238727022715e-12
2.489999999999984e+00 3.094358103084005e-12
2.495999999999984e+00 3.153033389935445e-12
2.501999999999983e+00 3.211375609879497e-12
2.507999999999983e+00 3.269273740613698e-12
2.513999999999983e+00 3.326783293289282e-12
2.519999999999983e+00 3.383848756755015e-12
2.525999999999982e+00 3.440525642162129e-12
2.531999999999982e+00 3.496702927208162e-12
2.537999999999982e+00 3.552436123044345e-12
2.543999999999982e+00 3.607725229670677e-12
2.549999999999982e+00 3.662514735935929e-12
2.555999999999981e+00 3.716860152991330e-12
2.561999999999981e+00 3.770761480836882e-12
2.567999999999981e+00 3.824107697170120e-12
2.573999999999981e+00 3.876954313142278e-12
2.579999999999981e+00 3.929412351055817e-12
2.585999999999980e+00 3.981204255154580e-12
2.591999999999980e+00 4.032496558892262e-12
2.597999999999980e+00 4.083344773420094e-12
2.603999999999980e+00 4.133637876435614e-12
2.609999999999979e+00 4.183431379090052e-12
2.615999999999979e+00 4.232558747929716e-12
2.621999999999979e+00 4.281242027559529e-12
2.627999999999979e+00 4.329259173374567e-12
2.633999999999979e+00 4.376887741130986e-12
2.639999999999978e+00 4.423850175072630e-12
2.645999999999978e+00 4.470090964048268e-12
2.651999999999978e+00 4.515943174965287e-12
2.657999999999978e+00 4.561018229765068e-12
2.663999999999977e+00 4.605649195354999e-12
2.669999999999977e+00 4.649614027130156e-12
2.675999999999977e+00 4.692968236241768e-12
2.681999999999977e+00 4.735656311538605e-12
2.687999999999977e+00 4.777733764171899e-12
2.693999999999976e+00 4.819256105292880e-12
2.699999999999976e+00 4.860056801447854e-12
2.705999999999976e+00 4.900246874939285e-12
2.711999999999976e+00 4.939770814615940e-12
2.717999999999976e+00 4.978684131629052e-12
2.723999999999975e+00 5.016875803676157e-12
2.729999999999975e+00 5.054456853059719e-12
2.735999999999975e+00 5.091260746326043e-12
2.741999999999975e+00 5.127454016928823e-12
2.747999999999974e+00 5.162981153716828e-12
2.753999999999974e+00 5.197786645538827e-12
2.759999999999974e+00 5.231870492394819e-12
2.765999999999974e+00 5.265343716587267e-12
2.771999999999974e+00 5.298095295813710e-12
2.777999999999973e+00 5.330069718922914e-12
2.783999999999973e+00 5.361378008217343e-12
2.789999999999973e+00 5.391964652545767e-12
2.795999999999973e+00 5.421829651908183e-12
2.801999999999973e+00 5.450973006304594e-12
2.807999999999972e+00 5.479450226886229e-12
2.813999999999972e+00 5.507039269048164e-12
2.819999999999972e+00 5.534073199697787e-12
2.825999999999972e+00 5.560218951927709e-12
2.831999999999971e+00 5.585643059191625e-12
2.837999999999971e+00 5.610401032640766e-12
2.843999999999971e+00 5.634326338821438e-12
2.849999999999971e+00 5.657418977733641e-12
2.855999999999971e+00 5.679845482831070e-12
2.861999999999970e+00 5.701494831811260e-12
2.867999999999970e+00 5.722422535825444e-12
2.873999999999970e+00 5.742517572571160e-12
2.879999999999970e+00 5.761835453199637e-12
2.885999999999969e+00 5.780376177710878e-12
2.891999999999969e+00 5.798195257256111e-12
2.897999999999969e+00 5.815237180684107e-12
2.903999999999969e+00 5.831390925692403e-12
2.909999999999969e+00 5.846878536885924e-12
2.915999999999968e+00 5.861422458508514e-12
2.921999999999968e+00 5.875300246316328e-12
2.927999999999968e+00 5.888345366855674e-12
2.933999999999968e+00 5.900668842429013e-12
2.939999999999968e+00 5.912048628431421e-12
2.945999999999967e+00 5.922762280619054e-12
2.951999999999967e+00 5.932698776689449e-12
2.957999999999967e+00 5.941691583188913e-12
2.963999999999967e+00 5.949962744722370e-12
2.969999999999966e+00 5.957401238987359e-12
2.975999999999966e+00 5.964062577135110e-12
2.981999999999966e+00 5.969946759165623e-12
2.987999999999966e+00 5.974998273927667e-12
2.993999999999966e+00 5.979217121421243e-12
2.999999999999965e+00 5.982658812797581e-12
3.005999999999965e+00 5.985267836905450e-12
3.011999999999965e+00 5.987099704896082e-12
3.017999999999965e+00 5.988154416769476e-12
3.023999999999964e+00 5.988320950223169e-12
3.029999999999964e+00 5.987710327559626e-12
3.035999999999964e+00 5.986267037627613e-12
3.041999999999964e+00 5.984046591578362e-12
3.047999999999964e+00 5.980937967109412e-12
3.053999999999963e+00 5.977163208825687e-12
3.059999999999963e+00 5.972500272122261e-12
3.065999999999963e+00 5.967060179301598e-12
3.071999999999963e+00 5.960787419212465e-12
3.077999999999963e+00 5.953626480703633e-12
3.083999999999962e+00 5.945688386077563e-12
3.089999999999962e+00 5.936973135334256e-12
3.095999999999962e+00 5.927536239624942e-12
3.101999999999962e+00 5.917155654344697e-12
3.107999999999961e+00 5.906053424098445e-12
3.113999999999961e+00 5.894118526583725e-12
3.119999999999961e+00 5.881461984102998e-12
3.125999999999961e+00 5.867861752051340e-12
3.131999999999961e+00 5.853539875033675e-12
3.137999999999960e+00 5.838496353050004e-12
3.143999999999960e+00 5.822620163797865e-12
3.149999999999960e+00 5.805966818428487e-12
3.155999999999960e+00 5.788480805790641e-12
3.161999999999960e+00 5.770217637035557e-12
3.167999999999959e+00 5.751177312163236e-12
3.173999999999959e+00 5.731415342324908e-12
3.179999999999959e+00 5.710820705218111e-12
3.185999999999959e+00 5.689393400842846e-12
3.191999999999958e+00 5.667299962652805e-12
3.197999999999958e+00 5.644373857194296e-12
3.203999999999958e+00 5.620726106769780e-12
3.209999999999958e+00 5.596356711379258e-12
3.215999999999958e+00 5.571154648720267e-12
3.221999999999957e+00 5.545175429944038e-12
3.227999999999957e+00 5.518585588504266e-12
3.233999999999957e+00 5.491218590947256e-12
3.239999999999957e+00 5.462963414970545e-12
3.245999999999956e+00 5.434042105179060e-12
3.251999999999956e+00 5.404399150421568e-12
3.257999999999956e+00 5.374034550698070e-12
3.263999999999956e+00 5.343003817159797e-12
3.269999999999956e+00 5.311140416353055e-12
3.275999999999955e+00 5.278555370580307e-12
3.281999999999955e+00 5.245359702144015e-12
3.287999999999955e+00 5.211442388741716e-12
3.293999999999955e+00 5.176747919222180e-12
3.299999999999955e+00 5.141387315887869e-12
3.305999999999954e+00 5.105305067587551e-12
3.311999999999954e+00 5.068612196623690e-12
3.317999999999954e+00 5.031197680693822e-12
3.323999999999954e+00 4.993117030949179e-12
3.329999999999953e+00 4.954314736238530e-12
3.335999999999953e+00 4.914901818864337e-12
3.341999999999953e+00 4.874822767675369e-12
3.347999999999953e+00 4.834022071520394e-12
3.353999999999953e+00 4.792610752701876e-12
3.359999999999952e+00 4.750588811219814e-12
3.365999999999952e+00 4.707900735922976e-12
3.371999999999952e+00 4.664602037962595e-12
3.377999999999952e+00 4.620637206187439e-12
3.383999999999951e+00 4.576145018475586e-12
3.389999999999951e+00 4.530931185797726e-12
3.395999999999951e+00 4.485134486031939e-12
3.401999999999951e+00 4.438727163602607e-12
3.407999999999951e+00 4.391792485236579e-12
3.413999999999950e+00 4.344219428631391e-12
3.419999999999950e+00 4.296119016089506e-12
3.425999999999950e+00 4.247352469732846e-12
3.431999999999950e+00 4.198169589741951e-12
3.437999999999950e+00 4.148237309209435e-12
3.443999999999949e+00 4.097888695042684e-12
3.449999999999949e+00 4.046957213788005e-12
3.455999999999949e+00 3.995470621021013e-12
3.461999999999949e+00 3.943428916741709e-12
3.467999999999948e+00 3.890915367676939e-12
3.473999999999948e+00 3.837902218251088e-12
3.479999999999948e+00 3.784361712888540e-12
3.485999999999948e+00 3.730266096013679e-12
3.491999999999948e+00 3.675670878777737e-12
3.497999999999947e+00 3.620659327907561e-12
3.503999999999947e+00 3.565120421100687e-12
3.509999999999947e+00 3.509165180659579e-12
3.515999999999947e+00 3.452738095433006e-12
3.521999999999947e+00 3.395839165420966e-12
3.527999999999946e+00 3.338468390623461e-12
3.533999999999946e+00 3.280653526616106e-12
3.539999999999946e+00 3.222505595701364e-12
3.545999999999946e+00 3.163844186637732e-12
3.551999999999945e+00 3.104766443939866e-12
3.557999999999945e+00 3.045300123183381e-12
3.563999999999945e+00 2.985459102156085e-12
3.569999999999945e+00 2.925215625282362e-12
3.575999999999945e+00 2.864625203713445e-12
3.581999999999944e+00 2.803660081873716e-12
3.587999999999944e+00 2.742334137550984e-12
3.593999999999944e+00 2.680564104018401e-12
3.599999999999944e+00 2.618530392517471e-12
3.605999999999943e+00 2.556135858533537e-12
3.611999999999943e+00 2.493436013217831e-12
3.617999999999943e+00 2.430389223206930e-12
3.623999999999943e+00 2.367050999652065e-12
3.629999999999943e+00 2.303449098128851e-12
3.635999999999942e+00 2.239500251910442e-12
3.641999999999942e+00 2.175308544405397e-12
3.647999999999942e+00 2.110797647780771e-12
3.653999999999942e+00 2.046085523232932e-12
3.659999999999942e+00 1.981071556800273e-12
3.665999999999941e+00 1.915835545762690e-12
3.671999999999941e+00 1.850368816502801e-12
3.677999999999941e+00 1.784641878721516e-12
3.683999999999941e+00 1.718709376208327e-12
3.689999999999940e+00 1.652568706878021e-12
3.695999999999940e+00 1.586253697838380e-12
3.701999999999940e+00 1.519728787258146e-12
3.707999999999940e+00 1.453021730712933e-12
3.713999999999940e+00 1.386148140714027e-12
3.719999999999939e+00 1.319104547814476e-12
3.725999999999939e+00 1.251963810400269e-12
3.731999999999939e+00 1.184628783956754e-12
3.737999999999939e+00 1.117141101847352e-12
3.743999999999938e+00 1.049577091905007e-12
3.749999999999938e+00 9.818951207662963e-13
3.755999999999938e+00 9.140882495373148e-13
3.761999999999938e+00 8.461842337936787e-13
3.767999999999938e+00 7.782247068988113e-13
3.773999999999937e+00 7.101957910649048e-13
3.779999999999937e+00 6.420697307163437e-13
3.785999999999937e+00 5.739159147921669e-13
3.791999999999937e+00 5.057204655045666e-13
3.797999999999937e+00 4.374695050657351e-13
3.803999999999936e+00 3.691907890512880e-13
3.809999999999936e+00 3.009120730368409e-13
3.815999999999936e+00 2.326194792345859e-13
3.821999999999936e+00 1.643268854323310e-13
3.827999999999935e+00 9.603429163007604e-14
3.833999999999935e+00 2.781108676686017e-14
3.839999999999935e+00 4.041211809635570e-14
3.845999999999935e+00 1.085798118083403e-13
3.851999999999935e+00 1.766919943690937e-13
3.857999999999934e+00 2.447764213542314e-13
3.863999999999934e+00 3.127220704612910e-13
3.869999999999934e+00 3.806677195683505e-13
3.875999999999934e+00 4.484745907973320e-13
3.881999999999934e+00 5.161981952994665e-13
3.887999999999933e+00 5.838107774991386e-13
3.893999999999933e+00 6.513123373963481e-13
3.899999999999933e+00 7.186751194154795e-13
3.905999999999933e+00 7.858991235565327e-13
3.911999999999932e+00 8.529565942438921e-13
3.917999999999932e+00 9.198752870531735e-13
3.923999999999932e+00 9.866274464087610e-13
3.929999999999932e+00 1.053213072310655e-12
3.935999999999932e+00 1.119576653607623e-12
3.941999999999931e+00 1.185773701450898e-12
3.947999999999931e+00 1.251748704689248e-12
3.953999999999931e+00 1.317529418898289e-12
3.959999999999931e+00 1.383088088502404e-12
3.965999999999930e+00 1.448396957925979e-12
3.971999999999930e+00 1.513428271593398e-12
3.977999999999930e+00 1.578237540655891e-12
3.983999999999930e+00 1.642797009537844e-12
3.989999999999930e+00 1.707078922663641e-12
3.995999999999929e+00 1.771138791184512e-12
4.001999999999930e+00 1.835143148554153e-12
4.007999999999930e+00 1.898869950167636e-12
4.013999999999930e+00 1.962319196024964e-12
4.019999999999930e+00 2.025379863823673e-12
4.025999999999931e+00 2.088162975866226e-12
4.031999999999931e+00 2.150613021001391e-12
4.037999999999931e+00 2.212674488077937e-12
4.043999999999931e+00 2.274402888247096e-12
4.049999999999931e+00 2.335742710357636e-12
4.055999999999932e+00 2.396804976712019e-12
4.061999999999932e+00 2.457367642705321e-12
4.067999999999932e+00 2.517652752942467e-12
4.073999999999932e+00 2.577382751667301e-12
4.079999999999933e+00 2.636835194635978e-12
4.085999999999933e+00 2.695899059546036e-12
4.091999999999933e+00 2.754463324095013e-12
4.097999999999933e+00 2.812583499434140e-12
4.103999999999933e+00 2.870259585563417e-12
4.109999999999934e+00 2.927547093634075e-12
4.115999999999934e+00 2.984335001343652e-12
4.121999999999934e+00 3.040734330994610e-12
4.127999999999934e+00 3.096578549133255e-12
4.133999999999935e+00 3.151978678062051e-12
4.139999999999935e+00 3.206879206629765e-12
4.145999999999935e+00 3.261280134836397e-12
4.151999999999935e+00 3.315181462681949e-12
4.157999999999936e+00 3.368583190166419e-12
4.163999999999936e+00 3.421429806138576e-12
4.169999999999936e+00 3.473776821749652e-12
4.175999999999936e+00 3.525568725848416e-12
4.181999999999936e+00 3.576861029586098e-12
4.187999999999937e+00 3.627542710660236e-12
4.193999999999937e+00 3.677724791373294e-12
4.199999999999937e+00 3.727240738271576e-12
4.205999999999937e+00 3.776257084808776e-12
4.211999999999938e+00 3.824662808682433e-12
4.217999999999938e+00 3.872568932195009e-12
4.223999999999938e+00 3.919808921892809e-12
4.229999999999938e+00 3.966549311229528e-12
4.235999999999938e+00 4.012623566751472e-12
4.241999999999939e+00 4.058087199609872e-12
4.247999999999939e+00 4.102940209804729e-12
4.253999999999939e+00 4.147071575033578e-12
4.259999999999939e+00 4.190647828750116e-12
4.265999999999940e+00 4.233613459803109e-12
4.271999999999940e+00 4.275912957041328e-12
4.277999999999940e+00 4.317601831616003e-12
4.283999999999940e+00 4.358569061224671e-12
4.289999999999941e+00 4.398925668169795e-12
4.295999999999941e+00 4.438671652451376e-12
4.301999999999941e+00 4.477640480615719e-12
4.307999999999941e+00 4.515943174965287e-12
4.313999999999941e+00 4.553635246651311e-12
4.319999999999942e+00 4.590661184522560e-12
4.325999999999942e+00 4.626854455125340e-12
4.331999999999942e+00 4.662381591913345e-12
4.337999999999942e+00 4.697242594886575e-12
4.343999999999943e+00 4.731437464045030e-12
4.349999999999943e+00 4.764855177086247e-12
4.355999999999943e+00 4.797662267463920e-12
4.361999999999943e+00 4.829692201724356e-12
4.367999999999943e+00 4.861000491018785e-12
4.373999999999944e+00 4.891587135347208e-12
4.379999999999944e+00 4.921341112407163e-12
4.385999999999944e+00 4.950484466803573e-12
4.391999999999944e+00 4.978795153931515e-12
4.397999999999945e+00 5.006439707244681e-12
4.403999999999945e+00 5.033307104440610e-12
4.409999999999945e+00 5.059397345519301e-12
4.415999999999945e+00 5.084710430480754e-12
4.421999999999946e+00 5.109246359324970e-12
4.427999999999946e+00 5.133116154354411e-12
4.433999999999946e+00 5.156153282115383e-12
4.439999999999946e+00 5.178413253759118e-12
4.445999999999946e+00 5.199840558134383e-12
4.451999999999947e+00 5.220601728694874e-12
4.457999999999947e+00 5.240530231986895e-12
4.463999999999947e+00 5.259626068010448e-12
4.469999999999947e+00 5.278000259067994e-12
4.475999999999948e+00 5.295652805159534e-12
4.481999999999948e+00 5.312417172831374e-12
4.487999999999948e+00 5.328459895537208e-12
4.493999999999948e+00 5.343669950974572e-12
4.499999999999948e+00 5.357991827992237e-12
4.505999999999949e+00 5.371592060043895e-12
4.511999999999949e+00 5.384415135978315e-12
4.517999999999949e+00 5.396405544644267e-12
4.523999999999949e+00 5.407563286041750e-12
4.529999999999950e+00 5.417943871321995e-12
4.535999999999950e+00 5.427547300485003e-12
4.541999999999950e+00 5.436318062379542e-12
4.547999999999950e+00 5.444422690459305e-12
4.553999999999951e+00 5.451528117816906e-12
4.559999999999951e+00 5.457911900208501e-12
4.565999999999951e+00 5.463407504180395e-12
4.571999999999951e+00 5.468181463186284e-12
4.577999999999951e+00 5.472122754923703e-12
4.583999999999952e+00 5.475175868241422e-12
4.589999999999952e+00 5.477451825441904e-12
4.595999999999952e+00 5.478950626525148e-12
4.601999999999952e+00 5.479561249188691e-12
4.607999999999953e+00 5.479394715734998e-12
4.613999999999953e+00 5.478451026164066e-12
4.619999999999953e+00 5.476674669324666e-12
4.625999999999953e+00 5.474065645216797e-12
4.631999999999953e+00 5.470679464991690e-12
4.637999999999954e+00 5.466405106346883e-12
4.643999999999954e+00 5.461409102736070e-12
4.649999999999954e+00 5.455524920705557e-12
4.655999999999954e+00 5.448863582557806e-12
4.661999999999955e+00 5.441369577141586e-12
4.667999999999955e+00 5.433153926759360e-12
4.673999999999955e+00 5.424105609108665e-12
4.679999999999955e+00 5.414224624189501e-12
4.685999999999956e+00 5.403399949699406e-12
4.691999999999956e+00 5.392020163696998e-12
4.697999999999956e+00 5.379641176972427e-12
4.703999999999956e+00 5.366596056433082e-12
4.709999999999956e+00 5.352662757474036e-12
4.715999999999957e+00 5.338007813548984e-12
4.721999999999957e+00 5.322464691204232e-12
4.727999999999957e+00 5.306255435044704e-12
4.733999999999957e+00 5.289158000465477e-12
4.739999999999958e+00 5.271394432071475e-12
4.745999999999958e+00 5.252742685257772e-12
4.751999999999958e+00 5.233424804629294e-12
4.757999999999958e+00 5.213163234429885e-12
4.763999999999958e+00 5.192235530415701e-12
4.769999999999959e+00 5.170530670284279e-12
4.775999999999959e+00 5.147937631733157e-12
4.781999999999959e+00 5.124733970518491e-12
4.787999999999959e+00 5.100697642035357e-12
4.793999999999960e+00 5.075939668586216e-12
4.799999999999960e+00 5.050349027868606e-12
4.805999999999960e+00 5.024147764487452e-12
4.811999999999960e+00 4.997169344989061e-12
4.817999999999961e+00 4.969358258222201e-12
4.823999999999961e+00 4.940881037640565e-12
4.829999999999961e+00 4.911626660941693e-12
4.835999999999961e+00 4.881650639276813e-12
4.841999999999961e+00 4.850952972645928e-12
4.847999999999962e+00 4.819589172200267e-12
4.853999999999962e+00 4.787448215637369e-12
4.859999999999962e+00 4.754585614108464e-12
4.865999999999962e+00 4.721056878764784e-12
4.871999999999963e+00 4.686806498455098e-12
4.877999999999963e+00 4.651945495481868e-12
4.883999999999963e+00 4.616251825240170e-12
4.889999999999963e+00 4.579947532334927e-12
4.895999999999963e+00 4.542921594463678e-12
4.901999999999964e+00 4.505229522777654e-12
4.907999999999964e+00 4.466871317276855e-12
4.913999999999964e+00 4.427846977961281e-12
4.919999999999964e+00 4.388212015982162e-12
4.925999999999965e+00 4.347855409037038e-12
4.931999999999965e+00 4.306943690579601e-12
4.937999999999965e+00 4.265254816004926e-12
4.943999999999965e+00 4.223010829917939e-12
4.949999999999966e+00 4.180156221167408e-12
4.955999999999966e+00 4.136690989753333e-12
4.961999999999966e+00 4.092670646826946e-12
4.967999999999966e+00 4.047928658934552e-12
4.973999999999966e+00 4.002603803954230e-12
4.979999999999967e+00 3.956640570734749e-12
4.985999999999967e+00 3.910205492729801e-12
4.991999999999967e+00 3.863076525334463e-12
4.997999999999967e+00 3.815420202002429e-12
5.003999999999968e+00 3.767181011582466e-12
5.009999999999968e+00 3.718469976377037e-12
5.015999999999968e+00 3.669148318508064e-12
5.021999999999968e+00 3.619216037975548e-12
5.027999999999968e+00 3.568728645930719e-12
5.033999999999969e+00 3.517797164676040e-12
5.039999999999969e+00 3.466393838635895e-12
5.045999999999969e+00 3.414296623205360e-12
5.051999999999969e+00 3.361810829716205e-12
5.057999999999970e+00 3.308769924714738e-12
5.063999999999970e+00 3.255284930503421e-12
5.069999999999970e+00 3.201300335931023e-12
5.075999999999970e+00 3.146816140997544e-12
5.081999999999971e+00 3.091860101278598e-12
5.087999999999971e+00 3.036459972349803e-12
5.093999999999971e+00 2.980560243059927e-12
5.099999999999971e+00 2.924244180135815e-12
5.105999999999971e+00 2.867456272426239e-12
5.111999999999972e+00 2.810307542233659e-12
5.117999999999972e+00 2.752714722831229e-12
5.123999999999972e+00 2.694677814218949e-12
5.129999999999972e+00 2.636293960911473e-12
5.135999999999973e+00 2.577438262818532e-12
5.141999999999973e+00 2.518221742242588e-12
5.147999999999973e+00 2.458644399183640e-12
5.153999999999973e+00 2.398650722490459e-12
5.159999999999973e+00 2.338337856677697e-12
5.165999999999974e+00 2.277650290594124e-12
5.171999999999974e+00 2.216601902027548e-12
5.177999999999974e+00 2.155220446553585e-12
5.183999999999974e+00 2.093575313111273e-12
5.189999999999975e+00 2.031541601610343e-12
5.195999999999975e+00 1.969216456565448e-12
5.201999999999975e+00 1.906613755764397e-12
5.207999999999975e+00 1.843740438101094e-12
5.213999999999976e+00 1.780499359060883e-12
5.219999999999976e+00 1.717063990991363e-12
5.225999999999976e+00 1.653351067165687e-12
5.231999999999976e+00 1.589353648689951e-12
5.237999999999976e+00 1.525141124503193e-12
5.243999999999977e+00 1.460689208476751e-12
5.249999999999977e+00 1.395956267247200e-12
5.255999999999977e+00 1.331065466181336e-12
5.261999999999977e+00 1.265934405914049e-12
5.267999999999978e+00 1.200644184767841e-12
5.273999999999978e+00 1.135135388463659e-12
5.279999999999978e+00 1.069457022939702e-12
5.285999999999978e+00 1.003620797579430e-12
5.291999999999978e+00 9.376180387654642e-13
5.297999999999979e+00 8.714452770508530e-13
5.303999999999979e+00 8.051476152459713e-13
5.309999999999979e+00 7.386868894343479e-13
5.315999999999979e+00 6.721151413202620e-13
5.321999999999980e+00 6.054601264793291e-13
5.327999999999980e+00 5.386940893359338e-13
5.333999999999980e+00 4.718586632534993e-13
5.339999999999980e+00 4.049122148686024e-13
5.345999999999981e+00 3.378963775446664e-13
5.351999999999981e+00 2.707833957060757e-13
5.357999999999981e+00 2.036565360796772e-13
5.363999999999981e+00 1.364741653020474e-13
5.369999999999981e+00 6.925016116099414e-14
5.375999999999982e+00 2.040034807748725e-15
5.381999999999982e+00 6.522560269672795e-14
5.387999999999982e+00 1.324634846255890e-13
5.393999999999982e+00 1.997429999178735e-13
5.399999999999983e+00 2.669808818467345e-13
5.405999999999983e+00 3.341771304121721e-13
5.411999999999983e+00 4.013733789776097e-13
5.417999999999983e+00 4.684863608162004e-13
5.423999999999984e+00 5.355993426547911e-13
5.429999999999984e+00 6.026013021909193e-13
5.435999999999984e+00 6.695477505758163e-13
5.441999999999984e+00 7.364109322338663e-13
5.447999999999984e+00 8.031908471650695e-13
5.453999999999985e+00 8.698597397938101e-13
5.459999999999985e+00 9.364176101200883e-13
5.465999999999985e+00 1.002864458143904e-12
5.471999999999985e+00 1.069200283865257e-12
5.477999999999986e+00 1.135314064981685e-12
5.483999999999986e+00 1.201344579371266e-12
5.489999999999986e+00 1.267208560307154e-12
5.495999999999986e+00 1.332906007789347e-12
5.501999999999986e+00 1.398409166242232e-12
5.507999999999987e+00 1.463718035665806e-12
5.513999999999987e+00 1.528832616060072e-12
5.519999999999987e+00 1.593780663000643e-12
5.525999999999987e+00 1.658478909760674e-12
5.531999999999988e+00 1.722955111915780e-12
5.537999999999988e+00 1.787209269465961e-12
5.543999999999988e+00 1.851185871259986e-12
5.549999999999988e+00 1.914940428449086e-12
5.555999999999989e+00 1.978417429882029e-12
5.561999999999989e+00 2.041616875558816e-12
5.567999999999989e+00 2.104483254328215e-12
5.573999999999989e+00 2.167155344068306e-12
5.579999999999989e+00 2.229494366901008e-12
5.585999999999990e+00 2.291555833977554e-12
5.591999999999990e+00 2.353284234146713e-12
5.597999999999990e+00 2.414679567408484e-12
5.603999999999990e+00 2.475686322611637e-12
5.609999999999991e+00 2.536415522058633e-12
5.615999999999991e+00 2.596756143447010e-12
5.621999999999991e+00 2.656763697928000e-12
5.627999999999991e+00 2.716327163199139e-12
5.633999999999991e+00 2.775613072714123e-12
5.639999999999992e+00 2.834399381868025e-12
5.645999999999992e+00 2.892797112963308e-12
5.651999999999992e+00 2.950972799453666e-12
5.657999999999992e+00 3.008537863280480e-12
5.663999999999993e+00 3.065769860199907e-12
5.669999999999993e+00 3.122557767909484e-12
5.675999999999993e+00 3.178901586409211e-12
5.681999999999993e+00 3.234801315699087e-12
5.687999999999994e+00 3.290201444627883e-12
5.693999999999994e+00 3.345212995498059e-12
5.699999999999994e+00 3.399669434855923e-12
5.705999999999994e+00 3.453737296155168e-12
5.711999999999994e+00 3.507305557093332e-12
5.717999999999995e+00 3.560374217670415e-12
5.723999999999995e+00 3.612887766735184e-12
5.729999999999995e+00 3.664957226590104e-12
5.735999999999995e+00 3.716471574932712e-12
5.741999999999996e+00 3.767486322914237e-12
5.747999999999996e+00 3.817945959383451e-12
5.753999999999996e+00 3.867850484340352e-12
5.759999999999996e+00 3.917199897784940e-12
5.765999999999996e+00 3.966105222019678e-12
5.771999999999997e+00 4.014399923590872e-12
5.777999999999997e+00 4.062084002498523e-12
5.783999999999997e+00 4.109212969893861e-12
5.789999999999997e+00 4.155786825776886e-12
5.795999999999998e+00 4.201750058996367e-12
5.801999999999998e+00 4.247102669552305e-12
5.807999999999998e+00 4.291844657444699e-12
5.813999999999998e+00 4.335976022673549e-12
5.819999999999999e+00 4.379607787541318e-12
5.825999999999999e+00 4.422462396291849e-12
5.831999999999999e+00 4.464817404681298e-12
5.837999999999999e+00 4.506450768104742e-12
5.843999999999999e+00 4.547473508864641e-12
5.850000000000000e+00 4.587885626960997e-12
5.856000000000000e+00 4.627631611242577e-12
5.862000000000000e+00 4.666711461709383e-12
5.868000000000000e+00 4.705125178361413e-12
5.874000000000001e+00 4.742761738896206e-12
5.880000000000001e+00 4.779954210221149e-12
5.886000000000001e+00 4.816258503126392e-12
5.892000000000001e+00 4.852007684519322e-12
5.898000000000001e+00 4.887090732097477e-12
5.904000000000002e+00 4.921396623558394e-12
5.910000000000002e+00 4.955091892355767e-12
5.916000000000002e+00 4.988010005035903e-12
5.922000000000002e+00 5.020206472750033e-12
5.928000000000003e+00 5.051736806649387e-12
5.934000000000003e+00 5.082601006733967e-12
5.940000000000003e+00 5.112521517247615e-12
5.946000000000003e+00 5.141886916248950e-12
5.952000000000004e+00 5.170475159133048e-12
5.958000000000004e+00 5.198397268202370e-12
5.964000000000004e+00 5.225431198851993e-12
5.970000000000004e+00 5.251854506838072e-12
5.976000000000004e+00 5.277556169858144e-12
5.982000000000005e+00 5.302480676760979e-12
5.988000000000005e+00 5.326572516395345e-12
5.994000000000005e+00 5.349887199912473e-12
