0.000000000000000e+00 0.000000000000000e+00
6.000000000000000e-03 3.250350700395588e-10
1.200000000000000e-02 1.948592578959740e-09
1.800000000000000e-02 4.865243284635223e-09
2.400000000000000e-02 9.069387331417378e-09
3.000000000000000e-02 1.455525538290869e-08
3.600000000000000e-02 2.131690904350059e-08
4.200000000000000e-02 2.934824210043541e-08
4.799999999999999e-02 3.864298091238449e-08
5.399999999999999e-02 4.919468578334918e-08
5.999999999999999e-02 6.099675160797791e-08
6.599999999999999e-02 7.404240900954484e-08
7.199999999999999e-02 8.832472500608368e-08
7.800000000000000e-02 1.038366041761218e-07
8.400000000000001e-02 1.205707901019704e-07
9.000000000000001e-02 1.385198654668685e-07
9.600000000000002e-02 1.576762539423626e-07
1.020000000000000e-01 1.780322208544405e-07
1.080000000000000e-01 1.995798746823318e-07
1.140000000000000e-01 2.223111674470868e-07
1.200000000000000e-01 2.462178966822215e-07
1.260000000000000e-01 2.712917061553632e-07
1.320000000000000e-01 2.975240872837848e-07
1.380000000000000e-01 3.249063798005380e-07
1.440000000000000e-01 3.534297738916337e-07
1.500000000000000e-01 3.830853106956411e-07
1.560000000000001e-01 4.138638839412678e-07
1.620000000000001e-01 4.457562413073823e-07
1.680000000000001e-01 4.787529853667039e-07
1.740000000000001e-01 5.128445751956257e-07
1.800000000000001e-01 5.480213278175050e-07
1.860000000000001e-01 5.842734193128862e-07
1.920000000000001e-01 6.215908864848352e-07
1.980000000000001e-01 6.599636282467181e-07
2.040000000000001e-01 6.993814068989579e-07
2.100000000000001e-01 7.398338495168133e-07
2.160000000000001e-01 7.813104496712242e-07
2.220000000000001e-01 8.238005690386352e-07
2.280000000000001e-01 8.672934382891739e-07
2.340000000000001e-01 9.117781594736307e-07
2.400000000000001e-01 9.572437070781703e-07
2.460000000000001e-01 1.003678929356600e-06
2.520000000000001e-01 1.051072550384280e-06
2.580000000000001e-01 1.099413171723462e-06
2.640000000000001e-01 1.148689273700043e-06
2.700000000000001e-01 1.198889216791343e-06
2.760000000000001e-01 1.250001244346155e-06
2.820000000000001e-01 1.302013482917808e-06
2.880000000000001e-01 1.354913945206260e-06
2.940000000000002e-01 1.408690530446677e-06
3.000000000000002e-01 1.463331027351522e-06
3.060000000000002e-01 1.518823115775891e-06
3.120000000000002e-01 1.575154366939557e-06
3.180000000000002e-01 1.632312247146217e-06
3.240000000000002e-01 1.690284118671670e-06
3.300000000000002e-01 1.749057240929552e-06
3.360000000000002e-01 1.808618773746495e-06
3.420000000000002e-01 1.868955777806214e-06
3.480000000000002e-01 1.930055217980176e-06
3.540000000000002e-01 1.991903963105557e-06
3.600000000000002e-01 2.054488789982045e-06
3.660000000000002e-01 2.117796383815929e-06
3.720000000000002e-01 2.181813340662586e-06
3.780000000000002e-01 2.246526169646934e-06
3.840000000000002e-01 2.311921293962627e-06
3.900000000000002e-01 2.377985053758636e-06
3.960000000000002e-01 2.444703707582541e-06
4.020000000000002e-01 2.512063434156886e-06
4.080000000000003e-01 2.580050334932693e-06
4.140000000000003e-01 2.648650435865818e-06
4.200000000000003e-01 2.717849688749219e-06
4.260000000000003e-01 2.787633974432602e-06
4.320000000000003e-01 2.857989103488556e-06
4.380000000000003e-01 2.928900819432201e-06
4.440000000000003e-01 3.000354799609362e-06
4.500000000000003e-01 3.072336658638264e-06
4.560000000000003e-01 3.144831948520554e-06
4.620000000000003e-01 3.217826162971171e-06
4.680000000000003e-01 3.291304737640388e-06
4.740000000000003e-01 3.365253053000394e-06
4.800000000000003e-01 3.439656436454719e-06
4.860000000000003e-01 3.514500163892542e-06
4.920000000000003e-01 3.589769462464254e-06
4.980000000000003e-01 3.665449512357810e-06
5.040000000000003e-01 3.741525448575089e-06
5.100000000000003e-01 3.817982363707451e-06
5.160000000000003e-01 3.894805309601068e-06
5.220000000000004e-01 3.971979300132489e-06
5.280000000000004e-01 4.049489311430676e-06
5.340000000000004e-01 4.127320286873015e-06
5.400000000000004e-01 4.205457136863266e-06
5.460000000000004e-01 4.283884742162236e-06
5.520000000000004e-01 4.362587955664132e-06
5.580000000000004e-01 4.441551604728033e-06
5.640000000000004e-01 4.520760492843223e-06
5.700000000000004e-01 4.600199402737815e-06
5.760000000000004e-01 4.679853097266928e-06
5.820000000000004e-01 4.759706322854385e-06
5.880000000000004e-01 4.839743810824970e-06
5.940000000000004e-01 4.919950279957952e-06
6.000000000000004e-01 5.000310438041389e-06
6.060000000000004e-01 5.080808984980756e-06
6.120000000000004e-01 5.161430614686324e-06
6.180000000000004e-01 5.242160016627473e-06
6.240000000000004e-01 5.322981878386202e-06
6.300000000000004e-01 5.403880888543711e-06
6.360000000000005e-01 5.484841737235513e-06
6.420000000000005e-01 5.565849120259259e-06
6.480000000000005e-01 5.646887739518824e-06
6.540000000000005e-01 5.727942306577027e-06
6.600000000000005e-01 5.808997543876870e-06
6.660000000000005e-01 5.890038187073010e-06
6.720000000000005e-01 5.971048987696292e-06
6.780000000000005e-01 6.052014714819087e-06
6.840000000000005e-01 6.132920157386756e-06
6.900000000000005e-01 6.213750126438100e-06
6.960000000000005e-01 6.294489456992736e-06
7.020000000000005e-01 6.375123010826655e-06
7.080000000000005e-01 6.455635677582450e-06
7.140000000000005e-01 6.536012377877931e-06
7.200000000000005e-01 6.616238065304536e-06
7.260000000000005e-01 6.696297727981637e-06
7.320000000000005e-01 6.776176390999034e-06
7.380000000000005e-01 6.855859118970464e-06
7.440000000000005e-01 6.935331017587920e-06
7.500000000000006e-01 7.014577235731068e-06
7.560000000000006e-01 7.093582967798717e-06
7.620000000000006e-01 7.172333456040292e-06
7.680000000000006e-01 7.250813992554228e-06
7.740000000000006e-01 7.329009920176155e-06
7.800000000000006e-01 7.406906636586719e-06
7.860000000000006e-01 7.484489595088739e-06
7.920000000000006e-01 7.561744306605611e-06
7.980000000000006e-01 7.638656342567884e-06
8.040000000000006e-01 7.715211336356553e-06
8.100000000000006e-01 7.791394984968392e-06
8.160000000000006e-01 7.867193052124577e-06
8.220000000000006e-01 7.942591369380914e-06
8.280000000000006e-01 8.017575838459301e-06
8.340000000000006e-01 8.092132433357158e-06
8.400000000000006e-01 8.166247201901733e-06
8.460000000000006e-01 8.239906268081576e-06
8.520000000000006e-01 8.313095834266981e-06
8.580000000000007e-01 8.385802182653279e-06
8.640000000000007e-01 8.458011677370258e-06
8.700000000000007e-01 8.529710766147502e-06
8.760000000000007e-01 8.600885982978923e-06
8.820000000000007e-01 8.671523949455029e-06
8.880000000000007e-01 8.741611376539282e-06
8.940000000000007e-01 8.811135066677522e-06
9.000000000000007e-01 8.880081916240457e-06
9.060000000000007e-01 8.948438915856727e-06
9.120000000000007e-01 9.016193153965624e-06
9.180000000000007e-01 9.083331817372198e-06
9.240000000000007e-01 9.149842194022817e-06
9.300000000000007e-01 9.215711673893345e-06
9.360000000000007e-01 9.280927751320611e-06
9.420000000000007e-01 9.345478027000809e-06
9.480000000000007e-01 9.409350208600120e-06
9.540000000000007e-01 9.472532114140897e-06
9.600000000000007e-01 9.535011672279214e-06
9.660000000000007e-01 9.596776925246964e-06
9.720000000000008e-01 9.657816029129407e-06
9.780000000000008e-01 9.718117256418690e-06
9.840000000000008e-01 9.777668998123268e-06
9.900000000000008e-01 9.836459764211991e-06
9.960000000000008e-01 9.894478186167621e-06
1.002000000000001e+00 9.951713018430119e-06
1.008000000000001e+00 1.000815313900727e-05
1.014000000000001e+00 1.006378755258330e-05
1.020000000000001e+00 1.011860539146259e-05
1.026000000000001e+00 1.017259591629127e-05
1.032000000000001e+00 1.022574851888836e-05
1.038000000000001e+00 1.027805272274529e-05
1.044000000000001e+00 1.032949818485784e-05
1.050000000000001e+00 1.038007469755797e-05
1.056000000000001e+00 1.042977218906893e-05
1.062000000000001e+00 1.047858072561469e-05
1.068000000000001e+00 1.052649051275223e-05
1.074000000000001e+00 1.057349189642620e-05
1.080000000000001e+00 1.061957536468983e-05
1.086000000000001e+00 1.066473154881509e-05
1.092000000000001e+00 1.070895122451399e-05
1.098000000000001e+00 1.075222531365938e-05
1.104000000000001e+00 1.079454488489562e-05
1.110000000000001e+00 1.083590115574795e-05
1.116000000000001e+00 1.087628549290010e-05
1.122000000000001e+00 1.091568941410936e-05
1.128000000000001e+00 1.095410458931689e-05
1.134000000000001e+00 1.099152284125826e-05
1.140000000000001e+00 1.102793614740638e-05
1.146000000000001e+00 1.106333664044334e-05
1.152000000000001e+00 1.109771660962044e-05
1.158000000000001e+00 1.113106850220147e-05
1.164000000000001e+00 1.116338492365698e-05
1.170000000000001e+00 1.119465863907987e-05
1.176000000000001e+00 1.122488257496168e-05
1.182000000000001e+00 1.125404981885958e-05
1.188000000000001e+00 1.128215362117269e-05
1.194000000000001e+00 1.130918739619680e-05
1.200000000000001e+00 1.133514472248520e-05
1.206000000000001e+00 1.136001934398667e-05
1.212000000000001e+00 1.138380517082260e-05
1.218000000000001e+00 1.140649628074419e-05
1.224000000000001e+00 1.142808691892427e-05
1.230000000000001e+00 1.144857149940059e-05
1.236000000000001e+00 1.146794460583911e-05
1.242000000000001e+00 1.148620099206132e-05
1.248000000000001e+00 1.150333558303657e-05
1.254000000000001e+00 1.151934347507627e-05
1.260000000000001e+00 1.153421993703788e-05
1.266000000000001e+00 1.154796041091810e-05
1.272000000000001e+00 1.156056051204724e-05
1.278000000000001e+00 1.157201603005711e-05
1.284000000000001e+00 1.158232292940327e-05
1.290000000000001e+00 1.159147734997035e-05
1.296000000000001e+00 1.159947560729763e-05
1.302000000000001e+00 1.160631419341168e-05
1.308000000000001e+00 1.161198977709527e-05
1.314000000000001e+00 1.161649920453089e-05
1.320000000000001e+00 1.161983949940493e-05
1.326000000000001e+00 1.162200786347656e-05
1.332000000000001e+00 1.162300167725783e-05
1.338000000000001e+00 1.162281849978464e-05
1.344000000000001e+00 1.162145606921350e-05
1.350000000000001e+00 1.161891230341827e-05
1.356000000000001e+00 1.161518529951833e-05
1.362000000000001e+00 1.161027333476672e-05
1.368000000000001e+00 1.160417486653631e-05
1.374000000000001e+00 1.159688853274998e-05
1.380000000000001e+00 1.158841315138104e-05
1.386000000000001e+00 1.157874772123035e-05
1.392000000000001e+00 1.156789142206516e-05
1.398000000000001e+00 1.155584361406392e-05
1.404000000000001e+00 1.154260383853800e-05
1.410000000000001e+00 1.152817181762633e-05
1.416000000000001e+00 1.151254745448971e-05
1.422000000000001e+00 1.149573083314426e-05
1.428000000000001e+00 1.147772221843368e-05
1.434000000000001e+00 1.145852205586273e-05
1.440000000000001e+00 1.143813097187474e-05
1.446000000000001e+00 1.141654977343531e-05
1.452000000000001e+00 1.139377944786579e-05
1.458000000000001e+00 1.136982116262120e-05
1.464000000000001e+00 1.134467626545677e-05
1.470000000000001e+00 1.131834628381734e-05
1.476000000000001e+00 1.129083292467081e-05
1.482000000000001e+00 1.126213807434162e-05
1.488000000000001e+00 1.123226379806663e-05
1.494000000000001e+00 1.120121233993965e-05
1.500000000000001e+00 1.116898612207873e-05
1.506000000000001e+00 1.113558774479273e-05
1.512000000000001e+00 1.110101998585966e-05
1.518000000000001e+00 1.106528579986055e-05
1.524000000000001e+00 1.102838831829045e-05
1.530000000000001e+00 1.099033084889234e-05
1.536000000000001e+00 1.095111687471340e-05
1.542000000000001e+00 1.091075005410502e-05
1.548000000000001e+00 1.086923421994568e-05
1.554000000000001e+00 1.082657337908577e-05
1.560000000000001e+00 1.078277171179254e-05
1.566000000000001e+00 1.073783357091740e-05
1.572000000000001e+00 1.069176348139633e-05
1.578000000000001e+00 1.064456613980580e-05
1.584000000000001e+00 1.059624641308599e-05
1.590000000000001e+00 1.054680933820773e-05
1.596000000000001e+00 1.049626012150640e-05
1.602000000000001e+00 1.044460413746062e-05
1.608000000000001e+00 1.039184692830375e-05
1.614000000000001e+00 1.033799420313564e-05
1.620000000000001e+00 1.028305183692346e-05
1.626000000000001e+00 1.022702586939150e-05
1.632000000000001e+00 1.016992250491011e-05
1.638000000000001e+00 1.011174811060833e-05
1.644000000000001e+00 1.005250921648493e-05
1.650000000000001e+00 9.992212513076915e-06
1.656000000000001e+00 9.930864851903642e-06
1.662000000000001e+00 9.868473243468401e-06
1.668000000000001e+00 9.805044856481260e-06
1.674000000000001e+00 9.740587017081914e-06
1.680000000000001e+00 9.675107207396394e-06
1.686000000000001e+00 9.608613064537863e-06
1.692000000000001e+00 9.541112379607419e-06
1.698000000000001e+00 9.472613096361826e-06
1.704000000000001e+00 9.403123309881245e-06
1.710000000000001e+00 9.332651266014125e-06
1.716000000000001e+00 9.261205359489821e-06
1.722000000000001e+00 9.188794133141442e-06
1.728000000000001e+00 9.115426276240512e-06
1.734000000000001e+00 9.041110623497772e-06
1.740000000000001e+00 8.965856153508867e-06
1.746000000000001e+00 8.889671988199233e-06
1.752000000000001e+00 8.812567390159565e-06
1.758000000000001e+00 8.734551762423770e-06
1.764000000000001e+00 8.655634646692612e-06
1.770000000000001e+00 8.575825721890418e-06
1.776000000000001e+00 8.495134802499749e-06
1.782000000000001e+00 8.413571837784239e-06
1.788000000000001e+00 8.331146909679177e-06
1.794000000000001e+00 8.247870231681276e-06
1.800000000000001e+00 8.163752147072323e-06
1.806000000000001e+00 8.078803127808953e-06
1.812000000000001e+00 7.993033772524250e-06
1.818000000000001e+00 7.906454805528540e-06
1.824000000000001e+00 7.819077074366909e-06
1.830000000000001e+00 7.730911549264086e-06
1.836000000000001e+00 7.641969320903996e-06
1.842000000000001e+00 7.552261598431365e-06
1.848000000000001e+00 7.461799709118644e-06
1.854000000000001e+00 7.370595095257393e-06
1.860000000000001e+00 7.278659313381119e-06
1.866000000000001e+00 7.186004032155857e-06
1.872000000000001e+00 7.092641030936875e-06
1.878000000000001e+00 6.998582197881298e-06
1.884000000000001e+00 6.903839528504818e-06
1.890000000000001e+00 6.808425123239203e-06
1.896000000000001e+00 6.712351186100030e-06
1.902000000000001e+00 6.615630023576458e-06
1.908000000000001e+00 6.518274041189542e-06
1.914000000000001e+00 6.420295743381210e-06
1.920000000000001e+00 6.321707730960746e-06
1.926000000000001e+00 6.222522698662303e-06
1.932000000000001e+00 6.122753434367745e-06
1.938000000000001e+00 6.022412816886202e-06
1.944000000000002e+00 5.921513813733625e-06
1.950000000000002e+00 5.820069478912338e-06
1.956000000000002e+00 5.718092952466947e-06
1.962000000000002e+00 5.615597457375721e-06
1.968000000000002e+00 5.512596297441164e-06
1.974000000000002e+00 5.409102856068770e-06
1.980000000000002e+00 5.305130594157603e-06
1.986000000000002e+00 5.200693047990868e-06
1.992000000000002e+00 5.095803827348533e-06
1.998000000000002e+00 4.990476613064843e-06
2.004000000000001e+00 4.884725155918090e-06
2.010000000000001e+00 4.778563273855063e-06
2.016000000000001e+00 4.672004850547751e-06
2.022000000000001e+00 4.565063832617788e-06
2.028000000000000e+00 4.457754228415212e-06
2.034000000000000e+00 4.350090105353921e-06
2.040000000000000e+00 4.242085588468392e-06
2.046000000000000e+00 4.133754857860161e-06
2.052000000000000e+00 4.025112146588405e-06
2.057999999999999e+00 3.916171739226648e-06
2.063999999999999e+00 3.806947968976182e-06
2.069999999999999e+00 3.697455216333800e-06
2.075999999999999e+00 3.587707905983173e-06
2.081999999999999e+00 3.477720505906667e-06
2.087999999999998e+00 3.367507524609792e-06
2.093999999999998e+00 3.257083508789727e-06
2.099999999999998e+00 3.146463041892034e-06
2.105999999999998e+00 3.035660741224078e-06
2.111999999999997e+00 2.924691256511736e-06
2.117999999999997e+00 2.813569267567928e-06
2.123999999999997e+00 2.702309481628085e-06
2.129999999999997e+00 2.590926631906854e-06
2.135999999999997e+00 2.479435475377656e-06
2.141999999999996e+00 2.367850789997128e-06
2.147999999999996e+00 2.256187373261831e-06
2.153999999999996e+00 2.144460039654739e-06
2.159999999999996e+00 2.032683618868880e-06
2.165999999999995e+00 1.920872952920760e-06
2.171999999999995e+00 1.809042894929114e-06
2.177999999999995e+00 1.697208306117304e-06
2.183999999999995e+00 1.585384054259009e-06
2.189999999999995e+00 1.473585011457779e-06
2.195999999999994e+00 1.361826051038406e-06
2.201999999999994e+00 1.250122047102842e-06
2.207999999999994e+00 1.138487870644411e-06
2.213999999999994e+00 1.026938388548615e-06
2.219999999999994e+00 9.154884605955260e-07
2.225999999999993e+00 8.041529384605894e-07
2.231999999999993e+00 6.929466622729308e-07
2.237999999999993e+00 5.818844589500216e-07
2.243999999999993e+00 4.709811401992781e-07
2.249999999999992e+00 3.602515007417040e-07
2.255999999999992e+00 2.497103146481550e-07
2.261999999999992e+00 1.393723352283160e-07
2.267999999999992e+00 2.925229125594342e-08
2.273999999999992e+00 8.063511436340320e-08
2.279999999999991e+00 1.902752070348512e-07
2.285999999999991e+00 2.996533422505721e-07
2.291999999999991e+00 4.087549083653386e-07
2.297999999999991e+00 5.175653279287928e-07
2.303999999999991e+00 6.260700607940706e-07
2.309999999999990e+00 7.342546046729126e-07
2.315999999999990e+00 8.421044991324678e-07
2.321999999999990e+00 9.496053265944937e-07
2.327999999999990e+00 1.056742714111714e-06
2.333999999999989e+00 1.163502336698485e-06
2.339999999999989e+00 1.269869918107958e-06
2.345999999999989e+00 1.375831234051716e-06
2.351999999999989e+00 1.481372112976942e-06
2.357999999999989e+00 1.586478439841166e-06
2.363999999999988e+00 1.691136155890227e-06
2.369999999999988e+00 1.795331263321209e-06
2.375999999999988e+00 1.899049825393462e-06
2.381999999999988e+00 2.002277968760069e-06
2.387999999999987e+00 2.105001886243407e-06
2.393999999999987e+00 2.207207838278435e-06
2.399999999999987e+00 2.308882154911096e-06
2.405999999999987e+00 2.410011238240806e-06
2.411999999999987e+00 2.510581563419656e-06
2.417999999999986e+00 2.610579681872061e-06
2.423999999999986e+00 2.709992222404978e-06
2.429999999999986e+00 2.808805893206312e-06
2.435999999999986e+00 2.907007484065360e-06
2.441999999999986e+00 3.004583868482236e-06
2.447999999999985e+00 3.101522004778090e-06
2.453999999999985e+00 3.197808938870672e-06
2.459999999999985e+00 3.293431805717617e-06
2.465999999999985e+00 3.388377831314848e-06
2.471999999999984e+00 3.482634334250889e-06
2.477999999999984e+00 3.576188727927310e-06
2.483999999999984e+00 3.669028522335083e-06
2.489999999999984e+00 3.761141325497874e-06
2.495999999999984e+00 3.852514846358623e-06
2.501999999999983e+00 3.943136895001587e-06
2.507999999999983e+00 4.032995385094829e-06
2.513999999999983e+00 4.122078336665780e-06
2.519999999999983e+00 4.210373876323281e-06
2.525999999999982e+00 4.297870239478030e-06
2.531999999999982e+00 4.384555772674048e-06
2.537999999999982e+00 4.470418934476861e-06
2.543999999999982e+00 4.555448297471898e-06
2.549999999999982e+00 4.639632550373918e-06
2.555999999999981e+00 4.722960498582118e-06
2.561999999999981e+00 4.805421066622628e-06
2.567999999999981e+00 4.887003300257931e-06
2.573999999999981e+00 4.967696366708907e-06
2.579999999999981e+00 5.047489556986307e-06
2.585999999999980e+00 5.126372287778125e-06
2.591999999999980e+00 5.204334102448804e-06
2.597999999999980e+00 5.281364673037636e-06
2.603999999999980e+00 5.357453800924894e-06
2.609999999999979e+00 5.432591418941257e-06
2.615999999999979e+00 5.506767593366213e-06
2.621999999999979e+00 5.579972524261123e-06
2.627999999999979e+00 5.652196547245580e-06
2.633999999999979e+00 5.723430135884389e-06
2.639999999999978e+00 5.793663901354495e-06
2.645999999999978e+00 5.862888595220550e-06
2.651999999999978e+00 5.931095110156548e-06
2.657999999999978e+00 5.998274481444632e-06
2.663999999999977e+00 6.064417888140827e-06
2.669999999999977e+00 6.129516654684863e-06
2.675999999999977e+00 6.193562251732843e-06
2.681999999999977e+00 6.256546297767063e-06
2.687999999999977e+00 6.318460560150729e-06
2.693999999999976e+00 6.379296956127156e-06
2.699999999999976e+00 6.439047554485100e-06
2.705999999999976e+00 6.497704576502450e-06
2.711999999999976e+00 6.555260397000939e-06
2.717999999999976e+00 6.611707545012280e-06
2.723999999999975e+00 6.667038706276163e-06
2.729999999999975e+00 6.721246722685148e-06
2.735999999999975e+00 6.774324594061021e-06
2.741999999999975e+00 6.826265479709104e-06
2.747999999999974e+00 6.877062698140701e-06
2.753999999999974e+00 6.926709729515590e-06
2.759999999999974e+00 6.975200215197930e-06
2.765999999999974e+00 7.022527959921199e-06
2.771999999999974e+00 7.068686931566148e-06
2.777999999999973e+00 7.113671263159205e-06
2.783999999999973e+00 7.157475252650425e-06
2.789999999999973e+00 7.200093364995164e-06
2.795999999999973e+00 7.241520231404674e-06
2.801999999999973e+00 7.281750651649821e-06
2.807999999999972e+00 7.320779593894544e-06
2.813999999999972e+00 7.358602195528530e-06
2.819999999999972e+00 7.395213764499475e-06
2.825999999999972e+00 7.430609779313091e-06
2.831999999999971e+00 7.464785889726988e-06
2.837999999999971e+00 7.497737918193970e-06
2.843999999999971e+00 7.529461859334674e-06
2.849999999999971e+00 7.559953881297599e-06
2.855999999999971e+00 7.589210326341966e-06
2.861999999999970e+00 7.617227710782215e-06
2.867999999999970e+00 7.644002726209242e-06
2.873999999999970e+00 7.669532239545918e-06
2.879999999999970e+00 7.693813293491170e-06
2.885999999999969e+00 7.716843107352656e-06
2.891999999999969e+00 7.738619077060638e-06
2.897999999999969e+00 7.759138775646768e-06
2.903999999999969e+00 7.778399953917159e-06
2.909999999999969e+00 7.796400540126258e-06
2.915999999999968e+00 7.813138641191153e-06
2.921999999999968e+00 7.828612542004620e-06
2.927999999999968e+00 7.842820706661577e-06
2.933999999999968e+00 7.855761777853659e-06
2.939999999999968e+00 7.867434577708832e-06
2.945999999999967e+00 7.877838107427093e-06
2.951999999999967e+00 7.886971547937938e-06
2.957999999999967e+00 7.894834259794536e-06
2.963999999999967e+00 7.901425783218841e-06
2.969999999999966e+00 7.906745838393014e-06
2.975999999999966e+00 7.910794325258208e-06
2.981999999999966e+00 7.913571323750479e-06
2.987999999999966e+00 7.915077093662015e-06
2.993999999999966e+00 7.915312074835423e-06
2.999999999999965e+00 7.914276886761273e-06
3.005999999999965e+00 7.911972328800143e-06
3.011999999999965e+00 7.908399380057718e-06
3.017999999999965e+00 7.903559198996213e-06
3.023999999999964e+00 7.897453123656417e-06
3.029999999999964e+00 7.890082671185850e-06
3.035999999999964e+00 7.881449537838758e-06
3.041999999999964e+00 7.871555598532032e-06
3.047999999999964e+00 7.860402906789687e-06
3.053999999999963e+00 7.847993694187760e-06
3.059999999999963e+00 7.834330370715126e-06
3.065999999999963e+00 7.819415523302453e-06
3.071999999999963e+00 7.803251916682630e-06
3.077999999999963e+00 7.785842492058492e-06
3.083999999999962e+00 7.767190367380383e-06
3.089999999999962e+00 7.747298836346950e-06
3.095999999999962e+00 7.726171368349632e-06
3.101999999999962e+00 7.703811607862043e-06
3.107999999999961e+00 7.680223373829342e-06
3.113999999999961e+00 7.655410659224149e-06
3.119999999999961e+00 7.629377630435918e-06
3.125999999999961e+00 7.602128626882365e-06
3.131999999999961e+00 7.573668160121283e-06
3.137999999999960e+00 7.544000913295434e-06
3.143999999999960e+00 7.513131740466417e-06
3.149999999999960e+00 7.481065666059550e-06
3.155999999999960e+00 7.447807884086721e-06
3.161999999999960e+00 7.413363757313718e-06
3.167999999999959e+00 7.377738816594093e-06
3.173999999999959e+00 7.340938760036497e-06
3.179999999999959e+00 7.302969452172015e-06
3.185999999999959e+00 7.263836923343536e-06
3.191999999999958e+00 7.223547368484518e-06
3.197999999999958e+00 7.182107146563865e-06
3.203999999999958e+00 7.139522779475715e-06
3.209999999999958e+00 7.095800951151254e-06
3.215999999999958e+00 7.050948506892585e-06
3.221999999999957e+00 7.004972451762903e-06
3.227999999999957e+00 6.957879950308943e-06
3.233999999999957e+00 6.909678325062174e-06
3.239999999999957e+00 6.860375055595114e-06
3.245999999999956e+00 6.809977777688658e-06
3.251999999999956e+00 6.758494281888794e-06
3.257999999999956e+00 6.705932512729440e-06
3.263999999999956e+00 6.652300567067115e-06
3.269999999999956e+00 6.597606693858893e-06
3.275999999999955e+00 6.541859292163998e-06
3.281999999999955e+00 6.485066909922566e-06
3.287999999999955e+00 6.427238243400524e-06
3.293999999999955e+00 6.368382135746309e-06
3.299999999999955e+00 6.308507574881439e-06
3.305999999999954e+00 6.247623693611537e-06
3.311999999999954e+00 6.185739766850773e-06
3.317999999999954e+00 6.122865212065953e-06
3.323999999999954e+00 6.059009585723807e-06
3.329999999999953e+00 5.994182584068142e-06
3.335999999999953e+00 5.928394040455309e-06
3.341999999999953e+00 5.861653924132959e-06
3.347999999999953e+00 5.793972339129816e-06
3.353999999999953e+00 5.725359522368301e-06
3.359999999999952e+00 5.655825842998397e-06
3.365999999999952e+00 5.585381800066180e-06
3.371999999999952e+00 5.514038021181555e-06
3.377999999999952e+00 5.441805261741095e-06
3.383999999999951e+00 5.368694401930441e-06
3.389999999999951e+00 5.294716446835324e-06
3.395999999999951e+00 5.219882523777031e-06
3.401999999999951e+00 5.144203880869114e-06
3.407999999999951e+00 5.067691885574099e-06
3.413999999999950e+00 4.990358023482244e-06
3.419999999999950e+00 4.912213895980067e-06
3.425999999999950e+00 4.833271218696034e-06
3.431999999999950e+00 4.753541820168294e-06
3.437999999999950e+00 4.673037639846278e-06
3.443999999999949e+00 4.591770726758426e-06
3.449999999999949e+00 4.509753237291747e-06
3.455999999999949e+00 4.426997433748525e-06
3.461999999999949e+00 4.343515682458943e-06
3.467999999999948e+00 4.259320452559834e-06
3.473999999999948e+00 4.174424312997083e-06
3.479999999999948e+00 4.088839932081534e-06
3.485999999999948e+00 4.002580074713435e-06
3.491999999999948e+00 3.915657600828126e-06
3.497999999999947e+00 3.828085464285813e-06
3.503999999999947e+00 3.739876709429879e-06
3.509999999999947e+00 3.651044470975862e-06
3.515999999999947e+00 3.561601970458739e-06
3.521999999999947e+00 3.471562516232929e-06
3.527999999999946e+00 3.380939499475488e-06
3.533999999999946e+00 3.289746393853044e-06
3.539999999999946e+00 3.197996753301346e-06
3.545999999999946e+00 3.105704208916649e-06
3.551999999999945e+00 3.012882469066724e-06
3.557999999999945e+00 2.919545315172023e-06
3.563999999999945e+00 2.825706601705669e-06
3.569999999999945e+00 2.731380252862792e-06
3.575999999999945e+00 2.636580260895194e-06
3.581999999999944e+00 2.541320684779080e-06
3.587999999999944e+00 2.445615647550525e-06
3.593999999999944e+00 2.349479333862980e-06
3.599999999999944e+00 2.252925988877053e-06
3.605999999999943e+00 2.155969916040057e-06
3.611999999999943e+00 2.058625474421483e-06
3.617999999999943e+00 1.960907077380725e-06
3.623999999999943e+00 1.862829189791526e-06
3.629999999999943e+00 1.764406327042778e-06
3.635999999999942e+00 1.665653051263760e-06
3.641999999999942e+00 1.566583971102098e-06
3.647999999999942e+00 1.467213738393092e-06
3.653999999999942e+00 1.367557046605405e-06
3.659999999999942e+00 1.267628628620621e-06
3.665999999999941e+00 1.167443254068701e-06
3.671999999999941e+00 1.067015728217768e-06
3.677999999999941e+00 9.663608891985476e-07
3.683999999999941e+00 8.654936057839180e-07
3.689999999999940e+00 7.644287758346024e-07
3.695999999999940e+00 6.631813240787210e-07
3.701999999999940e+00 5.617661986700995e-07
3.707999999999940e+00 4.601983710772473e-07
3.713999999999940e+00 3.584928324196213e-07
3.719999999999939e+00 2.566645922463806e-07
3.725999999999939e+00 1.547286756498067e-07
3.731999999999939e+00 5.270012148894665e-08
3.737999999999939e+00 4.940601983083326e-08
3.743999999999938e+00 1.515746883562485e-07
3.749999999999938e+00 2.537908168065428e-07
3.755999999999938e+00 3.560393333490453e-07
3.761999999999938e+00 4.583051627093937e-07
3.767999999999938e+00 5.605732288360699e-07
3.773999999999937e+00 6.628284576759569e-07
3.779999999999937e+00 7.650557780625178e-07
3.785999999999937e+00 8.672401250464645e-07
3.791999999999937e+00 9.693664411170033e-07
3.797999999999937e+00 1.071419679310459e-06
3.803999999999936e+00 1.173384804542543e-06
3.809999999999936e+00 1.275246796161866e-06
3.815999999999936e+00 1.376990650059362e-06
3.821999999999936e+00 1.478601381110778e-06
3.827999999999935e+00 1.580064024508943e-06
3.833999999999935e+00 1.681363638428301e-06
3.839999999999935e+00 1.782485306689452e-06
3.845999999999935e+00 1.883414139980388e-06
3.851999999999935e+00 1.984135278298993e-06
3.857999999999934e+00 2.084633893728594e-06
3.863999999999934e+00 2.184895191104097e-06
3.869999999999934e+00 2.284904412008792e-06
3.875999999999934e+00 2.384646835107418e-06
3.881999999999934e+00 2.484107779587852e-06
3.887999999999933e+00 2.583272606493381e-06
3.893999999999933e+00 2.682126721276212e-06
3.899999999999933e+00 2.780655575573832e-06
3.905999999999933e+00 2.878844669207403e-06
3.911999999999932e+00 2.976679552957329e-06
3.917999999999932e+00 3.074145829895514e-06
3.923999999999932e+00 3.171229157716837e-06
3.929999999999932e+00 3.267915250737552e-06
3.935999999999932e+00 3.364189881893687e-06
3.941999999999931e+00 3.460038885405581e-06
3.947999999999931e+00 3.555448157332997e-06
3.953999999999931e+00 3.650403659682944e-06
3.959999999999931e+00 3.744891420520702e-06
3.965999999999930e+00 3.838897536967423e-06
3.971999999999930e+00 3.932408177087510e-06
3.977999999999930e+00 4.025409581664974e-06
3.983999999999930e+00 4.117888066201836e-06
3.989999999999930e+00 4.209830023138572e-06
3.995999999999929e+00 4.301221923630472e-06
4.001999999999930e+00 4.392050318657859e-06
4.007999999999930e+00 4.482301843133918e-06
4.013999999999930e+00 4.571963215682651e-06
4.019999999999930e+00 4.661021241636476e-06
4.025999999999931e+00 4.749462814479521e-06
4.031999999999931e+00 4.837274917846024e-06
4.037999999999931e+00 4.924444627296687e-06
4.043999999999931e+00 5.010959112650148e-06
4.049999999999931e+00 5.096805639315249e-06
4.055999999999932e+00 5.181971569845345e-06
4.061999999999932e+00 5.266444366935907e-06
4.067999999999932e+00 5.350211593757592e-06
4.073999999999932e+00 5.433260916842819e-06
4.079999999999933e+00 5.515580107418039e-06
4.085999999999933e+00 5.597157042958045e-06
4.091999999999933e+00 5.677979709628467e-06
4.097999999999933e+00 5.758036203173944e-06
4.103999999999933e+00 5.837314730694487e-06
4.109999999999934e+00 5.915803613643078e-06
4.115999999999934e+00 5.993491287492603e-06
4.121999999999934e+00 6.070366305066521e-06
4.127999999999934e+00 6.146417336760912e-06
4.133999999999935e+00 6.221633173986163e-06
4.139999999999935e+00 6.296002728722883e-06
4.145999999999935e+00 6.369515036519502e-06
4.151999999999935e+00 6.442159257713520e-06
4.157999999999936e+00 6.513924678874794e-06
4.163999999999936e+00 6.584800714581895e-06
4.169999999999936e+00 6.654776907866200e-06
4.175999999999936e+00 6.723842933875623e-06
4.181999999999936e+00 6.791988599041954e-06
4.187999999999937e+00 6.859203844133965e-06
4.193999999999937e+00 6.925478744979063e-06
4.199999999999937e+00 6.990803513740040e-06
4.205999999999937e+00 7.055168501246545e-06
4.211999999999938e+00 7.118564197328148e-06
4.217999999999938e+00 7.180981232424166e-06
4.223999999999938e+00 7.242410379693087e-06
4.229999999999938e+00 7.302842555401146e-06
4.235999999999938e+00 7.362268820421125e-06
4.241999999999939e+00 7.420680381897693e-06
4.247999999999939e+00 7.478068594302112e-06
4.253999999999939e+00 7.534424960431441e-06
4.259999999999939e+00 7.589741133073868e-06
4.265999999999940e+00 7.644008915952405e-06
4.271999999999940e+00 7.697220264613058e-06
4.277999999999940e+00 7.749367288312214e-06
4.283999999999940e+00 7.800442250405215e-06
4.289999999999941e+00 7.850437569678625e-06
4.295999999999941e+00 7.899345822071080e-06
4.301999999999941e+00 7.947159740673282e-06
4.307999999999941e+00 7.993872217337827e-06
4.313999999999941e+00 8.039476303955961e-06
4.319999999999942e+00 8.083965212957178e-06
4.325999999999942e+00 8.127332318252911e-06
4.331999999999942e+00 8.169571156679822e-06
4.337999999999942e+00 8.210675428582670e-06
4.343999999999943e+00 8.250638998757998e-06
4.349999999999943e+00 8.289455897397824e-06
4.355999999999943e+00 8.327120320616999e-06
4.361999999999943e+00 8.363626632007515e-06
4.367999999999943e+00 8.398969362832798e-06
4.373999999999944e+00 8.433143212777106e-06
4.379999999999944e+00 8.466143051166775e-06
4.385999999999944e+00 8.497963917247775e-06
4.391999999999944e+00 8.528601021462467e-06
4.397999999999945e+00 8.558049745088780e-06
4.403999999999945e+00 8.586305642210856e-06
4.409999999999945e+00 8.613364439497007e-06
4.415999999999945e+00 8.639222036754823e-06
4.421999999999946e+00 8.663874508318958e-06
4.427999999999946e+00 8.687318102523767e-06
4.433999999999946e+00 8.709549243451908e-06
4.439999999999946e+00 8.730564530101681e-06
4.445999999999946e+00 8.750360737955210e-06
4.451999999999947e+00 8.768934819082530e-06
4.457999999999947e+00 8.786283902287306e-06
4.463999999999947e+00 8.802405293852761e-06
4.469999999999947e+00 8.817296478018724e-06
4.475999999999948e+00 8.830955116926990e-06
4.481999999999948e+00 8.843379051266635e-06
4.487999999999948e+00 8.854566300543765e-06
4.493999999999948e+00 8.864515063242845e-06
4.499999999999948e+00 8.873223717287271e-06
4.505999999999949e+00 8.880690819779158e-06
4.511999999999949e+00 8.886915108079207e-06
4.517999999999949e+00 8.891895498963631e-06
4.523999999999949e+00 8.895631089661515e-06
4.529999999999950e+00 8.898121157424610e-06
4.535999999999950e+00 8.899365159686923e-06
4.541999999999950e+00 8.899362734432481e-06
4.547999999999950e+00 8.898113699945531e-06
4.553999999999951e+00 8.895618055032584e-06
4.559999999999951e+00 8.891875978800368e-06
4.565999999999951e+00 8.886887830877876e-06
4.571999999999951e+00 8.880654151194323e-06
4.577999999999951e+00 8.873175659979138e-06
4.583999999999952e+00 8.864453257484417e-06
4.589999999999952e+00 8.854488024012674e-06
4.595999999999952e+00 8.843281219861332e-06
4.601999999999952e+00 8.830834284934141e-06
4.607999999999953e+00 8.817148838435873e-06
4.613999999999953e+00 8.802226679038849e-06
4.619999999999953e+00 8.786069784216810e-06
4.625999999999953e+00 8.768680310133892e-06
4.631999999999953e+00 8.750060591422582e-06
4.637999999999954e+00 8.730213140573095e-06
4.643999999999954e+00 8.709140647766844e-06
4.649999999999954e+00 8.686845980598878e-06
4.655999999999954e+00 8.663332183245220e-06
4.661999999999955e+00 8.638602476462864e-06
4.667999999999955e+00 8.612660256812621e-06
4.673999999999955e+00 8.585509096381561e-06
4.679999999999955e+00 8.557152742116880e-06
4.685999999999956e+00 8.527595115603859e-06
4.691999999999956e+00 8.496840311678078e-06
4.697999999999956e+00 8.464892599036045e-06
4.703999999999956e+00 8.431756418292302e-06
4.709999999999956e+00 8.397436382701073e-06
4.715999999999957e+00 8.361937276213371e-06
4.721999999999957e+00 8.325264053810066e-06
4.727999999999957e+00 8.287421839892062e-06
4.733999999999957e+00 8.248415928557851e-06
4.739999999999958e+00 8.208251781605114e-06
4.745999999999958e+00 8.166935029085831e-06
4.751999999999958e+00 8.124471467252370e-06
4.757999999999958e+00 8.080867058668506e-06
4.763999999999958e+00 8.036127930655113e-06
4.769999999999959e+00 7.990260374846070e-06
4.775999999999959e+00 7.943270846300088e-06
4.781999999999959e+00 7.895165961890882e-06
4.787999999999959e+00 7.845952500473707e-06
4.793999999999960e+00 7.795637400831446e-06
4.799999999999960e+00 7.744227761508071e-06
4.805999999999960e+00 7.691730839032296e-06
4.811999999999960e+00 7.638154047584500e-06
4.817999999999961e+00 7.583504957442422e-06
4.823999999999961e+00 7.527791293870933e-06
4.829999999999961e+00 7.471020936677952e-06
4.835999999999961e+00 7.413201917771950e-06
4.841999999999961e+00 7.354342421495019e-06
4.847999999999962e+00 7.294450782291406e-06
4.853999999999962e+00 7.233535484374443e-06
4.859999999999962e+00 7.171605159839167e-06
4.865999999999962e+00 7.108668587441080e-06
4.871999999999963e+00 7.044734691818988e-06
4.877999999999963e+00 6.979812541940689e-06
4.883999999999963e+00 6.913911349770707e-06
4.889999999999963e+00 6.847040468827004e-06
4.895999999999963e+00 6.779209393292795e-06
4.901999999999964e+00 6.710427755574067e-06
4.907999999999964e+00 6.640705326743657e-06
4.913999999999964e+00 6.570052012766503e-06
4.919999999999964e+00 6.498477855387819e-06
4.925999999999965e+00 6.425993028913446e-06
4.931999999999965e+00 6.352607840098834e-06
4.937999999999965e+00 6.278332725595526e-06
4.943999999999965e+00 6.203178250951957e-06
4.949999999999966e+00 6.127155109059146e-06
4.955999999999966e+00 6.050274118374332e-06
4.961999999999966e+00 5.972546221810759e-06
4.967999999999966e+00 5.893982484850291e-06
4.973999999999966e+00 5.814594093656034e-06
4.979999999999967e+00 5.734392354295181e-06
4.985999999999967e+00 5.653388690185501e-06
4.991999999999967e+00 5.571594641096134e-06
4.997999999999967e+00 5.489021861260213e-06
5.003999999999968e+00 5.405682117487487e-06
5.009999999999968e+00 5.321587287832052e-06
5.015999999999968e+00 5.236749359593951e-06
5.021999999999968e+00 5.151180427875879e-06
5.027999999999968e+00 5.064892693473766e-06
5.033999999999969e+00 4.977898461433483e-06
5.039999999999969e+00 4.890210139163464e-06
5.045999999999969e+00 4.801840234325283e-06
5.051999999999969e+00 4.712801353834450e-06
5.057999999999970e+00 4.623106201306904e-06
5.063999999999970e+00 4.532767575504693e-06
5.069999999999970e+00 4.441798368337579e-06
5.075999999999970e+00 4.350211563086681e-06
5.081999999999971e+00 4.258020232739135e-06
5.087999999999971e+00 4.165237537989697e-06
5.093999999999971e+00 4.071876725131318e-06
5.099999999999971e+00 3.977951124056744e-06
5.105999999999971e+00 3.883474146815225e-06
5.111999999999972e+00 3.788459285836154e-06
5.117999999999972e+00 3.692920110820452e-06
5.123999999999972e+00 3.596870268296470e-06
5.129999999999972e+00 3.500323478067280e-06
5.135999999999973e+00 3.403293532655560e-06
5.141999999999973e+00 3.305794294750086e-06
5.147999999999973e+00 3.207839694874259e-06
5.153999999999973e+00 3.109443729942818e-06
5.159999999999973e+00 3.010620460708324e-06
5.165999999999974e+00 2.911384010206852e-06
5.171999999999974e+00 2.811748561537541e-06
5.177999999999974e+00 2.711728355642151e-06
5.183999999999974e+00 2.611337689750748e-06
5.189999999999975e+00 2.510590914495126e-06
5.195999999999975e+00 2.409502432687560e-06
5.201999999999975e+00 2.308086697100364e-06
5.207999999999975e+00 2.206358207135217e-06
5.213999999999976e+00 2.104331509156232e-06
5.219999999999976e+00 2.002021192049064e-06
5.225999999999976e+00 1.899441886332731e-06
5.231999999999976e+00 1.796608261828148e-06
5.237999999999976e+00 1.693535025437676e-06
5.243999999999977e+00 1.590236919257748e-06
5.249999999999977e+00 1.486728718025354e-06
5.255999999999977e+00 1.383025227341683e-06
5.261999999999977e+00 1.279141281451679e-06
5.267999999999978e+00 1.175091741356660e-06
5.273999999999978e+00 1.070891491816717e-06
5.279999999999978e+00 9.665554403515131e-07
5.285999999999978e+00 8.620985144647264e-07
5.291999999999978e+00 7.575356592015581e-07
5.297999999999979e+00 6.528818355944210e-07
5.303999999999979e+00 5.481520182204491e-07
5.309999999999979e+00 4.433611935361625e-07
5.315999999999979e+00 3.385243563247542e-07
5.321999999999980e+00 2.336565095850673e-07
5.327999999999980e+00 1.287726603127481e-07
5.333999999999980e+00 2.388781883411184e-08
5.339999999999980e+00 8.098300419145943e-08
5.345999999999981e+00 1.858247993258288e-07
5.351999999999981e+00 2.906225609056179e-07
5.357999999999981e+00 3.953612892626523e-07
5.363999999999981e+00 5.000259931664530e-07
5.369999999999981e+00 6.046016906013918e-07
5.375999999999982e+00 7.090734126524723e-07
5.381999999999982e+00 8.134262047265750e-07
5.387999999999982e+00 9.176451288839260e-07
5.393999999999982e+00 1.021715266169565e-06
5.399999999999983e+00 1.125621718056635e-06
5.405999999999983e+00 1.229349609555008e-06
5.411999999999983e+00 1.332884091209685e-06
5.417999999999983e+00 1.436210339988975e-06
5.423999999999984e+00 1.539313563947431e-06
5.429999999999984e+00 1.642179001226651e-06
5.435999999999984e+00 1.744791924607192e-06
5.441999999999984e+00 1.847137642618790e-06
5.447999999999984e+00 1.949201502093878e-06
5.453999999999985e+00 2.050968889499849e-06
5.459999999999985e+00 2.152425233603594e-06
5.465999999999985e+00 2.253556008358082e-06
5.471999999999985e+00 2.354346733124402e-06
5.477999999999986e+00 2.454782976224479e-06
5.483999999999986e+00 2.554850356939475e-06
5.489999999999986e+00 2.654534546620013e-06
5.495999999999986e+00 2.753821271905821e-06
5.501999999999986e+00 2.852696315724934e-06
5.507999999999987e+00 2.951145520291298e-06
5.513999999999987e+00 3.049154788659081e-06
5.519999999999987e+00 3.146710086832094e-06
5.525999999999987e+00 3.243797445540153e-06
5.531999999999988e+00 3.340402962792588e-06
5.537999999999988e+00 3.436512805321534e-06
5.543999999999988e+00 3.532113210802379e-06
5.549999999999988e+00 3.627190490407273e-06
5.555999999999989e+00 3.721731029582287e-06
5.561999999999989e+00 3.815721290822971e-06
5.567999999999989e+00 3.909147815672753e-06
5.573999999999989e+00 4.001997226499299e-06
5.579999999999989e+00 4.094256228048820e-06
5.585999999999990e+00 4.185911609888571e-06
5.591999999999990e+00 4.276950248183198e-06
5.597999999999990e+00 4.367359107582125e-06
5.603999999999990e+00 4.457125242329774e-06
5.609999999999991e+00 4.546235800151344e-06
5.615999999999991e+00 4.634678021586680e-06
5.621999999999991e+00 4.722439243654009e-06
5.627999999999991e+00 4.809506900849136e-06
5.633999999999991e+00 4.895868527254876e-06
5.639999999999992e+00 4.981511758317403e-06
5.645999999999992e+00 5.066424332178521e-06
5.651999999999992e+00 5.150594092451222e-06
5.657999999999992e+00 5.234008988774796e-06
5.663999999999993e+00 5.316657079368348e-06
5.669999999999993e+00 5.398526532696124e-06
5.675999999999993e+00 5.479605628688766e-06
5.681999999999993e+00 5.559882760519663e-06
5.687999999999994e+00 5.639346437047443e-06
5.693999999999994e+00 5.717985283593130e-06
5.699999999999994e+00 5.795788044049566e-06
5.705999999999994e+00 5.872743582102657e-06
5.711999999999994e+00 5.948840883229778e-06
5.717999999999995e+00 6.024069056254078e-06
5.723999999999995e+00 6.098417334676753e-06
5.729999999999995e+00 6.171875078453404e-06
5.735999999999995e+00 6.244431774993231e-06
5.741999999999996e+00 6.316077041823576e-06
5.747999999999996e+00 6.386800627145028e-06
5.753999999999996e+00 6.456592410941653e-06
5.759999999999996e+00 6.525442408034099e-06
5.765999999999996e+00 6.593340767635514e-06
5.771999999999997e+00 6.660277776293633e-06
5.777999999999997e+00 6.726243858168335e-06
5.783999999999997e+00 6.791229577363112e-06
5.789999999999997e+00 6.855225638424667e-06
5.795999999999998e+00 6.918222888507852e-06
5.801999999999998e+00 6.980212317597712e-06
5.807999999999998e+00 7.041185061340549e-06
5.813999999999998e+00 7.101132400766375e-06
5.819999999999999e+00 7.160045764509348e-06
5.825999999999999e+00 7.217916729862495e-06
5.831999999999999e+00 7.274737023610367e-06
5.837999999999999e+00 7.330498523971940e-06
5.843999999999999e+00 7.385193260822653e-06
5.850000000000000e+00 7.438813417914858e-06
5.856000000000000e+00 7.491351332711282e-06
5.862000000000000e+00 7.542799498660990e-06
5.868000000000000e+00 7.593150565976536e-06
5.874000000000001e+00 7.642397342133567e-06
5.880000000000001e+00 7.690532793536153e-06
5.886000000000001e+00 7.737550046349462e-06
5.892000000000001e+00 7.783442387332418e-06
5.898000000000001e+00 7.828203265003442e-06
5.904000000000002e+00 7.871826290528627e-06
5.910000000000002e+00 7.914305238498898e-06
5.916000000000002e+00 7.955634048234517e-06
5.922000000000002e+00 7.995806824007134e-06
5.928000000000003e+00 8.034817836649610e-06
5.934000000000003e+00 8.072661523611524e-06
5.940000000000003e+00 8.109332490541243e-06
5.946000000000003e+00 8.144825511258169e-06
5.952000000000004e+00 8.179135529362558e-06
5.958000000000004e+00 8.212257658096744e-06
5.964000000000004e+00 8.244187181843943e-06
5.970000000000004e+00 8.274919555989468e-06
5.976000000000004e+00 8.304450408558317e-06
5.982000000000005e+00 8.332775539923731e-06
5.988000000000005e+00 8.359890923931301e-06
5.994000000000005e+00 8.385792708578976e-06
