0.000000000000000e+00 0.000000000000000e+00
6.000000000000000e-03 3.592767639054584e-05
1.200000000000000e-02 7.142055653679392e-05
1.800000000000000e-02 1.064773929249388e-04
2.400000000000000e-02 1.410969699591587e-04
3.000000000000000e-02 1.752781043682652e-04
3.600000000000000e-02 2.090196456056160e-04
4.200000000000000e-02 2.423204762425650e-04
4.799999999999999e-02 2.751795123558387e-04
5.399999999999999e-02 3.075957039082840e-04
5.999999999999999e-02 3.395680351227634e-04
6.599999999999999e-02 3.710955248503577e-04
7.199999999999999e-02 4.021772269311528e-04
7.800000000000000e-02 4.328122305489283e-04
8.400000000000001e-02 4.629996605786755e-04
9.000000000000001e-02 4.927386779281992e-04
9.600000000000002e-02 5.220284798720491e-04
1.020000000000000e-01 5.508683003796824e-04
1.080000000000000e-01 5.792574104355706e-04
1.140000000000000e-01 6.071951183539374e-04
1.200000000000000e-01 6.346807700852840e-04
1.260000000000000e-01 6.617137495166410e-04
1.320000000000000e-01 6.882934787650237e-04
1.380000000000000e-01 7.144194184635390e-04
1.440000000000000e-01 7.400910680405159e-04
1.500000000000000e-01 7.653079659918141e-04
1.560000000000001e-01 7.900696901458996e-04
1.620000000000001e-01 8.143758579216773e-04
1.680000000000001e-01 8.382261265798066e-04
1.740000000000001e-01 8.616201934660908e-04
1.800000000000001e-01 8.845577962481310e-04
1.860000000000001e-01 9.070387131445631e-04
1.920000000000001e-01 9.290627631476506e-04
1.980000000000001e-01 9.506298062376059e-04
2.040000000000001e-01 9.717397435902650e-04
2.100000000000001e-01 9.923925177779402e-04
2.160000000000001e-01 1.012588112962121e-03
2.220000000000001e-01 1.032326555078796e-03
2.280000000000001e-01 1.051607912017603e-03
2.340000000000001e-01 1.070432293792188e-03
2.400000000000001e-01 1.088799852704055e-03
2.460000000000001e-01 1.106710783498721e-03
2.520000000000001e-01 1.124165323514732e-03
2.580000000000001e-01 1.141163752824900e-03
2.640000000000001e-01 1.157706394370489e-03
2.700000000000001e-01 1.173793614087260e-03
2.760000000000001e-01 1.189425821025394e-03
2.820000000000001e-01 1.204603467460416e-03
2.880000000000001e-01 1.219327048997715e-03
2.940000000000002e-01 1.233597104669304e-03
3.000000000000002e-01 1.247414217022819e-03
3.060000000000002e-01 1.260779012203589e-03
3.120000000000002e-01 1.273692160028789e-03
3.180000000000002e-01 1.286154374054216e-03
3.240000000000002e-01 1.298166411633550e-03
3.300000000000002e-01 1.309729073970589e-03
3.360000000000002e-01 1.320843206162908e-03
3.420000000000002e-01 1.331509697239414e-03
3.480000000000002e-01 1.341729480189402e-03
3.540000000000002e-01 1.351503531984516e-03
3.600000000000002e-01 1.360832873593162e-03
3.660000000000002e-01 1.369718569987605e-03
3.720000000000002e-01 1.378161730143504e-03
3.780000000000002e-01 1.386163507031829e-03
3.840000000000002e-01 1.393725097603660e-03
3.900000000000002e-01 1.400847742767275e-03
3.960000000000002e-01 1.407532727358080e-03
4.020000000000002e-01 1.413781380100898e-03
4.080000000000003e-01 1.419595073564844e-03
4.140000000000003e-01 1.424975224111280e-03
4.200000000000003e-01 1.429923291833807e-03
4.260000000000003e-01 1.434440780491014e-03
4.320000000000003e-01 1.438529237432484e-03
4.380000000000003e-01 1.442190253516468e-03
4.440000000000003e-01 1.445425463021482e-03
4.500000000000003e-01 1.448236543549475e-03
4.560000000000003e-01 1.450625215922569e-03
4.620000000000003e-01 1.452593244071904e-03
4.680000000000003e-01 1.454142434920036e-03
4.740000000000003e-01 1.455274638255594e-03
4.800000000000003e-01 1.455991746600688e-03
4.860000000000003e-01 1.456295695071830e-03
4.920000000000003e-01 1.456188461232966e-03
4.980000000000003e-01 1.455672064942015e-03
5.040000000000003e-01 1.454748568190167e-03
5.100000000000003e-01 1.453420074933987e-03
5.160000000000003e-01 1.451688730920608e-03
5.220000000000004e-01 1.449556723506606e-03
5.280000000000004e-01 1.447026281468644e-03
5.340000000000004e-01 1.444099674808408e-03
5.400000000000004e-01 1.440779214550159e-03
5.460000000000004e-01 1.437067252531621e-03
5.520000000000004e-01 1.432966181187850e-03
5.580000000000004e-01 1.428478433328606e-03
5.640000000000004e-01 1.423606481909312e-03
5.700000000000004e-01 1.418352839794135e-03
5.760000000000004e-01 1.412720059514122e-03
5.820000000000004e-01 1.406710733017486e-03
5.880000000000004e-01 1.400327491413833e-03
5.940000000000004e-01 1.393573004711934e-03
6.000000000000004e-01 1.386449981550630e-03
6.060000000000004e-01 1.378961168924109e-03
6.120000000000004e-01 1.371109351899824e-03
6.180000000000004e-01 1.362897353331005e-03
6.240000000000004e-01 1.354328033562446e-03
6.300000000000004e-01 1.345404290129470e-03
6.360000000000005e-01 1.336129057452451e-03
6.420000000000005e-01 1.326505306523340e-03
6.480000000000005e-01 1.316536044587036e-03
6.540000000000005e-01 1.306224314816751e-03
6.600000000000005e-01 1.295573195983168e-03
6.660000000000005e-01 1.284585802117932e-03
6.720000000000005e-01 1.273265282170699e-03
6.780000000000005e-01 1.261614819661083e-03
6.840000000000005e-01 1.249637632324552e-03
6.900000000000005e-01 1.237336971752656e-03
6.960000000000005e-01 1.224716123027436e-03
7.020000000000005e-01 1.211778404350661e-03
7.080000000000005e-01 1.198527166666685e-03
7.140000000000005e-01 1.184965793281367e-03
7.200000000000005e-01 1.171097699473878e-03
7.260000000000005e-01 1.156926332104402e-03
7.320000000000005e-01 1.142455169216072e-03
7.380000000000005e-01 1.127687719631343e-03
7.440000000000005e-01 1.112627522544096e-03
7.500000000000006e-01 1.097278147105973e-03
7.560000000000006e-01 1.081643192007598e-03
7.620000000000006e-01 1.065726285055579e-03
7.680000000000006e-01 1.049531082743915e-03
7.740000000000006e-01 1.033061269820779e-03
7.800000000000006e-01 1.016320558850481e-03
7.860000000000006e-01 9.993126897712146e-04
7.920000000000006e-01 9.820414294473001e-04
7.980000000000006e-01 9.645105712179358e-04
8.040000000000006e-01 9.467239344401190e-04
8.100000000000006e-01 9.286853640287918e-04
8.160000000000006e-01 9.103987299912131e-04
8.220000000000006e-01 8.918679269578900e-04
8.280000000000006e-01 8.730968737088451e-04
8.340000000000006e-01 8.540895126962211e-04
8.400000000000006e-01 8.348498095624435e-04
8.460000000000006e-01 8.153817526546092e-04
8.520000000000006e-01 7.956893525348785e-04
8.580000000000007e-01 7.757766414869804e-04
8.640000000000007e-01 7.556476730190553e-04
8.700000000000007e-01 7.353065213631105e-04
8.760000000000007e-01 7.147572809702574e-04
8.820000000000007e-01 6.940040660028401e-04
8.880000000000007e-01 6.730510098229558e-04
8.940000000000007e-01 6.519022644779771e-04
9.000000000000007e-01 6.305620001821333e-04
9.060000000000007e-01 6.090344047955387e-04
9.120000000000007e-01 5.873236832993345e-04
9.180000000000007e-01 5.654340572689431e-04
9.240000000000007e-01 5.433697643429380e-04
9.300000000000007e-01 5.211350576902474e-04
9.360000000000007e-01 4.987342054734722e-04
9.420000000000007e-01 4.761714903108172e-04
9.480000000000007e-01 4.534512087336906e-04
9.540000000000007e-01 4.305776706435838e-04
9.600000000000007e-01 4.075551987643977e-04
9.660000000000007e-01 3.843881280947703e-04
9.720000000000008e-01 3.610808053557957e-04
9.780000000000008e-01 3.376375884379113e-04
9.840000000000008e-01 3.140628458452865e-04
9.900000000000008e-01 2.903609561381582e-04
9.960000000000008e-01 2.665363073729998e-04
1.002000000000001e+00 2.425932965408051e-04
1.008000000000001e+00 2.185363290042042e-04
1.014000000000001e+00 1.943698179316389e-04
1.020000000000001e+00 1.700981837310378e-04
1.026000000000001e+00 1.457258534813821e-04
1.032000000000001e+00 1.212572603629392e-04
1.038000000000001e+00 9.669684308599713e-05
1.044000000000001e+00 7.204904531854517e-05
1.050000000000001e+00 4.731831511228801e-05
1.056000000000001e+00 2.250910432799458e-05
1.062000000000001e+00 2.374131940152679e-06
1.068000000000001e+00 2.732693594209579e-05
1.074000000000001e+00 5.234484784855109e-05
1.080000000000001e+00 7.742340633065670e-05
1.086000000000001e+00 1.025581491380656e-04
1.092000000000001e+00 1.277446136792593e-04
1.098000000000001e+00 1.529783376018612e-04
1.104000000000001e+00 1.782548593733946e-04
1.110000000000001e+00 2.035697188621510e-04
1.116000000000001e+00 2.289184579186143e-04
1.122000000000001e+00 2.542966209567732e-04
1.128000000000001e+00 2.796997555363223e-04
1.134000000000001e+00 3.051234129436420e-04
1.140000000000001e+00 3.305631487736660e-04
1.146000000000001e+00 3.560145235110834e-04
1.152000000000001e+00 3.814731031110963e-04
1.158000000000001e+00 4.069344595806212e-04
1.164000000000001e+00 4.323941715589363e-04
1.170000000000001e+00 4.578478248962181e-04
1.176000000000001e+00 4.832910132335222e-04
1.182000000000001e+00 5.087193385813205e-04
1.188000000000001e+00 5.341284118971501e-04
1.194000000000001e+00 5.595138536614863e-04
1.200000000000001e+00 5.848712944552803e-04
1.206000000000001e+00 6.101963755333895e-04
1.212000000000001e+00 6.354847493987847e-04
1.218000000000001e+00 6.607320803749817e-04
1.224000000000001e+00 6.859340451770279e-04
1.230000000000001e+00 7.110863334818252e-04
1.236000000000001e+00 7.361846484960077e-04
1.242000000000001e+00 7.612247075229339e-04
1.248000000000001e+00 7.862022425273452e-04
1.254000000000001e+00 8.111130006996925e-04
1.260000000000001e+00 8.359527450167992e-04
1.266000000000001e+00 8.607172548025233e-04
1.272000000000001e+00 8.854023262844235e-04
1.278000000000001e+00 9.100037731506472e-04
1.284000000000001e+00 9.345174271024881e-04
1.290000000000001e+00 9.589391384065005e-04
1.296000000000001e+00 9.832647764429492e-04
1.302000000000001e+00 1.007490230252595e-03
1.308000000000001e+00 1.031611409081701e-03
1.314000000000001e+00 1.055624242922382e-03
1.320000000000001e+00 1.079524683052280e-03
1.326000000000001e+00 1.103308702571137e-03
1.332000000000001e+00 1.126972296933926e-03
1.338000000000001e+00 1.150511484481531e-03
1.344000000000001e+00 1.173922306968778e-03
1.350000000000001e+00 1.197200830088674e-03
1.356000000000001e+00 1.220343143994329e-03
1.362000000000001e+00 1.243345363817427e-03
1.368000000000001e+00 1.266203630182927e-03
1.374000000000001e+00 1.288914109721429e-03
1.380000000000001e+00 1.311472995577545e-03
1.386000000000001e+00 1.333876507913945e-03
1.392000000000001e+00 1.356120894414059e-03
1.398000000000001e+00 1.378202430779019e-03
1.404000000000001e+00 1.400117421221814e-03
1.410000000000001e+00 1.421862198957236e-03
1.416000000000001e+00 1.443433126688931e-03
1.422000000000001e+00 1.464826597091684e-03
1.428000000000001e+00 1.486039033289144e-03
1.434000000000001e+00 1.507066889329223e-03
1.440000000000001e+00 1.527906650653610e-03
1.446000000000001e+00 1.548554834564286e-03
1.452000000000001e+00 1.569007990685156e-03
1.458000000000001e+00 1.589262701419014e-03
1.464000000000001e+00 1.609315582400961e-03
1.470000000000001e+00 1.629163282947377e-03
1.476000000000001e+00 1.648802486498790e-03
1.482000000000001e+00 1.668229911059971e-03
1.488000000000001e+00 1.687442309634135e-03
1.494000000000001e+00 1.706436470653605e-03
1.500000000000001e+00 1.725209218403800e-03
1.506000000000001e+00 1.743757413444458e-03
1.512000000000001e+00 1.762077953024188e-03
1.518000000000001e+00 1.780167771491259e-03
1.524000000000001e+00 1.798023840698382e-03
1.530000000000001e+00 1.815643170403392e-03
1.536000000000001e+00 1.833022808663598e-03
1.542000000000001e+00 1.850159842225363e-03
1.548000000000001e+00 1.867051396909236e-03
1.554000000000001e+00 1.883694637988265e-03
1.560000000000001e+00 1.900086770561971e-03
1.566000000000001e+00 1.916225039924169e-03
1.572000000000001e+00 1.932106731926009e-03
1.578000000000001e+00 1.947729173332580e-03
1.584000000000001e+00 1.963089732174794e-03
1.590000000000001e+00 1.978185818094613e-03
1.596000000000001e+00 1.993014882685384e-03
1.602000000000001e+00 2.007574419825964e-03
1.608000000000001e+00 2.021861966009009e-03
1.614000000000001e+00 2.035875100663498e-03
1.620000000000001e+00 2.049611446471533e-03
1.626000000000001e+00 2.063068669678425e-03
1.632000000000001e+00 2.076244480397671e-03
1.638000000000001e+00 2.089136632909161e-03
1.644000000000001e+00 2.101742925951833e-03
1.650000000000001e+00 2.114061203009443e-03
1.656000000000001e+00 2.126089352591010e-03
1.662000000000001e+00 2.137825308504260e-03
1.668000000000001e+00 2.149267050123249e-03
1.674000000000001e+00 2.160412602649209e-03
1.680000000000001e+00 2.171260037365952e-03
1.686000000000001e+00 2.181807471887343e-03
1.692000000000001e+00 2.192053070399991e-03
1.698000000000001e+00 2.201995043898342e-03
1.704000000000001e+00 2.211631650413437e-03
1.710000000000001e+00 2.220961195235849e-03
1.716000000000001e+00 2.229982031130673e-03
1.722000000000001e+00 2.238692558547639e-03
1.728000000000001e+00 2.247091225822728e-03
1.734000000000001e+00 2.255176529374681e-03
1.740000000000001e+00 2.262947013893735e-03
1.746000000000001e+00 2.270401272524369e-03
1.752000000000001e+00 2.277537947040609e-03
1.758000000000001e+00 2.284355728015164e-03
1.764000000000001e+00 2.290853354981137e-03
1.770000000000001e+00 2.297029616587565e-03
1.776000000000001e+00 2.302883350747409e-03
1.782000000000001e+00 2.308413444779334e-03
1.788000000000001e+00 2.313618835541931e-03
1.794000000000001e+00 2.318498509561395e-03
1.800000000000001e+00 2.323051503152318e-03
1.806000000000001e+00 2.327276902531039e-03
1.812000000000001e+00 2.331173843922674e-03
1.818000000000001e+00 2.334741513660366e-03
1.824000000000001e+00 2.337979148278491e-03
1.830000000000001e+00 2.340886034597811e-03
1.836000000000001e+00 2.343461509804134e-03
1.842000000000001e+00 2.345704961519979e-03
1.848000000000001e+00 2.347615827868910e-03
1.854000000000001e+00 2.349193597532717e-03
1.860000000000001e+00 2.350437809802042e-03
1.866000000000001e+00 2.351348054619229e-03
1.872000000000001e+00 2.351923972614300e-03
1.878000000000001e+00 2.352165255134098e-03
1.884000000000001e+00 2.352071644263987e-03
1.890000000000001e+00 2.351642932842568e-03
1.896000000000001e+00 2.350878964469061e-03
1.902000000000001e+00 2.349779633503968e-03
1.908000000000001e+00 2.348344885062054e-03
1.914000000000001e+00 2.346574714998689e-03
1.920000000000001e+00 2.344469169888674e-03
1.926000000000001e+00 2.342028346998398e-03
1.932000000000001e+00 2.339252394250230e-03
1.938000000000001e+00 2.336141510180328e-03
1.944000000000002e+00 2.332695943889157e-03
1.950000000000002e+00 2.328915994984693e-03
1.956000000000002e+00 2.324802013519006e-03
1.962000000000002e+00 2.320354399916930e-03
1.968000000000002e+00 2.315573604898730e-03
1.974000000000002e+00 2.310460129394593e-03
1.980000000000002e+00 2.305014524452920e-03
1.986000000000002e+00 2.299237391140907e-03
1.992000000000002e+00 2.293129380438574e-03
1.998000000000002e+00 2.286691193125412e-03
2.004000000000001e+00 2.279923579660170e-03
2.010000000000001e+00 2.272827340053879e-03
2.016000000000001e+00 2.265403323735482e-03
2.022000000000001e+00 2.257652429410534e-03
2.028000000000000e+00 2.249575604913095e-03
2.034000000000000e+00 2.241173847051026e-03
2.040000000000000e+00 2.232448201443443e-03
2.046000000000000e+00 2.223399762352640e-03
2.052000000000000e+00 2.214029672507833e-03
2.057999999999999e+00 2.204339122922741e-03
2.063999999999999e+00 2.194329352706498e-03
2.069999999999999e+00 2.184001648867381e-03
2.075999999999999e+00 2.173357346109822e-03
2.081999999999999e+00 2.162397826625084e-03
2.087999999999998e+00 2.151124519874703e-03
2.093999999999998e+00 2.139538902367871e-03
2.099999999999998e+00 2.127642497431387e-03
2.105999999999998e+00 2.115436874973939e-03
2.111999999999997e+00 2.102923651242837e-03
2.117999999999997e+00 2.090104488575113e-03
2.123999999999997e+00 2.076981095141567e-03
2.129999999999997e+00 2.063555224684398e-03
2.135999999999997e+00 2.049828676248540e-03
2.141999999999996e+00 2.035803293906693e-03
2.147999999999996e+00 2.021480966477581e-03
2.153999999999996e+00 2.006863627238457e-03
2.159999999999996e+00 1.991953253630978e-03
2.165999999999995e+00 1.976751866960752e-03
2.171999999999995e+00 1.961261532091061e-03
2.177999999999995e+00 1.945484357130258e-03
2.183999999999995e+00 1.929422493112870e-03
2.189999999999995e+00 1.913078133674855e-03
2.195999999999994e+00 1.896453514723083e-03
2.201999999999994e+00 1.879550914098090e-03
2.207999999999994e+00 1.862372651231872e-03
2.213999999999994e+00 1.844921086799019e-03
2.219999999999994e+00 1.827198622362525e-03
2.225999999999993e+00 1.809207700013485e-03
2.231999999999993e+00 1.790950802005406e-03
2.237999999999993e+00 1.772430450382612e-03
2.243999999999993e+00 1.753649206603064e-03
2.249999999999992e+00 1.734609671155699e-03
2.255999999999992e+00 1.715314483172220e-03
2.261999999999992e+00 1.695766320033418e-03
2.267999999999992e+00 1.675967896970110e-03
2.273999999999992e+00 1.655921966658772e-03
2.279999999999991e+00 1.635631318811864e-03
2.285999999999991e+00 1.615098779762680e-03
2.291999999999991e+00 1.594327212045832e-03
2.297999999999991e+00 1.573319513971466e-03
2.303999999999991e+00 1.552078619195485e-03
2.309999999999990e+00 1.530607496283934e-03
2.315999999999990e+00 1.508909148273369e-03
2.321999999999990e+00 1.486986612225377e-03
2.327999999999990e+00 1.464842958777163e-03
2.333999999999989e+00 1.442481291686726e-03
2.339999999999989e+00 1.419904747374079e-03
2.345999999999989e+00 1.397116494457007e-03
2.351999999999989e+00 1.374119733282969e-03
2.357999999999989e+00 1.350917695456338e-03
2.363999999999988e+00 1.327513643361172e-03
2.369999999999988e+00 1.303910869679625e-03
2.375999999999988e+00 1.280112696906172e-03
2.381999999999988e+00 1.256122476857635e-03
2.387999999999987e+00 1.231943590179113e-03
2.393999999999987e+00 1.207579445845708e-03
2.399999999999987e+00 1.183033480660428e-03
2.405999999999987e+00 1.158309158748094e-03
2.411999999999987e+00 1.133409971045385e-03
2.417999999999986e+00 1.108339434787248e-03
2.423999999999986e+00 1.083101092989452e-03
2.429999999999986e+00 1.057698513927535e-03
2.435999999999986e+00 1.032135290612329e-03
2.441999999999986e+00 1.006415040261943e-03
2.447999999999985e+00 9.805414037703242e-04
2.453999999999985e+00 9.545180451724644e-04
2.459999999999985e+00 9.283486511063865e-04
2.465999999999985e+00 9.020369302722986e-04
2.471999999999984e+00 8.755866128878353e-04
2.477999999999984e+00 8.490014501411625e-04
2.483999999999984e+00 8.222852136408054e-04
2.489999999999984e+00 7.954416948623422e-04
2.495999999999984e+00 7.684747045926810e-04
2.501999999999983e+00 7.413880723716737e-04
2.507999999999983e+00 7.141856459307871e-04
2.513999999999983e+00 6.868712906295538e-04
2.519999999999983e+00 6.594488888891914e-04
2.525999999999982e+00 6.319223396245022e-04
2.531999999999982e+00 6.042955576726072e-04
2.537999999999982e+00 5.765724732201827e-04
2.543999999999982e+00 5.487570312283085e-04
2.549999999999982e+00 5.208531908550973e-04
2.555999999999981e+00 4.928649248766015e-04
2.561999999999981e+00 4.647962191058896e-04
2.567999999999981e+00 4.366510718098460e-04
2.573999999999981e+00 4.084334931249156e-04
2.579999999999981e+00 3.801475044708513e-04
2.585999999999980e+00 3.517971379624618e-04
2.591999999999980e+00 3.233864358211935e-04
2.597999999999980e+00 2.949194497840479e-04
2.603999999999980e+00 2.664002405114441e-04
2.609999999999979e+00 2.378328769946370e-04
2.615999999999979e+00 2.092214359609157e-04
2.621999999999979e+00 1.805700012788569e-04
2.627999999999979e+00 1.518826633614689e-04
2.633999999999979e+00 1.231635185697799e-04
2.639999999999978e+00 9.441666861403908e-05
2.645999999999978e+00 6.564621995580611e-05
2.651999999999978e+00 3.685628320881928e-05
2.657999999999978e+00 8.050972538087287e-06
2.663999999999977e+00 2.076559493868757e-05
2.669999999999977e+00 4.958929975301674e-05
2.675999999999977e+00 7.841602068586750e-05
2.681999999999977e+00 1.072416353686823e-04
2.687999999999977e+00 1.360620208846752e-04
2.693999999999976e+00 1.648730543697963e-04
2.699999999999976e+00 1.936706136141386e-04
2.705999999999976e+00 2.224505776624031e-04
2.711999999999976e+00 2.512088274149726e-04
2.717999999999976e+00 2.799412462279327e-04
2.723999999999975e+00 3.086437205133130e-04
2.729999999999975e+00 3.373121403381640e-04
2.735999999999975e+00 3.659424000237443e-04
2.741999999999975e+00 3.945303987433202e-04
2.747999999999974e+00 4.230720411198541e-04
2.753999999999974e+00 4.515632378225831e-04
2.759999999999974e+00 4.799999061624316e-04
2.765999999999974e+00 5.083779706866465e-04
2.771999999999974e+00 5.366933637726001e-04
2.777999999999973e+00 5.649420262198723e-04
2.783999999999973e+00 5.931199078412774e-04
2.789999999999973e+00 6.212229680527259e-04
2.795999999999973e+00 6.492471764614205e-04
2.801999999999973e+00 6.771885134526090e-04
2.807999999999972e+00 7.050429707746164e-04
2.813999999999972e+00 7.328065521227112e-04
2.819999999999972e+00 7.604752737199183e-04
2.825999999999972e+00 7.880451648979436e-04
2.831999999999971e+00 8.155122686741012e-04
2.837999999999971e+00 8.428726423275745e-04
2.843999999999971e+00 8.701223579732353e-04
2.849999999999971e+00 8.972575031330754e-04
2.855999999999971e+00 9.242741813051958e-04
2.861999999999970e+00 9.511685125314084e-04
2.867999999999970e+00 9.779366339610629e-04
2.873999999999970e+00 1.004574700413485e-03
2.879999999999970e+00 1.031078884937031e-03
2.885999999999969e+00 1.057445379366084e-03
2.891999999999969e+00 1.083670394874781e-03
2.897999999999969e+00 1.109750162528289e-03
2.903999999999969e+00 1.135680933831040e-03
2.909999999999969e+00 1.161458981271568e-03
2.915999999999968e+00 1.187080598865409e-03
2.921999999999968e+00 1.212542102693115e-03
2.927999999999968e+00 1.237839831437049e-03
2.933999999999968e+00 1.262970146912956e-03
2.939999999999968e+00 1.287929434599933e-03
2.945999999999967e+00 1.312714104165058e-03
2.951999999999967e+00 1.337320589986479e-03
2.957999999999967e+00 1.361745351671440e-03
2.963999999999967e+00 1.385984874570922e-03
2.969999999999966e+00 1.410035670291299e-03
2.975999999999966e+00 1.433894277200976e-03
2.981999999999966e+00 1.457557260934161e-03
2.987999999999966e+00 1.481021214890244e-03
2.993999999999966e+00 1.504282760728837e-03
2.999999999999965e+00 1.527338548861279e-03
3.005999999999965e+00 1.550185258937575e-03
3.011999999999965e+00 1.572819600329178e-03
3.017999999999965e+00 1.595238312607550e-03
3.023999999999964e+00 1.617438166018337e-03
3.029999999999964e+00 1.639415961950608e-03
3.035999999999964e+00 1.661168533402368e-03
3.041999999999964e+00 1.682692745440806e-03
3.047999999999964e+00 1.703985495658422e-03
3.053999999999963e+00 1.725043714623675e-03
3.059999999999963e+00 1.745864366327954e-03
3.065999999999963e+00 1.766444448626503e-03
3.071999999999963e+00 1.786780993675408e-03
3.077999999999963e+00 1.806871068362914e-03
3.083999999999962e+00 1.826711774736034e-03
3.089999999999962e+00 1.846300250421984e-03
3.095999999999962e+00 1.865633669044686e-03
3.101999999999962e+00 1.884709240635718e-03
3.107999999999961e+00 1.903524212039764e-03
3.113999999999961e+00 1.922075867315687e-03
3.119999999999961e+00 1.940361528131040e-03
3.125999999999961e+00 1.958378554152207e-03
3.131999999999961e+00 1.976124343427810e-03
3.137999999999960e+00 1.993596332767800e-03
3.143999999999960e+00 2.010791998116324e-03
3.149999999999960e+00 2.027708854918597e-03
3.155999999999960e+00 2.044344458482950e-03
3.161999999999960e+00 2.060696404336093e-03
3.167999999999959e+00 2.076762328573345e-03
3.173999999999959e+00 2.092539908202462e-03
3.179999999999959e+00 2.108026861482204e-03
3.185999999999959e+00 2.123220948253901e-03
3.191999999999958e+00 2.138119970267749e-03
3.197999999999958e+00 2.152721771503330e-03
3.203999999999958e+00 2.167024238482806e-03
3.209999999999958e+00 2.181025300579342e-03
3.215999999999958e+00 2.194722930318471e-03
3.221999999999957e+00 2.208115143673361e-03
3.227999999999957e+00 2.221200000353640e-03
3.233999999999957e+00 2.233975604088889e-03
3.239999999999957e+00 2.246440102904312e-03
3.245999999999956e+00 2.258591689390577e-03
3.251999999999956e+00 2.270428600967878e-03
3.257999999999956e+00 2.281949120142679e-03
3.263999999999956e+00 2.293151574758123e-03
3.269999999999956e+00 2.304034338238170e-03
3.275999999999955e+00 2.314595829824573e-03
3.281999999999955e+00 2.324834514807750e-03
3.287999999999955e+00 2.334748904751160e-03
3.293999999999955e+00 2.344337557708409e-03
3.299999999999955e+00 2.353599078433521e-03
3.305999999999954e+00 2.362532118585448e-03
3.311999999999954e+00 2.371135376924627e-03
3.317999999999954e+00 2.379407599503780e-03
3.323999999999954e+00 2.387347579851040e-03
3.329999999999953e+00 2.394954159146534e-03
3.335999999999953e+00 2.402226226392079e-03
3.341999999999953e+00 2.409162718574109e-03
3.347999999999953e+00 2.415762620819550e-03
3.353999999999953e+00 2.422024966544367e-03
3.359999999999952e+00 2.427948837595839e-03
3.365999999999952e+00 2.433533364387397e-03
3.371999999999952e+00 2.438777726026242e-03
3.377999999999952e+00 2.443681150434640e-03
3.383999999999951e+00 2.448242914463189e-03
3.389999999999951e+00 2.452462343998207e-03
3.395999999999951e+00 2.456338814060682e-03
3.401999999999951e+00 2.459871748899251e-03
3.407999999999951e+00 2.463060622075408e-03
3.413999999999950e+00 2.465904956542059e-03
3.419999999999950e+00 2.468404324714346e-03
3.425999999999950e+00 2.470558348534047e-03
3.431999999999950e+00 2.472366699525885e-03
3.437999999999950e+00 2.473829098848079e-03
3.443999999999949e+00 2.474945317333749e-03
3.449999999999949e+00 2.475715175527360e-03
3.455999999999949e+00 2.476138543712231e-03
3.461999999999949e+00 2.476215341931681e-03
3.467999999999948e+00 2.475945540002800e-03
3.473999999999948e+00 2.475329157523187e-03
3.479999999999948e+00 2.474366263870209e-03
3.485999999999948e+00 2.473056978193389e-03
3.491999999999948e+00 2.471401469399226e-03
3.497999999999947e+00 2.469399956129104e-03
3.503999999999947e+00 2.467052706730227e-03
3.509999999999947e+00 2.464360039218627e-03
3.515999999999947e+00 2.461322321235943e-03
3.521999999999947e+00 2.457939969998352e-03
3.527999999999946e+00 2.454213452238452e-03
3.533999999999946e+00 2.450143284140283e-03
3.539999999999946e+00 2.445730031266857e-03
3.545999999999946e+00 2.440974308481045e-03
3.551999999999945e+00 2.435876779858556e-03
3.557999999999945e+00 2.430438158594589e-03
3.563999999999945e+00 2.424659206902977e-03
3.569999999999945e+00 2.418540735908456e-03
3.575999999999945e+00 2.412083605531551e-03
3.581999999999944e+00 2.405288724366891e-03
3.587999999999944e+00 2.398157049554053e-03
3.593999999999944e+00 2.390689586641750e-03
3.599999999999944e+00 2.382887389444477e-03
3.605999999999943e+00 2.374751559893140e-03
3.611999999999943e+00 2.366283247877729e-03
3.617999999999943e+00 2.357483651083750e-03
3.623999999999943e+00 2.348354014821315e-03
3.629999999999943e+00 2.338895631847721e-03
3.635999999999942e+00 2.329109842183028e-03
3.641999999999942e+00 2.318998032918559e-03
3.647999999999942e+00 2.308561638019180e-03
3.653999999999942e+00 2.297802138118109e-03
3.659999999999942e+00 2.286721060305780e-03
3.665999999999941e+00 2.275319977911153e-03
3.671999999999941e+00 2.263600510277053e-03
3.677999999999941e+00 2.251564322528515e-03
3.683999999999941e+00 2.239213125334484e-03
3.689999999999940e+00 2.226548674663180e-03
3.695999999999940e+00 2.213572771530697e-03
3.701999999999940e+00 2.200287261743303e-03
3.707999999999940e+00 2.186694035633017e-03
3.713999999999940e+00 2.172795027786983e-03
3.719999999999939e+00 2.158592216770380e-03
3.725999999999939e+00 2.144087624842889e-03
3.731999999999939e+00 2.129283317669178e-03
3.737999999999939e+00 2.114181404022586e-03
3.743999999999938e+00 2.098784035482977e-03
3.749999999999938e+00 2.083093406128479e-03
3.755999999999938e+00 2.067111752220796e-03
3.761999999999938e+00 2.050841351884505e-03
3.767999999999938e+00 2.034284524780466e-03
3.773999999999937e+00 2.017443631773169e-03
3.779999999999937e+00 2.000321074592054e-03
3.785999999999937e+00 1.982919295486885e-03
3.791999999999937e+00 1.965240776877542e-03
3.797999999999937e+00 1.947288040997808e-03
3.803999999999936e+00 1.929063649533339e-03
3.809999999999936e+00 1.910570203254108e-03
3.815999999999936e+00 1.891810341641195e-03
3.821999999999936e+00 1.872786742507876e-03
3.827999999999935e+00 1.853502121615253e-03
3.833999999999935e+00 1.833959232282356e-03
3.839999999999935e+00 1.814160864990977e-03
3.845999999999935e+00 1.794109846984915e-03
3.851999999999935e+00 1.773809041864027e-03
3.857999999999934e+00 1.753261349173113e-03
3.863999999999934e+00 1.732469703985384e-03
3.869999999999934e+00 1.711437076481193e-03
3.875999999999934e+00 1.690166471521065e-03
3.881999999999934e+00 1.668660928214466e-03
3.887999999999933e+00 1.646923519483090e-03
3.893999999999933e+00 1.624957351619410e-03
3.899999999999933e+00 1.602765563840564e-03
3.905999999999933e+00 1.580351327837293e-03
3.911999999999932e+00 1.557717847318257e-03
3.917999999999932e+00 1.534868357549762e-03
3.923999999999932e+00 1.511806124890880e-03
3.929999999999932e+00 1.488534446324075e-03
3.935999999999932e+00 1.465056648981500e-03
3.941999999999931e+00 1.441376089666907e-03
3.947999999999931e+00 1.417496154373143e-03
3.953999999999931e+00 1.393420257795541e-03
3.959999999999931e+00 1.369151842841226e-03
3.965999999999930e+00 1.344694380134237e-03
3.971999999999930e+00 1.320051367516673e-03
3.977999999999930e+00 1.295226329546040e-03
3.983999999999930e+00 1.270222816988409e-03
3.989999999999930e+00 1.245044406308238e-03
3.995999999999929e+00 1.219694699154061e-03
4.001999999999930e+00 1.194177321841017e-03
4.007999999999930e+00 1.168495924828927e-03
4.013999999999930e+00 1.142654182198111e-03
4.019999999999930e+00 1.116655791120746e-03
4.025999999999931e+00 1.090504471329801e-03
4.031999999999931e+00 1.064203964583676e-03
4.037999999999931e+00 1.037758034128478e-03
4.043999999999931e+00 1.011170464157052e-03
4.049999999999931e+00 9.844450592645382e-04
4.055999999999932e+00 9.575856439015817e-04
4.061999999999932e+00 9.305960618240516e-04
4.067999999999932e+00 9.034801755408162e-04
4.073999999999932e+00 8.762418657575766e-04
4.079999999999933e+00 8.488850308197571e-04
4.085999999999933e+00 8.214135861510652e-04
4.091999999999933e+00 7.938314636904975e-04
4.097999999999933e+00 7.661426113274028e-04
4.103999999999933e+00 7.383509923331588e-04
4.109999999999934e+00 7.104605847914613e-04
4.115999999999934e+00 6.824753810259487e-04
4.121999999999934e+00 6.543993870263276e-04
4.127999999999934e+00 6.262366218716675e-04
4.133999999999935e+00 5.979911171528629e-04
4.139999999999935e+00 5.696669163924861e-04
4.145999999999935e+00 5.412680744631970e-04
4.151999999999935e+00 5.127986570044873e-04
4.157999999999936e+00 4.842627398378707e-04
4.163999999999936e+00 4.556644083805739e-04
4.169999999999936e+00 4.270077570578956e-04
4.175999999999936e+00 3.982968887141780e-04
4.181999999999936e+00 3.695359140227783e-04
4.187999999999937e+00 3.407289508943201e-04
4.193999999999937e+00 3.118801238847779e-04
4.199999999999937e+00 2.829935636017300e-04
4.205999999999937e+00 2.540734061105554e-04
4.211999999999938e+00 2.251237923388549e-04
4.217999999999938e+00 1.961488674812606e-04
4.223999999999938e+00 1.671527804025241e-04
4.229999999999938e+00 1.381396830413273e-04
4.235999999999938e+00 1.091137298121492e-04
4.241999999999939e+00 8.007907700818828e-05
4.247999999999939e+00 5.103988220306332e-05
4.253999999999939e+00 2.200030365262506e-05
4.259999999999939e+00 7.035500303065323e-06
4.265999999999940e+00 3.606337183831299e-05
4.271999999999940e+00 6.507915423986654e-05
4.277999999999940e+00 9.407869250516177e-05
4.283999999999940e+00 1.230578339400101e-04
4.289999999999941e+00 1.520124287560654e-04
4.295999999999941e+00 1.809383306681234e-04
4.301999999999941e+00 2.098313974907007e-04
4.307999999999941e+00 2.386874917337245e-04
4.313999999999941e+00 2.675024811983895e-04
4.319999999999942e+00 2.962722395713491e-04
4.325999999999942e+00 3.249926470188513e-04
4.331999999999942e+00 3.536595907790430e-04
4.337999999999942e+00 3.822689657542733e-04
4.343999999999943e+00 4.108166751015663e-04
4.349999999999943e+00 4.392986308223157e-04
4.355999999999943e+00 4.677107543502590e-04
4.361999999999943e+00 4.960489771388410e-04
4.367999999999943e+00 5.243092412463013e-04
4.373999999999944e+00 5.524874999198182e-04
4.379999999999944e+00 5.805797181778760e-04
4.385999999999944e+00 6.085818733906345e-04
4.391999999999944e+00 6.364899558594095e-04
4.397999999999945e+00 6.642999693931007e-04
4.403999999999945e+00 6.920079318836758e-04
4.409999999999945e+00 7.196098758791014e-04
4.415999999999945e+00 7.471018491542747e-04
4.421999999999946e+00 7.744799152799575e-04
4.427999999999946e+00 8.017401541889346e-04
4.433999999999946e+00 8.288786627407840e-04
4.439999999999946e+00 8.558915552830948e-04
4.445999999999946e+00 8.827749642107974e-04
4.451999999999947e+00 9.095250405226629e-04
4.457999999999947e+00 9.361379543758042e-04
4.463999999999947e+00 9.626098956362905e-04
4.469999999999947e+00 9.889370744275428e-04
4.475999999999948e+00 1.015115721676119e-03
4.481999999999948e+00 1.041142089654112e-03
4.487999999999948e+00 1.067012452518112e-03
4.493999999999948e+00 1.092723106846050e-03
4.499999999999948e+00 1.118270372169827e-03
4.505999999999949e+00 1.143650591505008e-03
4.511999999999949e+00 1.168860131877447e-03
4.517999999999949e+00 1.193895384846044e-03
4.523999999999949e+00 1.218752767021991e-03
4.529999999999950e+00 1.243428720584694e-03
4.535999999999950e+00 1.267919713793642e-03
4.541999999999950e+00 1.292222241497165e-03
4.547999999999950e+00 1.316332825636313e-03
4.553999999999951e+00 1.340248015746281e-03
4.559999999999951e+00 1.363964389452021e-03
4.565999999999951e+00 1.387478552961896e-03
4.571999999999951e+00 1.410787141555236e-03
4.577999999999951e+00 1.433886820067398e-03
4.583999999999952e+00 1.456774283369433e-03
4.589999999999952e+00 1.479446256843819e-03
4.595999999999952e+00 1.501899496855807e-03
4.601999999999952e+00 1.524130791220657e-03
4.607999999999953e+00 1.546136959665323e-03
4.613999999999953e+00 1.567914854286923e-03
4.619999999999953e+00 1.589461360005484e-03
4.625999999999953e+00 1.610773395012366e-03
4.631999999999953e+00 1.631847911213735e-03
4.637999999999954e+00 1.652681894669772e-03
4.643999999999954e+00 1.673272366027989e-03
4.649999999999954e+00 1.693616380952445e-03
4.655999999999954e+00 1.713711030547294e-03
4.661999999999955e+00 1.733553441775726e-03
4.667999999999955e+00 1.753140777873419e-03
4.673999999999955e+00 1.772470238757040e-03
4.679999999999955e+00 1.791539061427039e-03
4.685999999999956e+00 1.810344520365714e-03
4.691999999999956e+00 1.828883927928848e-03
4.697999999999956e+00 1.847154634733839e-03
4.703999999999956e+00 1.865154030039673e-03
4.709999999999956e+00 1.882879542123905e-03
4.715999999999957e+00 1.900328638651971e-03
4.721999999999957e+00 1.917498827042452e-03
4.727999999999957e+00 1.934387654825120e-03
4.733999999999957e+00 1.950992709994881e-03
4.739999999999958e+00 1.967311621358048e-03
4.745999999999958e+00 1.983342058874626e-03
4.751999999999958e+00 1.999081733992714e-03
4.757999999999958e+00 2.014528399979010e-03
4.763999999999958e+00 2.029679852241228e-03
4.769999999999959e+00 2.044533928646286e-03
4.775999999999959e+00 2.059088509831219e-03
4.781999999999959e+00 2.073341519507887e-03
4.787999999999959e+00 2.087290924762786e-03
4.793999999999960e+00 2.100934736348758e-03
4.799999999999960e+00 2.114271008972102e-03
4.805999999999960e+00 2.127297841571951e-03
4.811999999999960e+00 2.140013377594618e-03
4.817999999999961e+00 2.152415805260433e-03
4.823999999999961e+00 2.164503357824477e-03
4.829999999999961e+00 2.176274313831383e-03
4.835999999999961e+00 2.187726997362693e-03
4.841999999999961e+00 2.198859778278439e-03
4.847999999999962e+00 2.209671072451680e-03
4.853999999999962e+00 2.220159341996653e-03
4.859999999999962e+00 2.230323095489983e-03
4.865999999999962e+00 2.240160888185572e-03
4.871999999999963e+00 2.249671322222535e-03
4.877999999999963e+00 2.258853046826437e-03
4.883999999999963e+00 2.267704758504019e-03
4.889999999999963e+00 2.276225201230109e-03
4.895999999999963e+00 2.284413166629362e-03
4.901999999999964e+00 2.292267494149680e-03
4.907999999999964e+00 2.299787071229464e-03
4.913999999999964e+00 2.306970833457656e-03
4.919999999999964e+00 2.313817764727166e-03
4.925999999999965e+00 2.320326897381209e-03
4.931999999999965e+00 2.326497312352183e-03
4.937999999999965e+00 2.332328139294793e-03
4.943999999999965e+00 2.337818556710225e-03
4.949999999999966e+00 2.342967792065553e-03
4.955999999999966e+00 2.347775121904261e-03
4.961999999999966e+00 2.352239871950712e-03
4.967999999999966e+00 2.356361417207298e-03
4.973999999999966e+00 2.360139182043891e-03
4.979999999999967e+00 2.363572640281447e-03
4.985999999999967e+00 2.366661315267138e-03
4.991999999999967e+00 2.369404779943685e-03
4.997999999999967e+00 2.371802656910060e-03
5.003999999999968e+00 2.373854618476390e-03
5.009999999999968e+00 2.375560386710829e-03
5.015999999999968e+00 2.376919733479976e-03
5.021999999999968e+00 2.377932480481376e-03
5.027999999999968e+00 2.378598499269247e-03
5.033999999999969e+00 2.378917711272965e-03
5.039999999999969e+00 2.378890087808588e-03
5.045999999999969e+00 2.378515650083124e-03
5.051999999999969e+00 2.377794469190730e-03
5.057999999999970e+00 2.376726666103418e-03
5.063999999999970e+00 2.375312411653063e-03
5.069999999999970e+00 2.373551926507095e-03
5.075999999999970e+00 2.371445481136630e-03
5.081999999999971e+00 2.368993395777591e-03
5.087999999999971e+00 2.366196040384544e-03
5.093999999999971e+00 2.363053834577578e-03
5.099999999999971e+00 2.359567247581740e-03
5.105999999999971e+00 2.355736798159758e-03
5.111999999999972e+00 2.351563054537015e-03
5.117999999999972e+00 2.347046634320088e-03
5.123999999999972e+00 2.342188204407736e-03
5.129999999999972e+00 2.336988480894725e-03
5.135999999999973e+00 2.331448228969121e-03
5.141999999999973e+00 2.325568262801711e-03
5.147999999999973e+00 2.319349445429122e-03
5.153999999999973e+00 2.312792688629536e-03
5.159999999999973e+00 2.305898952791235e-03
5.165999999999974e+00 2.298669246774646e-03
5.171999999999974e+00 2.291104627766910e-03
5.177999999999974e+00 2.283206201129734e-03
5.183999999999974e+00 2.274975120240233e-03
5.189999999999975e+00 2.266412586325178e-03
5.195999999999975e+00 2.257519848287579e-03
5.201999999999975e+00 2.248298202527275e-03
5.207999999999975e+00 2.238748992754190e-03
5.213999999999976e+00 2.228873609795005e-03
5.219999999999976e+00 2.218673491392570e-03
5.225999999999976e+00 2.208150121999437e-03
5.231999999999976e+00 2.197305032563837e-03
5.237999999999976e+00 2.186139800309291e-03
5.243999999999977e+00 2.174656048507716e-03
5.249999999999977e+00 2.162855446245660e-03
5.255999999999977e+00 2.150739708183838e-03
5.261999999999977e+00 2.138310594310666e-03
5.267999999999978e+00 2.125569909688509e-03
5.273999999999978e+00 2.112519504194134e-03
5.279999999999978e+00 2.099161272252143e-03
5.285999999999978e+00 2.085497152562402e-03
5.291999999999978e+00 2.071529127820909e-03
5.297999999999979e+00 2.057259224434352e-03
5.303999999999979e+00 2.042689512228316e-03
5.309999999999979e+00 2.027822104149452e-03
5.315999999999979e+00 2.012659155961112e-03
5.321999999999980e+00 1.997202865933113e-03
5.327999999999980e+00 1.981455474525287e-03
5.333999999999980e+00 1.965419264064822e-03
5.339999999999980e+00 1.949096558417823e-03
5.345999999999981e+00 1.932489722654612e-03
5.351999999999981e+00 1.915601162709377e-03
5.357999999999981e+00 1.898433325033630e-03
5.363999999999981e+00 1.880988696244229e-03
5.369999999999981e+00 1.863269802765216e-03
5.375999999999982e+00 1.845279210464124e-03
5.381999999999982e+00 1.827019524282714e-03
5.387999999999982e+00 1.808493387861709e-03
5.393999999999982e+00 1.789703483160460e-03
5.399999999999983e+00 1.770652530070596e-03
5.405999999999983e+00 1.751343286024609e-03
5.411999999999983e+00 1.731778545598917e-03
5.417999999999983e+00 1.711961140111268e-03
5.423999999999984e+00 1.691893937213529e-03
5.429999999999984e+00 1.671579840478360e-03
5.435999999999984e+00 1.651021788981660e-03
5.441999999999984e+00 1.630222756879102e-03
5.447999999999984e+00 1.609185752978137e-03
5.453999999999985e+00 1.587913820304709e-03
5.459999999999985e+00 1.566410035665239e-03
5.465999999999985e+00 1.544677509203618e-03
5.471999999999985e+00 1.522719383953486e-03
5.477999999999986e+00 1.500538835385562e-03
5.483999999999986e+00 1.478139070950873e-03
5.489999999999986e+00 1.455523329618541e-03
5.495999999999986e+00 1.432694881409680e-03
5.501999999999986e+00 1.409657026926636e-03
5.507999999999987e+00 1.386413096877731e-03
5.513999999999987e+00 1.362966451597808e-03
5.519999999999987e+00 1.339320480564482e-03
5.525999999999987e+00 1.315478601909892e-03
5.531999999999988e+00 1.291444261928981e-03
5.537999999999988e+00 1.267220934583063e-03
5.543999999999988e+00 1.242812120999776e-03
5.549999999999988e+00 1.218221348969123e-03
5.555999999999989e+00 1.193452172435328e-03
5.561999999999989e+00 1.168508170985350e-03
5.567999999999989e+00 1.143392949333522e-03
5.573999999999989e+00 1.118110136802686e-03
5.579999999999989e+00 1.092663386801307e-03
5.585999999999990e+00 1.067056376297948e-03
5.591999999999990e+00 1.041292805291527e-03
5.597999999999990e+00 1.015376396278966e-03
5.603999999999990e+00 9.893108937188422e-04
5.609999999999991e+00 9.631000634929276e-04
5.615999999999991e+00 9.367476923631823e-04
5.621999999999991e+00 9.102575874274099e-04
5.627999999999991e+00 8.836335755704194e-04
5.633999999999991e+00 8.568795029137433e-04
5.639999999999992e+00 8.299992342612472e-04
5.645999999999992e+00 8.029966525432419e-04
5.651999999999992e+00 7.758756582574300e-04
5.657999999999992e+00 7.486401689066335e-04
5.663999999999993e+00 7.212941184358557e-04
5.669999999999993e+00 6.938414566651230e-04
5.675999999999993e+00 6.662861487211624e-04
5.681999999999993e+00 6.386321744664136e-04
5.687999999999994e+00 6.108835279260982e-04
5.693999999999994e+00 5.830442167133465e-04
5.699999999999994e+00 5.551182614518257e-04
5.705999999999994e+00 5.271096951973697e-04
5.711999999999994e+00 4.990225628569434e-04
5.717999999999995e+00 4.708609206064418e-04
5.723999999999995e+00 4.426288353067687e-04
5.729999999999995e+00 4.143303839184154e-04
5.735999999999995e+00 3.859696529140977e-04
5.741999999999996e+00 3.575507376908926e-04
5.747999999999996e+00 3.290777419804325e-04
5.753999999999996e+00 3.005547772579331e-04
5.759999999999996e+00 2.719859621505005e-04
5.765999999999996e+00 2.433754218442163e-04
5.771999999999997e+00 2.147272874897244e-04
5.777999999999997e+00 1.860456956080947e-04
5.783999999999997e+00 1.573347874950781e-04
5.789999999999997e+00 1.285987086246942e-04
5.795999999999998e+00 9.984160805254216e-05
5.801999999999998e+00 7.106763781838943e-05
5.807999999999998e+00 4.228095234865004e-05
5.813999999999998e+00 1.348570785797421e-05
5.819999999999999e+00 1.531393824888427e-05
5.825999999999999e+00 4.411382797619989e-05
5.831999999999999e+00 7.290980333474195e-05
5.837999999999999e+00 1.016977069417391e-04
5.843999999999999e+00 1.304733826184012e-04
5.850000000000000e+00 1.592326759888296e-04
5.856000000000000e+00 1.879714350779271e-04
5.862000000000000e+00 2.166855109093091e-04
5.868000000000000e+00 2.453707581023257e-04
5.874000000000001e+00 2.740230354693063e-04
5.880000000000001e+00 3.026382066110833e-04
5.886000000000001e+00 3.312121405137369e-04
5.892000000000001e+00 3.597407121416762e-04
5.898000000000001e+00 3.882198030330519e-04
5.904000000000002e+00 4.166453018918381e-04
5.910000000000002e+00 4.450131051797479e-04
5.916000000000002e+00 4.733191177075935e-04
5.922000000000002e+00 5.015592532242041e-04
5.928000000000003e+00 5.297294350049553e-04
5.934000000000003e+00 5.578255964389101e-04
5.940000000000003e+00 5.858436816143509e-04
5.946000000000003e+00 6.137796459018130e-04
5.952000000000004e+00 6.416294565376734e-04
5.958000000000004e+00 6.693890932037982e-04
5.964000000000004e+00 6.970545486069124e-04
5.970000000000004e+00 7.246218290548612e-04
5.976000000000004e+00 7.520869550324272e-04
5.982000000000005e+00 7.794459617736504e-04
5.988000000000005e+00 8.066948998328716e-04
5.994000000000005e+00 8.338298356531104e-04
