0.000000000000000e+00 0.000000000000000e+00
6.000000000000000e-03 7.210760984296093e-08
1.200000000000000e-02 1.437780217033253e-07
1.800000000000000e-02 2.150060407796086e-07
2.400000000000000e-02 2.857864902067707e-07
3.000000000000000e-02 3.561142117981895e-07
3.600000000000000e-02 4.259840672019358e-07
4.200000000000000e-02 4.953909391500720e-07
4.799999999999999e-02 5.643297323679186e-07
5.399999999999999e-02 6.327953746541361e-07
5.999999999999999e-02 7.007828183103540e-07
6.599999999999999e-02 7.682870407175330e-07
7.199999999999999e-02 8.353030457449936e-07
7.800000000000000e-02 9.018258646242838e-07
8.400000000000001e-02 9.678505573321866e-07
9.000000000000001e-02 1.033372213177924e-06
9.600000000000002e-02 1.098385952318440e-06
1.020000000000000e-01 1.162886926258863e-06
1.080000000000000e-01 1.226870319583767e-06
1.140000000000000e-01 1.290331350215640e-06
1.200000000000000e-01 1.353265270984810e-06
1.260000000000000e-01 1.415667370554055e-06
1.320000000000000e-01 1.477532974174939e-06
1.380000000000000e-01 1.538857444825792e-06
1.440000000000000e-01 1.599636184276831e-06
1.500000000000000e-01 1.659864633955788e-06
1.560000000000001e-01 1.719538275952309e-06
1.620000000000001e-01 1.778652634159411e-06
1.680000000000001e-01 1.837203274804300e-06
1.740000000000001e-01 1.895185807735539e-06
1.800000000000001e-01 1.952595887276531e-06
1.860000000000001e-01 2.009429213273295e-06
1.920000000000001e-01 2.065681531555896e-06
1.980000000000001e-01 2.121348635412967e-06
2.040000000000001e-01 2.176426366441719e-06
2.100000000000001e-01 2.230910614922643e-06
2.160000000000001e-01 2.284797321026877e-06
2.220000000000001e-01 2.338082476058267e-06
2.280000000000001e-01 2.390762122550516e-06
2.340000000000001e-01 2.442832355717406e-06
2.400000000000001e-01 2.494289324111998e-06
2.460000000000001e-01 2.545129230507870e-06
2.520000000000001e-01 2.595348332558312e-06
2.580000000000001e-01 2.644942943788586e-06
2.640000000000001e-01 2.693909434185737e-06
2.700000000000001e-01 2.742244231523916e-06
2.760000000000001e-01 2.789943821315810e-06
2.820000000000001e-01 2.837004748318384e-06
2.880000000000001e-01 2.883423616970027e-06
2.940000000000002e-01 2.929197092077507e-06
3.000000000000002e-01 2.974321899898436e-06
3.060000000000002e-01 3.018794828446580e-06
3.120000000000002e-01 3.062612728449432e-06
3.180000000000002e-01 3.105772514028216e-06
3.240000000000002e-01 3.148271163516680e-06
3.300000000000002e-01 3.190105719683145e-06
3.360000000000002e-01 3.231273291159908e-06
3.420000000000002e-01 3.271771052401617e-06
3.480000000000002e-01 3.311596244698345e-06
3.540000000000002e-01 3.350746176744579e-06
3.600000000000002e-01 3.389218225305357e-06
3.660000000000002e-01 3.427009835785255e-06
3.720000000000002e-01 3.464118522741866e-06
3.780000000000002e-01 3.500541870718465e-06
3.840000000000002e-01 3.536277534618715e-06
3.900000000000002e-01 3.571323240414426e-06
3.960000000000002e-01 3.605676785589651e-06
4.020000000000002e-01 3.639336039723551e-06
4.080000000000003e-01 3.672298945184282e-06
4.140000000000003e-01 3.704563517281656e-06
4.200000000000003e-01 3.736127845099801e-06
4.260000000000003e-01 3.766990092024525e-06
4.320000000000003e-01 3.797148495882086e-06
4.380000000000003e-01 3.826601369910643e-06
4.440000000000003e-01 3.855347102676987e-06
4.500000000000003e-01 3.883384158936964e-06
4.560000000000003e-01 3.910711079802009e-06
4.620000000000003e-01 3.937326483488546e-06
4.680000000000003e-01 3.963229065401253e-06
4.740000000000003e-01 3.988417598604910e-06
4.800000000000003e-01 4.012890934407265e-06
4.860000000000003e-01 4.036648002386789e-06
4.920000000000003e-01 4.059687811114321e-06
4.980000000000003e-01 4.082009448319601e-06
5.040000000000003e-01 4.103612081085561e-06
5.100000000000003e-01 4.124494956458946e-06
5.160000000000003e-01 4.144657401700114e-06
5.220000000000004e-01 4.164098824172013e-06
5.280000000000004e-01 4.182818712228364e-06
5.340000000000004e-01 4.200816635158144e-06
5.400000000000004e-01 4.218092243407634e-06
5.460000000000004e-01 4.234645268885728e-06
5.520000000000004e-01 4.250475525241493e-06
5.580000000000004e-01 4.265582908113963e-06
5.640000000000004e-01 4.279967394910100e-06
5.700000000000004e-01 4.293629045859504e-06
5.760000000000004e-01 4.306568003265010e-06
5.820000000000004e-01 4.318784492252092e-06
5.880000000000004e-01 4.330278820685596e-06
5.940000000000004e-01 4.341051379253003e-06
6.000000000000004e-01 4.351102641964033e-06
6.060000000000004e-01 4.360433165595534e-06
6.120000000000004e-01 4.369043590524146e-06
6.180000000000004e-01 4.376934640282215e-06
6.240000000000004e-01 4.384107121668812e-06
6.300000000000004e-01 4.390561925360359e-06
6.360000000000005e-01 4.396300025077959e-06
6.420000000000005e-01 4.401322478198022e-06
6.480000000000005e-01 4.405630425807772e-06
6.540000000000005e-01 4.409225092372182e-06
6.600000000000005e-01 4.412107786011532e-06
6.660000000000005e-01 4.414279898057316e-06
6.720000000000005e-01 4.415742903607356e-06
6.780000000000005e-01 4.416498361137222e-06
6.840000000000005e-01 4.416547912389213e-06
6.900000000000005e-01 4.415893282316841e-06
6.960000000000005e-01 4.414536279195858e-06
7.020000000000005e-01 4.412478794180164e-06
7.080000000000005e-01 4.409722801745897e-06
7.140000000000005e-01 4.406270358747744e-06
7.200000000000005e-01 4.402123605140584e-06
7.260000000000005e-01 4.397284763091314e-06
7.320000000000005e-01 4.391756137145375e-06
7.380000000000005e-01 4.385540114282271e-06
7.440000000000005e-01 4.378639163304943e-06
7.500000000000006e-01 4.371055834562210e-06
7.560000000000006e-01 4.362792760392864e-06
7.620000000000006e-01 4.353852654126467e-06
7.680000000000006e-01 4.344238310194370e-06
7.740000000000006e-01 4.333952603907676e-06
7.800000000000006e-01 4.322998491179675e-06
7.860000000000006e-01 4.311379007970739e-06
7.920000000000006e-01 4.299097270399344e-06
7.980000000000006e-01 4.286156473853886e-06
8.040000000000006e-01 4.272559893603312e-06
8.100000000000006e-01 4.258310883409333e-06
8.160000000000006e-01 4.243412875803987e-06
8.220000000000006e-01 4.227869381645544e-06
8.280000000000006e-01 4.211683989674420e-06
8.340000000000006e-01 4.194860366124598e-06
8.400000000000006e-01 4.177402254390561e-06
8.460000000000006e-01 4.159313474416670e-06
8.520000000000006e-01 4.140597922475120e-06
8.580000000000007e-01 4.121259570777358e-06
8.640000000000007e-01 4.101302466974488e-06
8.700000000000007e-01 4.080730733435622e-06
8.760000000000007e-01 4.059548567136861e-06
8.820000000000007e-01 4.037760239050669e-06
8.880000000000007e-01 4.015370093646276e-06
8.940000000000007e-01 3.992382548390072e-06
9.000000000000007e-01 3.968802093190504e-06
9.060000000000007e-01 3.944633289842958e-06
9.120000000000007e-01 3.919880771863227e-06
9.180000000000007e-01 3.894549243155243e-06
9.240000000000007e-01 3.868643478288636e-06
9.300000000000007e-01 3.842168321332995e-06
9.360000000000007e-01 3.815128685857871e-06
9.420000000000007e-01 3.787529553489488e-06
9.480000000000007e-01 3.759375974243806e-06
9.540000000000007e-01 3.730673065027723e-06
9.600000000000007e-01 3.701426010083164e-06
9.660000000000007e-01 3.671640058988679e-06
9.720000000000008e-01 3.641320527214553e-06
9.780000000000008e-01 3.610472795012587e-06
9.840000000000008e-01 3.579102306583426e-06
9.900000000000008e-01 3.547214569521451e-06
9.960000000000008e-01 3.514815154204154e-06
1.002000000000001e+00 3.481909693181517e-06
1.008000000000001e+00 3.448503880010279e-06
1.014000000000001e+00 3.414603469198418e-06
1.020000000000001e+00 3.380214275039428e-06
1.026000000000001e+00 3.345342170946175e-06
1.032000000000001e+00 3.309993088729257e-06
1.038000000000001e+00 3.274173017930870e-06
1.044000000000001e+00 3.237888004825606e-06
1.050000000000001e+00 3.201144151976365e-06
1.056000000000001e+00 3.163947617346174e-06
1.062000000000001e+00 3.126304613076947e-06
1.068000000000001e+00 3.088221405600500e-06
1.074000000000001e+00 3.049704313640156e-06
1.080000000000001e+00 3.010759708765853e-06
1.086000000000001e+00 2.971394013395745e-06
1.092000000000001e+00 2.931613700463132e-06
1.098000000000001e+00 2.891425292639305e-06
1.104000000000001e+00 2.850835361334347e-06
1.110000000000001e+00 2.809850525919977e-06
1.116000000000001e+00 2.768477452841367e-06
1.122000000000001e+00 2.726722854617947e-06
1.128000000000001e+00 2.684593489288289e-06
1.134000000000001e+00 2.642096159188867e-06
1.140000000000001e+00 2.599237710287916e-06
1.146000000000001e+00 2.556025031186238e-06
1.152000000000001e+00 2.512465052006974e-06
1.158000000000001e+00 2.468564743840496e-06
1.164000000000001e+00 2.424331118078271e-06
1.170000000000001e+00 2.379771224414462e-06
1.176000000000001e+00 2.334892150956946e-06
1.182000000000001e+00 2.289701022895052e-06
1.188000000000001e+00 2.244205001722399e-06
1.194000000000001e+00 2.198411283682589e-06
1.200000000000001e+00 2.152327099880225e-06
1.206000000000001e+00 2.105959714393535e-06
1.212000000000001e+00 2.059316423608237e-06
1.218000000000001e+00 2.012404555329361e-06
1.224000000000001e+00 1.965231467671025e-06
1.230000000000001e+00 1.917804548279278e-06
1.236000000000001e+00 1.870131213110859e-06
1.242000000000001e+00 1.822218905767059e-06
1.248000000000001e+00 1.774075095828387e-06
1.254000000000001e+00 1.725707278854571e-06
1.260000000000001e+00 1.677122974275136e-06
1.266000000000001e+00 1.628329725500421e-06
1.272000000000001e+00 1.579335097701140e-06
1.278000000000001e+00 1.530146678030420e-06
1.284000000000001e+00 1.480772073514380e-06
1.290000000000001e+00 1.431218910941112e-06
1.296000000000001e+00 1.381494835084318e-06
1.302000000000001e+00 1.331607507926158e-06
1.308000000000001e+00 1.281564608213159e-06
1.314000000000001e+00 1.231373829457816e-06
1.320000000000001e+00 1.181042879161431e-06
1.326000000000001e+00 1.130579478481053e-06
1.332000000000001e+00 1.079991360453114e-06
1.338000000000001e+00 1.029286268883212e-06
1.344000000000001e+00 9.784719579020162e-07
1.350000000000001e+00 9.275561905219831e-07
1.356000000000001e+00 8.765467374161062e-07
1.362000000000001e+00 8.254513764738292e-07
1.368000000000001e+00 7.742778906916215e-07
1.374000000000001e+00 7.230340685060455e-07
1.380000000000001e+00 6.717277017953549e-07
1.386000000000001e+00 6.203665845472273e-07
1.392000000000001e+00 5.689585129697861e-07
1.398000000000001e+00 5.175112833821771e-07
1.404000000000001e+00 4.660326916594570e-07
1.410000000000001e+00 4.145305316782810e-07
1.416000000000001e+00 3.630125950948582e-07
1.422000000000001e+00 3.114866696796170e-07
1.428000000000001e+00 2.599605379849379e-07
1.434000000000001e+00 2.084419771231083e-07
1.440000000000001e+00 1.569387569899661e-07
1.446000000000001e+00 1.054586393767210e-07
1.452000000000001e+00 5.400937752586543e-08
1.458000000000001e+00 2.598713799706331e-09
1.464000000000001e+00 4.876562031963516e-08
1.470000000000001e+00 1.000759053404465e-07
1.476000000000001e+00 1.513244355377807e-07
1.482000000000001e+00 2.025035191755009e-07
1.488000000000001e+00 2.536054803936594e-07
1.494000000000001e+00 3.046226592084977e-07
1.500000000000001e+00 3.555474137328929e-07
1.506000000000001e+00 4.063721202873793e-07
1.512000000000001e+00 4.570891749544614e-07
1.518000000000001e+00 5.076909945778141e-07
1.524000000000001e+00 5.581700176504611e-07
1.530000000000001e+00 6.085187049809093e-07
1.536000000000001e+00 6.587295417470607e-07
1.542000000000001e+00 7.087950378292796e-07
1.548000000000001e+00 7.587077286430599e-07
1.554000000000001e+00 8.084601767488486e-07
1.560000000000001e+00 8.580449723516459e-07
1.566000000000001e+00 9.074547347998063e-07
1.572000000000001e+00 9.566821132511727e-07
1.578000000000001e+00 1.005719787783299e-06
1.584000000000001e+00 1.054560470337140e-06
1.590000000000001e+00 1.103196905938297e-06
1.596000000000001e+00 1.151621873529685e-06
1.602000000000001e+00 1.199828186859708e-06
1.608000000000001e+00 1.247808695648001e-06
1.614000000000001e+00 1.295556286640132e-06
1.620000000000001e+00 1.343063884218232e-06
1.626000000000001e+00 1.390324451844283e-06
1.632000000000001e+00 1.437330992726249e-06
1.638000000000001e+00 1.484076550817282e-06
1.644000000000001e+00 1.530554211814916e-06
1.650000000000001e+00 1.576757104271298e-06
1.656000000000001e+00 1.622678400203803e-06
1.662000000000001e+00 1.668311316260773e-06
1.668000000000001e+00 1.713649114609694e-06
1.674000000000001e+00 1.758685103991908e-06
1.680000000000001e+00 1.803412640222213e-06
1.686000000000001e+00 1.847825127798686e-06
1.692000000000001e+00 1.891916020124729e-06
1.698000000000001e+00 1.935678820674802e-06
1.704000000000001e+00 1.979107084271181e-06
1.710000000000001e+00 2.022194417194978e-06
1.716000000000001e+00 2.064934478795966e-06
1.722000000000001e+00 2.107320981825644e-06
1.728000000000001e+00 2.149347693769510e-06
1.734000000000001e+00 2.191008437291142e-06
1.740000000000001e+00 2.232297091453450e-06
1.746000000000001e+00 2.273207592162763e-06
1.752000000000001e+00 2.313733933390072e-06
1.758000000000001e+00 2.353870167726146e-06
1.764000000000001e+00 2.393610407436242e-06
1.770000000000001e+00 2.432948824959702e-06
1.776000000000001e+00 2.471879654075693e-06
1.782000000000001e+00 2.510397190347291e-06
1.788000000000001e+00 2.548495792231709e-06
1.794000000000001e+00 2.586169881635403e-06
1.800000000000001e+00 2.623413944635722e-06
1.806000000000001e+00 2.660222532591128e-06
1.812000000000001e+00 2.696590262474263e-06
1.818000000000001e+00 2.732511817871153e-06
1.824000000000001e+00 2.767981949591825e-06
1.830000000000001e+00 2.802995476447467e-06
1.836000000000001e+00 2.837547285972075e-06
1.842000000000001e+00 2.871632335144092e-06
1.848000000000001e+00 2.905245650941524e-06
1.854000000000001e+00 2.938382331285627e-06
1.860000000000001e+00 2.971037545318467e-06
1.866000000000001e+00 3.003206534457625e-06
1.872000000000001e+00 3.034884612951316e-06
1.878000000000001e+00 3.066067168377984e-06
1.884000000000001e+00 3.096749662423459e-06
1.890000000000001e+00 3.126927631325049e-06
1.896000000000001e+00 3.156596686815227e-06
1.902000000000001e+00 3.185752516343676e-06
1.908000000000001e+00 3.214390883882201e-06
1.914000000000001e+00 3.242507630479841e-06
1.920000000000001e+00 3.270098674901245e-06
1.926000000000001e+00 3.297160013959743e-06
1.932000000000001e+00 3.323687723294499e-06
1.938000000000001e+00 3.349677957842356e-06
1.944000000000002e+00 3.375126952254170e-06
1.950000000000002e+00 3.400031021644212e-06
1.956000000000002e+00 3.424386561673431e-06
1.962000000000002e+00 3.448190049715194e-06
1.968000000000002e+00 3.471438044549968e-06
1.974000000000002e+00 3.494127187447793e-06
1.980000000000002e+00 3.516254202251545e-06
1.986000000000002e+00 3.537815896098584e-06
1.992000000000002e+00 3.558809159642795e-06
1.998000000000002e+00 3.579230967637459e-06
2.004000000000001e+00 3.599078379296072e-06
2.010000000000001e+00 3.618348538486638e-06
2.016000000000001e+00 3.637038674231263e-06
2.022000000000001e+00 3.655146101316786e-06
2.028000000000000e+00 3.672668220489061e-06
2.034000000000000e+00 3.689602518619495e-06
2.040000000000000e+00 3.705946569482199e-06
2.046000000000000e+00 3.721698033545828e-06
2.052000000000000e+00 3.736854658639710e-06
2.057999999999999e+00 3.751414280286913e-06
2.063999999999999e+00 3.765374821704248e-06
2.069999999999999e+00 3.778734294274111e-06
2.075999999999999e+00 3.791490797905306e-06
2.081999999999999e+00 3.803642521019168e-06
2.087999999999998e+00 3.815187741063042e-06
2.093999999999998e+00 3.826124824371502e-06
2.099999999999998e+00 3.836452226874121e-06
2.105999999999998e+00 3.846168493762403e-06
2.111999999999997e+00 3.855272260232245e-06
2.117999999999997e+00 3.863762251171687e-06
2.123999999999997e+00 3.871637281528673e-06
2.129999999999997e+00 3.878896256512276e-06
2.135999999999997e+00 3.885538171689851e-06
2.141999999999996e+00 3.891562112987024e-06
2.147999999999996e+00 3.896967257055461e-06
2.153999999999996e+00 3.901752871106334e-06
2.159999999999996e+00 3.905918313073381e-06
2.165999999999995e+00 3.909463031848831e-06
2.171999999999995e+00 3.912386567156770e-06
2.177999999999995e+00 3.914688549571353e-06
2.183999999999995e+00 3.916368700732781e-06
2.189999999999995e+00 3.917426833328214e-06
2.195999999999994e+00 3.917862850810749e-06
2.201999999999994e+00 3.917676747906829e-06
2.207999999999994e+00 3.916868610100155e-06
2.213999999999994e+00 3.915438613937006e-06
2.219999999999994e+00 3.913387026779902e-06
2.225999999999993e+00 3.910714206946386e-06
2.231999999999993e+00 3.907420603438405e-06
2.237999999999993e+00 3.903506755942310e-06
2.243999999999993e+00 3.898973294794161e-06
2.249999999999992e+00 3.893820940764625e-06
2.255999999999992e+00 3.888050505024276e-06
2.261999999999992e+00 3.881662888949311e-06
2.267999999999992e+00 3.874659084024401e-06
2.273999999999992e+00 3.867040171620650e-06
2.279999999999991e+00 3.858807322829061e-06
2.285999999999991e+00 3.849961798543799e-06
2.291999999999991e+00 3.840504948643408e-06
2.297999999999991e+00 3.830438212476528e-06
2.303999999999991e+00 3.819763118098618e-06
2.309999999999990e+00 3.808481282535636e-06
2.315999999999990e+00 3.796594410937493e-06
2.321999999999990e+00 3.784104296938873e-06
2.327999999999990e+00 3.771012821840447e-06
2.333999999999989e+00 3.757321954817039e-06
2.339999999999989e+00 3.743033752084957e-06
2.345999999999989e+00 3.728150357096283e-06
2.351999999999989e+00 3.712673999956007e-06
2.357999999999989e+00 3.696606997061203e-06
2.363999999999988e+00 3.679951750878985e-06
2.369999999999988e+00 3.662710749474662e-06
2.375999999999988e+00 3.644886566234184e-06
2.381999999999988e+00 3.626481859420050e-06
2.387999999999987e+00 3.607499371754974e-06
2.393999999999987e+00 3.587941930116578e-06
2.399999999999987e+00 3.567812444982277e-06
2.405999999999987e+00 3.547113910096211e-06
2.411999999999987e+00 3.525849401969650e-06
2.417999999999986e+00 3.504022079464653e-06
2.423999999999986e+00 3.481635183238962e-06
2.429999999999986e+00 3.458692035385180e-06
2.435999999999986e+00 3.435196038958921e-06
2.441999999999986e+00 3.411150677257169e-06
2.447999999999985e+00 3.386559513512966e-06
2.453999999999985e+00 3.361426190340300e-06
2.459999999999985e+00 3.335754429206750e-06
2.465999999999985e+00 3.309548029628573e-06
2.471999999999984e+00 3.282810869031927e-06
2.477999999999984e+00 3.255546901947959e-06
2.483999999999984e+00 3.227760159318915e-06
2.489999999999984e+00 3.199454748192831e-06
2.495999999999984e+00 3.170634851001886e-06
2.501999999999983e+00 3.141304724674221e-06
2.507999999999983e+00 3.111468700522924e-06
2.513999999999983e+00 3.081131183191310e-06
2.519999999999983e+00 3.050296650264350e-06
2.525999999999982e+00 3.018969651324976e-06
2.531999999999982e+00 2.987154807676529e-06
2.537999999999982e+00 2.954856811343554e-06
2.543999999999982e+00 2.922080424516693e-06
2.549999999999982e+00 2.888830478831039e-06
2.555999999999981e+00 2.855111874700000e-06
2.561999999999981e+00 2.820929580482634e-06
2.567999999999981e+00 2.786288632039557e-06
2.573999999999981e+00 2.751194131567214e-06
2.579999999999981e+00 2.715651247042761e-06
2.585999999999980e+00 2.679665211946514e-06
2.591999999999980e+00 2.643241323596612e-06
2.597999999999980e+00 2.606384942926976e-06
2.603999999999980e+00 2.569101493876680e-06
2.609999999999979e+00 2.531396462113200e-06
2.615999999999979e+00 2.493275394588323e-06
2.621999999999979e+00 2.454743898427925e-06
2.627999999999979e+00 2.415807640543388e-06
2.633999999999979e+00 2.376472346188319e-06
2.639999999999978e+00 2.336743798958540e-06
2.645999999999978e+00 2.296627839237786e-06
2.651999999999978e+00 2.256130363309516e-06
2.657999999999978e+00 2.215257323467945e-06
2.663999999999977e+00 2.174014725742079e-06
2.669999999999977e+00 2.132408630284299e-06
2.675999999999977e+00 2.090445149705022e-06
2.681999999999977e+00 2.048130448462082e-06
2.687999999999977e+00 2.005470741917037e-06
2.693999999999976e+00 1.962472295446993e-06
2.699999999999976e+00 1.919141423611936e-06
2.705999999999976e+00 1.875484489044510e-06
2.711999999999976e+00 1.831507901728369e-06
2.717999999999976e+00 1.787218117887956e-06
2.723999999999975e+00 1.742621639322373e-06
2.729999999999975e+00 1.697725012017592e-06
2.735999999999975e+00 1.652534825757890e-06
2.741999999999975e+00 1.607057712571525e-06
2.747999999999974e+00 1.561300346286654e-06
2.753999999999974e+00 1.515269441254574e-06
2.759999999999974e+00 1.468971751461545e-06
2.765999999999974e+00 1.422414069529587e-06
2.771999999999974e+00 1.375603225772792e-06
2.777999999999973e+00 1.328546087309146e-06
2.783999999999973e+00 1.281249556728259e-06
2.789999999999973e+00 1.233720571425234e-06
2.795999999999973e+00 1.185966102434932e-06
2.801999999999973e+00 1.137993153488281e-06
2.807999999999972e+00 1.089808759957567e-06
2.813999999999972e+00 1.041419987912739e-06
2.819999999999972e+00 9.928339327336388e-07
2.825999999999972e+00 9.440577188879473e-07
2.831999999999971e+00 8.950984979883003e-07
2.837999999999971e+00 8.459634481816636e-07
2.843999999999971e+00 7.966597732611547e-07
2.849999999999971e+00 7.471947014447977e-07
2.855999999999971e+00 6.975754840432558e-07
2.861999999999970e+00 6.478093950712527e-07
2.867999999999970e+00 5.979037295267275e-07
2.873999999999970e+00 5.478658028357231e-07
2.879999999999970e+00 4.977029494646068e-07
2.885999999999969e+00 4.474225220318928e-07
2.891999999999969e+00 3.970318900869962e-07
2.897999999999969e+00 3.465384392220550e-07
2.903999999999969e+00 2.959495700172177e-07
2.909999999999969e+00 2.452726965973540e-07
2.915999999999968e+00 1.945152462989874e-07
2.921999999999968e+00 1.436846575608719e-07
2.927999999999968e+00 9.278837986848032e-08
2.933999999999968e+00 4.183387197764787e-08
2.939999999999968e+00 9.171398640539508e-09
2.945999999999967e+00 6.021995757610199e-08
2.951999999999967e+00 1.113043237577216e-07
2.957999999999967e+00 1.624170109515433e-07
2.963999999999967e+00 2.135505291489537e-07
2.969999999999966e+00 2.646973848996481e-07
2.975999999999966e+00 3.158500830324762e-07
2.981999999999966e+00 3.670011275436202e-07
2.987999999999966e+00 4.181430224292626e-07
2.993999999999966e+00 4.692682731843867e-07
2.999999999999965e+00 5.203693877464666e-07
3.005999999999965e+00 5.714388773281343e-07
3.011999999999965e+00 6.224692578604696e-07
3.017999999999965e+00 6.734530508256675e-07
3.023999999999964e+00 7.243827844227724e-07
3.029999999999964e+00 7.752509947334119e-07
3.035999999999964e+00 8.260502266099756e-07
3.041999999999964e+00 8.767730350633940e-07
3.047999999999964e+00 9.274119858182495e-07
3.053999999999963e+00 9.779596570891336e-07
3.059999999999963e+00 1.028408639913714e-06
3.065999999999963e+00 1.078751539873579e-06
3.071999999999963e+00 1.128980977649352e-06
3.077999999999963e+00 1.179089590352955e-06
3.083999999999962e+00 1.229070032693347e-06
3.089999999999962e+00 1.278914977864698e-06
3.095999999999962e+00 1.328617118601105e-06
3.101999999999962e+00 1.378169168064769e-06
3.107999999999961e+00 1.427563861455816e-06
3.113999999999961e+00 1.476793956400879e-06
3.119999999999961e+00 1.525852234618430e-06
3.125999999999961e+00 1.574731502196336e-06
3.131999999999961e+00 1.623424591590261e-06
3.137999999999960e+00 1.671924361956734e-06
3.143999999999960e+00 1.720223700152346e-06
3.149999999999960e+00 1.768315522343578e-06
3.155999999999960e+00 1.816192774450887e-06
3.161999999999960e+00 1.863848433480975e-06
3.167999999999959e+00 1.911275508525989e-06
3.173999999999959e+00 1.958467041651701e-06
3.179999999999959e+00 2.005416108785685e-06
3.185999999999959e+00 2.052115820994072e-06
3.191999999999958e+00 2.098559325647287e-06
3.197999999999958e+00 2.144739806642093e-06
3.203999999999958e+00 2.190650486288970e-06
3.209999999999958e+00 2.236284625700691e-06
3.215999999999958e+00 2.281635525902548e-06
3.221999999999957e+00 2.326696528887062e-06
3.227999999999957e+00 2.371461018668697e-06
3.233999999999957e+00 2.415922421838967e-06
3.239999999999957e+00 2.460074208787688e-06
3.245999999999956e+00 2.503909894979728e-06
3.251999999999956e+00 2.547423041288077e-06
3.257999999999956e+00 2.590607255215094e-06
3.263999999999956e+00 2.633456191836192e-06
3.269999999999956e+00 2.675963554410465e-06
3.275999999999955e+00 2.718123095823977e-06
3.281999999999955e+00 2.759928619366914e-06
3.287999999999955e+00 2.801373979011146e-06
3.293999999999955e+00 2.842453080964535e-06
3.299999999999955e+00 2.883159884503605e-06
3.305999999999954e+00 2.923488402473140e-06
3.311999999999954e+00 2.963432702562940e-06
3.317999999999954e+00 3.002986907751914e-06
3.323999999999954e+00 3.042145197473811e-06
3.329999999999953e+00 3.080901808394376e-06
3.335999999999953e+00 3.119251035188508e-06
3.341999999999953e+00 3.157187231372927e-06
3.347999999999953e+00 3.194704809972304e-06
3.353999999999953e+00 3.231798244796025e-06
3.359999999999952e+00 3.268462070660227e-06
3.365999999999952e+00 3.304690884553541e-06
3.371999999999952e+00 3.340479346303216e-06
3.377999999999952e+00 3.375822179296772e-06
3.383999999999951e+00 3.410714171425688e-06
3.389999999999951e+00 3.445150175418465e-06
3.395999999999951e+00 3.479125110172898e-06
3.401999999999951e+00 3.512633961033629e-06
3.407999999999951e+00 3.545671780791348e-06
3.413999999999950e+00 3.578233690071375e-06
3.419999999999950e+00 3.610314878471632e-06
3.425999999999950e+00 3.641910604784693e-06
3.431999999999950e+00 3.673016198274537e-06
3.437999999999950e+00 3.703627058454506e-06
3.443999999999949e+00 3.733738656974683e-06
3.449999999999949e+00 3.763346537094536e-06
3.455999999999949e+00 3.792446314987430e-06
3.461999999999949e+00 3.821033680212471e-06
3.467999999999948e+00 3.849104396463909e-06
3.473999999999948e+00 3.876654301876448e-06
3.479999999999948e+00 3.903679309913421e-06
3.485999999999948e+00 3.930175409755376e-06
3.491999999999948e+00 3.956138667077225e-06
3.497999999999947e+00 3.981565224603356e-06
3.503999999999947e+00 4.006451302329683e-06
3.509999999999947e+00 4.030793198550597e-06
3.515999999999947e+00 4.054587290025502e-06
3.521999999999947e+00 4.077830032617191e-06
3.527999999999946e+00 4.100517961930228e-06
3.533999999999946e+00 4.122647693644010e-06
3.539999999999946e+00 4.144215924151151e-06
3.545999999999946e+00 4.165219430724010e-06
3.551999999999945e+00 4.185655072416750e-06
3.557999999999945e+00 4.205519790231871e-06
3.563999999999945e+00 4.224810607661444e-06
3.569999999999945e+00 4.243524630992423e-06
3.575999999999945e+00 4.261659049958899e-06
3.581999999999944e+00 4.279211137894756e-06
3.587999999999944e+00 4.296178252288785e-06
3.593999999999944e+00 4.312557835020603e-06
3.599999999999944e+00 4.328347413110056e-06
3.605999999999943e+00 4.343544598481297e-06
3.611999999999943e+00 4.358147088795450e-06
3.617999999999943e+00 4.372152667526941e-06
3.623999999999943e+00 4.385559204435341e-06
3.629999999999943e+00 4.398364655773535e-06
3.635999999999942e+00 4.410567064516702e-06
3.641999999999942e+00 4.422164560917430e-06
3.647999999999942e+00 4.433155362429386e-06
3.653999999999942e+00 4.443537774307532e-06
3.659999999999942e+00 4.453310189476284e-06
3.665999999999941e+00 4.462471089140135e-06
3.671999999999941e+00 4.471019042743760e-06
3.677999999999941e+00 4.478952708235687e-06
3.683999999999941e+00 4.486270832377952e-06
3.689999999999940e+00 4.492972250779055e-06
3.695999999999940e+00 4.499055888161976e-06
3.701999999999940e+00 4.504520758407543e-06
3.707999999999940e+00 4.509365964838058e-06
3.713999999999940e+00 4.513590700257197e-06
3.719999999999939e+00 4.517194247079248e-06
3.725999999999939e+00 4.520175977504315e-06
3.731999999999939e+00 4.522535353400359e-06
3.737999999999939e+00 4.524271926639734e-06
3.743999999999938e+00 4.525385339113064e-06
3.749999999999938e+00 4.525875322583528e-06
3.755999999999938e+00 4.525741698901964e-06
3.761999999999938e+00 4.524984380055441e-06
3.767999999999938e+00 4.523603368097873e-06
3.773999999999937e+00 4.521598755122258e-06
3.779999999999937e+00 4.518970723288440e-06
3.785999999999937e+00 4.515719544920249e-06
3.791999999999937e+00 4.511845582269580e-06
3.797999999999937e+00 4.507349287516393e-06
3.803999999999936e+00 4.502231202796469e-06
3.809999999999936e+00 4.496491960076510e-06
3.815999999999936e+00 4.490132280987602e-06
3.821999999999936e+00 4.483152976825222e-06
3.827999999999935e+00 4.475554948368821e-06
3.833999999999935e+00 4.467339185854069e-06
3.839999999999935e+00 4.458506768612036e-06
3.845999999999935e+00 4.449058865180211e-06
3.851999999999935e+00 4.438996732941680e-06
3.857999999999934e+00 4.428321718014105e-06
3.863999999999934e+00 4.417035255110946e-06
3.869999999999934e+00 4.405138867125125e-06
3.875999999999934e+00 4.392634165295561e-06
3.881999999999934e+00 4.379522848568795e-06
3.887999999999933e+00 4.365806703571229e-06
3.893999999999933e+00 4.351487604331572e-06
3.899999999999933e+00 4.336567511975531e-06
3.905999999999933e+00 4.321048474448252e-06
3.911999999999932e+00 4.304932626236768e-06
3.917999999999932e+00 4.288222188036928e-06
3.923999999999932e+00 4.270919466448087e-06
3.929999999999932e+00 4.253026853695552e-06
3.935999999999932e+00 4.234546827214247e-06
3.941999999999931e+00 4.215481949232380e-06
3.947999999999931e+00 4.195834866604908e-06
3.953999999999931e+00 4.175608310230672e-06
3.959999999999931e+00 4.154805094747083e-06
3.965999999999930e+00 4.133428118169302e-06
3.971999999999930e+00 4.111480361390640e-06
3.977999999999930e+00 4.088964887682955e-06
3.983999999999930e+00 4.065884842530121e-06
3.989999999999930e+00 4.042243452850869e-06
3.995999999999929e+00 4.018044026776746e-06
4.001999999999930e+00 3.993289952819445e-06
4.007999999999930e+00 3.967984700148364e-06
4.013999999999930e+00 3.942131817258332e-06
4.019999999999930e+00 3.915734932025128e-06
4.025999999999931e+00 3.888797750595252e-06
4.031999999999931e+00 3.861324057441440e-06
4.037999999999931e+00 3.833317714641016e-06
4.043999999999931e+00 3.804782660987716e-06
4.049999999999931e+00 3.775722911936175e-06
4.055999999999932e+00 3.746142558602727e-06
4.061999999999932e+00 3.716045767654386e-06
4.067999999999932e+00 3.685436779921059e-06
4.073999999999932e+00 3.654319910895154e-06
4.079999999999933e+00 3.622699548899710e-06
4.085999999999933e+00 3.590580155310441e-06
4.091999999999933e+00 3.557966263834089e-06
4.097999999999933e+00 3.524862479342694e-06
4.103999999999933e+00 3.491273477707058e-06
4.109999999999934e+00 3.457204004908565e-06
4.115999999999934e+00 3.422658876484075e-06
4.121999999999934e+00 3.387642976526717e-06
4.127999999999934e+00 3.352161257574870e-06
4.133999999999935e+00 3.316218739168875e-06
4.139999999999935e+00 3.279820507684494e-06
4.145999999999935e+00 3.242971715333720e-06
4.151999999999935e+00 3.205677579498634e-06
4.157999999999936e+00 3.167943382009764e-06
4.163999999999936e+00 3.129774468313418e-06
4.169999999999936e+00 3.091176246805549e-06
4.175999999999936e+00 3.052154187943579e-06
4.181999999999936e+00 3.012713823413726e-06
4.187999999999937e+00 2.972860745575900e-06
4.193999999999937e+00 2.932600606353475e-06
4.199999999999937e+00 2.891939116733688e-06
4.205999999999937e+00 2.850882045546399e-06
4.211999999999938e+00 2.809435219131018e-06
4.217999999999938e+00 2.767604520004241e-06
4.223999999999938e+00 2.725395886471471e-06
4.229999999999938e+00 2.682815311294551e-06
4.235999999999938e+00 2.639868841303183e-06
4.241999999999939e+00 2.596562576118178e-06
4.247999999999939e+00 2.552902667540824e-06
4.253999999999939e+00 2.508895318664717e-06
4.259999999999939e+00 2.464546782598998e-06
4.265999999999940e+00 2.419863362190799e-06
4.271999999999940e+00 2.374851408581957e-06
4.277999999999940e+00 2.329517320542873e-06
4.283999999999940e+00 2.283867543639850e-06
4.289999999999941e+00 2.237908568958336e-06
4.295999999999941e+00 2.191646932492297e-06
4.301999999999941e+00 2.145089214256046e-06
4.307999999999941e+00 2.098242036896458e-06
4.313999999999941e+00 2.051112065137861e-06
4.319999999999942e+00 2.003706004671812e-06
4.325999999999942e+00 1.956030601490966e-06
4.331999999999942e+00 1.908092640168224e-06
4.337999999999942e+00 1.859898943634697e-06
4.343999999999943e+00 1.811456371958453e-06
4.349999999999943e+00 1.762771821234299e-06
4.355999999999943e+00 1.713852222640089e-06
4.361999999999943e+00 1.664704541604056e-06
4.367999999999943e+00 1.615335776528060e-06
4.373999999999944e+00 1.565752958010425e-06
4.379999999999944e+00 1.515963147846744e-06
4.385999999999944e+00 1.465973437531076e-06
4.391999999999944e+00 1.415790948089413e-06
4.397999999999945e+00 1.365422828192298e-06
4.403999999999945e+00 1.314876253766251e-06
4.409999999999945e+00 1.264158426661499e-06
4.415999999999945e+00 1.213276573541755e-06
4.421999999999946e+00 1.162237945051547e-06
4.427999999999946e+00 1.111049814483955e-06
4.433999999999946e+00 1.059719477281007e-06
4.439999999999946e+00 1.008254249423857e-06
4.445999999999946e+00 9.566614666556283e-07
4.451999999999947e+00 9.049484831491483e-07
4.457999999999947e+00 8.531226708963224e-07
4.463999999999947e+00 8.011914183758684e-07
4.469999999999947e+00 7.491621293320705e-07
4.475999999999948e+00 6.970422219976236e-07
4.481999999999948e+00 6.448391280389210e-07
4.487999999999948e+00 5.925602911682759e-07
4.493999999999948e+00 5.402131663667653e-07
4.499999999999948e+00 4.878052187740067e-07
4.505999999999949e+00 4.353439223558908e-07
4.511999999999949e+00 3.828367591829362e-07
4.517999999999949e+00 3.302912181535334e-07
4.523999999999949e+00 2.777147939947433e-07
4.529999999999950e+00 2.251149860410528e-07
4.535999999999950e+00 1.724992972351735e-07
4.541999999999950e+00 1.198752332398634e-07
4.547999999999950e+00 6.725030088361450e-08
4.553999999999951e+00 1.463200793860864e-08
4.559999999999951e+00 3.797213926626242e-08
4.565999999999951e+00 9.055463556784105e-08
4.571999999999951e+00 1.431079790781276e-07
4.577999999999951e+00 1.956246715728582e-07
4.583999999999952e+00 2.480972199347953e-07
4.589999999999952e+00 3.005181372639498e-07
4.595999999999952e+00 3.528799437657604e-07
4.601999999999952e+00 4.051751677502935e-07
4.607999999999953e+00 4.573963471865561e-07
4.613999999999953e+00 5.095360301465846e-07
4.619999999999953e+00 5.615867763042459e-07
4.625999999999953e+00 6.135411579344385e-07
4.631999999999953e+00 6.653917609122928e-07
4.637999999999954e+00 7.171311857123719e-07
4.643999999999954e+00 7.687520487964505e-07
4.649999999999954e+00 8.202469831686265e-07
4.655999999999954e+00 8.716086399296330e-07
4.661999999999955e+00 9.228296890539944e-07
4.667999999999955e+00 9.739028205002498e-07
4.673999999999955e+00 1.024820745265664e-06
4.679999999999955e+00 1.075576196496453e-06
4.685999999999956e+00 1.126161930375957e-06
4.691999999999956e+00 1.176570727678961e-06
4.697999999999956e+00 1.226795393771685e-06
4.703999999999956e+00 1.276828760887749e-06
4.709999999999956e+00 1.326663688128171e-06
4.715999999999957e+00 1.376293063237721e-06
4.721999999999957e+00 1.425709803104525e-06
4.727999999999957e+00 1.474906855258862e-06
4.733999999999957e+00 1.523877198206236e-06
4.739999999999958e+00 1.572613843370263e-06
4.745999999999958e+00 1.621109835037160e-06
4.751999999999958e+00 1.669358252465170e-06
4.757999999999958e+00 1.717352209829048e-06
4.763999999999958e+00 1.765084858107446e-06
4.769999999999959e+00 1.812549385415974e-06
4.775999999999959e+00 1.859739018228446e-06
4.781999999999959e+00 1.906647022709151e-06
4.787999999999959e+00 1.953266704879386e-06
4.793999999999960e+00 1.999591412338297e-06
4.799999999999960e+00 2.045614534817997e-06
4.805999999999960e+00 2.091329505404804e-06
4.811999999999960e+00 2.136729801094361e-06
4.817999999999961e+00 2.181808944012875e-06
4.823999999999961e+00 2.226560502471830e-06
4.829999999999961e+00 2.270978091523101e-06
4.835999999999961e+00 2.315055374235708e-06
4.841999999999961e+00 2.358786062361951e-06
4.847999999999962e+00 2.402163917336608e-06
4.853999999999962e+00 2.445182751165120e-06
4.859999999999962e+00 2.487836427422785e-06
4.865999999999962e+00 2.530118861920894e-06
4.871999999999963e+00 2.572024023816954e-06
4.877999999999963e+00 2.613545936391848e-06
4.883999999999963e+00 2.654678677493916e-06
4.889999999999963e+00 2.695416381426341e-06
4.895999999999963e+00 2.735753238614080e-06
4.901999999999964e+00 2.775683497269199e-06
4.907999999999964e+00 2.815201463834960e-06
4.913999999999964e+00 2.854301503985024e-06
4.919999999999964e+00 2.892978043289585e-06
4.925999999999965e+00 2.931225567937012e-06
4.931999999999965e+00 2.969038626066123e-06
4.937999999999965e+00 3.006411827599642e-06
4.943999999999965e+00 3.043339846131587e-06
4.949999999999966e+00 3.079817418871755e-06
4.955999999999966e+00 3.115839347700433e-06
4.961999999999966e+00 3.151400499890045e-06
4.967999999999966e+00 3.186495808771284e-06
4.973999999999966e+00 3.221120274760070e-06
4.979999999999967e+00 3.255268965635105e-06
4.985999999999967e+00 3.288937017731364e-06
4.991999999999967e+00 3.322119635967846e-06
4.997999999999967e+00 3.354812095374138e-06
5.003999999999968e+00 3.387009741145919e-06
5.009999999999968e+00 3.418707989644165e-06
5.015999999999968e+00 3.449902328700460e-06
5.021999999999968e+00 3.480588318588440e-06
5.027999999999968e+00 3.510761592717682e-06
5.033999999999969e+00 3.540417858105549e-06
5.039999999999969e+00 3.569552895904549e-06
5.045999999999969e+00 3.598162561901930e-06
5.051999999999969e+00 3.626242787879708e-06
5.057999999999970e+00 3.653789581170575e-06
5.063999999999970e+00 3.680799025962411e-06
5.069999999999970e+00 3.707267283492577e-06
5.075999999999970e+00 3.733190592769553e-06
5.081999999999971e+00 3.758565271072545e-06
5.087999999999971e+00 3.783387714506592e-06
5.093999999999971e+00 3.807654398418903e-06
5.099999999999971e+00 3.831361878092743e-06
5.105999999999971e+00 3.854506788997236e-06
5.111999999999972e+00 3.877085847592276e-06
5.117999999999972e+00 3.899095851439549e-06
5.123999999999972e+00 3.920533679896421e-06
5.129999999999972e+00 3.941396294629418e-06
5.135999999999973e+00 3.961680739711371e-06
5.141999999999973e+00 3.981384142523470e-06
5.147999999999973e+00 4.000503713769143e-06
5.153999999999973e+00 4.019036748001414e-06
5.159999999999973e+00 4.036980624178010e-06
5.165999999999974e+00 4.054332805772387e-06
5.171999999999974e+00 4.071090841301084e-06
5.177999999999974e+00 4.087252364670668e-06
5.183999999999974e+00 4.102815095538559e-06
5.189999999999975e+00 4.117776839396292e-06
5.195999999999975e+00 4.132135488305044e-06
5.201999999999975e+00 4.145889020909510e-06
5.207999999999975e+00 4.159035502777908e-06
5.213999999999976e+00 4.171573086596270e-06
5.219999999999976e+00 4.183500012827635e-06
5.225999999999976e+00 4.194814609406738e-06
5.231999999999976e+00 4.205515292350637e-06
5.237999999999976e+00 4.215600565946054e-06
5.243999999999977e+00 4.225069022829181e-06
5.249999999999977e+00 4.233919344249354e-06
5.255999999999977e+00 4.242150300452427e-06
5.261999999999977e+00 4.249760750475208e-06
5.267999999999978e+00 4.256749642687994e-06
5.273999999999978e+00 4.263116014640612e-06
5.279999999999978e+00 4.268858993447533e-06
5.285999999999978e+00 4.273977795770517e-06
5.291999999999978e+00 4.278471727958699e-06
5.297999999999979e+00 4.282340186151368e-06
5.303999999999979e+00 4.285582656429754e-06
5.309999999999979e+00 4.288198714758051e-06
5.315999999999979e+00 4.290188027208930e-06
5.321999999999980e+00 4.291550349894147e-06
5.327999999999980e+00 4.292285528992301e-06
5.333999999999980e+00 4.292393500873737e-06
5.339999999999980e+00 4.291874291975639e-06
5.345999999999981e+00 4.290728018926937e-06
5.351999999999981e+00 4.288954888437280e-06
5.357999999999981e+00 4.286555197421937e-06
5.363999999999981e+00 4.283529332682612e-06
5.369999999999981e+00 4.279877771101726e-06
5.375999999999982e+00 4.275601079517521e-06
5.381999999999982e+00 4.270699914502019e-06
5.387999999999982e+00 4.265175022513668e-06
5.393999999999982e+00 4.259027239522650e-06
5.399999999999983e+00 4.252257491149658e-06
5.405999999999983e+00 4.244866792360580e-06
5.411999999999983e+00 4.236856247286092e-06
5.417999999999983e+00 4.228227049291045e-06
5.423999999999984e+00 4.218980480474865e-06
5.429999999999984e+00 4.209117911879723e-06
5.435999999999984e+00 4.198640802921538e-06
5.441999999999984e+00 4.187550701417742e-06
5.447999999999984e+00 4.175849243254204e-06
5.453999999999985e+00 4.163538152218704e-06
5.459999999999985e+00 4.150619239695619e-06
5.465999999999985e+00 4.137094404416120e-06
5.471999999999985e+00 4.122965632236131e-06
5.477999999999986e+00 4.108234995858773e-06
5.483999999999986e+00 4.092904654307006e-06
5.489999999999986e+00 4.076976853006897e-06
5.495999999999986e+00 4.060453923176999e-06
5.501999999999986e+00 4.043338281550790e-06
5.507999999999987e+00 4.025632430071369e-06
5.513999999999987e+00 4.007338955502870e-06
5.519999999999987e+00 3.988460529014137e-06
5.525999999999987e+00 3.968999906012183e-06
5.531999999999988e+00 3.948959925420548e-06
5.537999999999988e+00 3.928343509485011e-06
5.543999999999988e+00 3.907153663357255e-06
5.549999999999988e+00 3.885393474456489e-06
5.555999999999989e+00 3.863066112302915e-06
5.561999999999989e+00 3.840174827934861e-06
5.567999999999989e+00 3.816722953409180e-06
5.573999999999989e+00 3.792713901218381e-06
5.579999999999989e+00 3.768151164207367e-06
5.585999999999990e+00 3.743038314574232e-06
5.591999999999990e+00 3.717379003731480e-06
5.597999999999990e+00 3.691176961473364e-06
5.603999999999990e+00 3.664435995809345e-06
5.609999999999991e+00 3.637159991909389e-06
5.615999999999991e+00 3.609352912103958e-06
5.621999999999991e+00 3.581018794884816e-06
5.627999999999991e+00 3.552161754627470e-06
5.633999999999991e+00 3.522785980647480e-06
5.639999999999992e+00 3.492895737144952e-06
5.645999999999992e+00 3.462495361927775e-06
5.651999999999992e+00 3.431589266078561e-06
5.657999999999992e+00 3.400181933843616e-06
5.663999999999993e+00 3.368277920912099e-06
5.669999999999993e+00 3.335881854693579e-06
5.675999999999993e+00 3.302998433207804e-06
5.681999999999993e+00 3.269632424585112e-06
5.687999999999994e+00 3.235788666233752e-06
5.693999999999994e+00 3.201472064173760e-06
5.699999999999994e+00 3.166687592481843e-06
5.705999999999994e+00 3.131440292292176e-06
5.711999999999994e+00 3.095735271463340e-06
5.717999999999995e+00 3.059577703523608e-06
5.723999999999995e+00 3.022972827004811e-06
5.729999999999995e+00 2.985925944665180e-06
5.735999999999995e+00 2.948442422934239e-06
5.741999999999996e+00 2.910527690802578e-06
5.747999999999996e+00 2.872187239322255e-06
5.753999999999996e+00 2.833426620663104e-06
5.759999999999996e+00 2.794251447446605e-06
5.765999999999996e+00 2.754667391580146e-06
5.771999999999997e+00 2.714680184146001e-06
5.777999999999997e+00 2.674295613902533e-06
5.783999999999997e+00 2.633519526618056e-06
5.789999999999997e+00 2.592357824349190e-06
5.795999999999998e+00 2.550816464663708e-06
5.801999999999998e+00 2.508901459585822e-06
5.807999999999998e+00 2.466618874819027e-06
5.813999999999998e+00 2.423974828857922e-06
5.819999999999999e+00 2.380975491989012e-06
5.825999999999999e+00 2.337627085957639e-06
5.831999999999999e+00 2.293935882025089e-06
5.837999999999999e+00 2.249908201246154e-06
5.843999999999999e+00 2.205550412637258e-06
5.850000000000000e+00 2.160868932787885e-06
5.856000000000000e+00 2.115870224639327e-06
5.862000000000000e+00 2.070560796874066e-06
5.868000000000000e+00 2.024947202583505e-06
5.874000000000001e+00 1.979036038823878e-06
5.880000000000001e+00 1.932833944784385e-06
5.886000000000001e+00 1.886347602286786e-06
5.892000000000001e+00 1.839583733120875e-06
5.898000000000001e+00 1.792549099433050e-06
5.904000000000002e+00 1.745250502116491e-06
5.910000000000002e+00 1.697694779811965e-06
5.916000000000002e+00 1.649888808297195e-06
5.922000000000002e+00 1.601839499099089e-06
5.928000000000003e+00 1.553553798605556e-06
5.934000000000003e+00 1.505038687177329e-06
5.940000000000003e+00 1.456301178426322e-06
5.946000000000003e+00 1.407348317161716e-06
5.952000000000004e+00 1.358187179723025e-06
5.958000000000004e+00 1.308824871926184e-06
5.964000000000004e+00 1.259268528841506e-06
5.970000000000004e+00 1.209525312795279e-06
5.976000000000004e+00 1.159602413369765e-06
5.982000000000005e+00 1.109507045737868e-06
5.988000000000005e+00 1.059246449941487e-06
5.994000000000005e+00 1.008827889392716e-06
