0.000000000000000e+00 0.000000000000000e+00
6.000000000000000e-03 1.723725329139114e-13
1.200000000000000e-02 3.440303597557204e-13
1.800000000000000e-02 5.149283777150515e-13
2.400000000000000e-02 6.849243394668747e-13
3.000000000000000e-02 8.541223284197486e-13
3.600000000000000e-02 1.022418261165114e-12
4.200000000000000e-02 1.189937037793243e-12
4.799999999999999e-02 1.356539880426055e-12
5.399999999999999e-02 1.522254544639168e-12
5.999999999999999e-02 1.687067152644772e-12
6.599999999999999e-02 1.851019337806292e-12
7.199999999999999e-02 2.014027833396881e-12
7.800000000000000e-02 2.175953861538460e-12
8.400000000000001e-02 2.337074977987186e-12
9.000000000000001e-02 2.497141382562518e-12
9.600000000000002e-02 2.656236341991303e-12
1.020000000000000e-01 2.814221078395462e-12
1.080000000000000e-01 2.971345391955538e-12
1.140000000000000e-01 3.127331726915372e-12
1.200000000000000e-01 3.282235594426197e-12
1.260000000000000e-01 3.436084750063628e-12
1.320000000000000e-01 3.588990216130128e-12
1.380000000000000e-01 3.740618925718309e-12
1.440000000000000e-01 3.891220679008711e-12
1.500000000000000e-01 4.040656698123257e-12
1.560000000000001e-01 4.188926983061947e-12
1.620000000000001e-01 4.336142556127243e-12
1.680000000000001e-01 4.482192395016682e-12
1.740000000000001e-01 4.627020988579034e-12
1.800000000000001e-01 4.770683847965529e-12
1.860000000000001e-01 4.913069950873705e-12
1.920000000000001e-01 5.054179297303563e-12
1.980000000000001e-01 5.194122909557564e-12
2.040000000000001e-01 5.332900787635708e-12
2.100000000000001e-01 5.470401909235534e-12
2.160000000000001e-01 5.606515252054578e-12
2.220000000000001e-01 5.741462860697766e-12
2.280000000000001e-01 5.874967179408941e-12
2.340000000000001e-01 6.007139230490566e-12
2.400000000000001e-01 6.138145547396334e-12
2.460000000000001e-01 6.267764085521321e-12
2.520000000000001e-01 6.395939333714296e-12
2.580000000000001e-01 6.522782314277720e-12
2.640000000000001e-01 6.648404049514056e-12
2.700000000000001e-01 6.772415961364686e-12
2.760000000000001e-01 6.895206627888228e-12
2.820000000000001e-01 7.016498493328527e-12
2.880000000000001e-01 7.136569113441737e-12
2.940000000000002e-01 7.254974399018010e-12
3.000000000000002e-01 7.371825372359808e-12
3.060000000000002e-01 7.487566122676981e-12
3.120000000000002e-01 7.601586027305984e-12
3.180000000000002e-01 7.714162642002975e-12
3.240000000000002e-01 7.825406989070416e-12
3.300000000000002e-01 7.934986001600919e-12
3.360000000000002e-01 8.043121724199409e-12
3.420000000000002e-01 8.149481089958499e-12
3.480000000000002e-01 8.254730232692964e-12
3.540000000000002e-01 8.358203018588028e-12
3.600000000000002e-01 8.460232514551080e-12
3.660000000000002e-01 8.560707698279657e-12
3.720000000000002e-01 8.659406525168833e-12
3.780000000000002e-01 8.756773084428460e-12
3.840000000000002e-01 8.852474309151148e-12
3.900000000000002e-01 8.946621221639361e-12
3.960000000000002e-01 9.039213821893100e-12
4.020000000000002e-01 9.130141087609900e-12
4.080000000000003e-01 9.219403018789762e-12
4.140000000000003e-01 9.307110637735150e-12
4.200000000000003e-01 9.393041899841137e-12
4.260000000000003e-01 9.477529872015111e-12
4.320000000000003e-01 9.560241487349685e-12
4.380000000000003e-01 9.641398790449784e-12
4.440000000000003e-01 9.720779736710483e-12
4.500000000000003e-01 9.798717393039169e-12
4.560000000000003e-01 9.874656647923530e-12
4.620000000000003e-01 9.949041590573415e-12
4.680000000000003e-01 1.002176119868636e-11
4.740000000000003e-01 1.009281547226237e-11
4.800000000000003e-01 1.016220441130145e-11
4.860000000000003e-01 1.022981699350112e-11
4.920000000000003e-01 1.029576424116385e-11
4.980000000000003e-01 1.036004615428965e-11
5.040000000000003e-01 1.042255171057604e-11
5.100000000000003e-01 1.048328091002304e-11
5.160000000000003e-01 1.054223375263064e-11
5.220000000000004e-01 1.059974330530622e-11
5.280000000000004e-01 1.065514343423501e-11
5.340000000000004e-01 1.070898925092933e-11
5.400000000000004e-01 1.076094768848179e-11
5.460000000000004e-01 1.081124079149731e-11
5.520000000000004e-01 1.085975753767343e-11
5.580000000000004e-01 1.090660894931261e-11
5.640000000000004e-01 1.095157298180993e-11
5.700000000000004e-01 1.099498270207278e-11
5.760000000000004e-01 1.103639402089129e-11
5.820000000000004e-01 1.107602898287041e-11
5.880000000000004e-01 1.111399861031259e-11
5.940000000000004e-01 1.115030290321783e-11
6.000000000000004e-01 1.118471981698121e-11
6.060000000000004e-01 1.121724935160273e-11
6.120000000000004e-01 1.124811355168731e-11
6.180000000000004e-01 1.127731241723495e-11
6.240000000000004e-01 1.130451288133827e-11
6.300000000000004e-01 1.133015903320711e-11
6.360000000000005e-01 1.135391780593409e-11
6.420000000000005e-01 1.137601124412413e-11
6.480000000000005e-01 1.139610628086984e-11
6.540000000000005e-01 1.141453598307862e-11
6.600000000000005e-01 1.143118932844800e-11
6.660000000000005e-01 1.144606631697798e-11
6.720000000000005e-01 1.145916694866855e-11
6.780000000000005e-01 1.147049122351973e-11
6.840000000000005e-01 1.148015016383397e-11
6.900000000000005e-01 1.148792172500634e-11
6.960000000000005e-01 1.149391692933932e-11
7.020000000000005e-01 1.149835782143782e-11
7.080000000000005e-01 1.150080031209200e-11
7.140000000000005e-01 1.150146644590677e-11
7.200000000000005e-01 1.150046724518461e-11
7.260000000000005e-01 1.149769168762305e-11
7.320000000000005e-01 1.149313977322208e-11
7.380000000000005e-01 1.148681150198172e-11
7.440000000000005e-01 1.147892891850688e-11
7.500000000000006e-01 1.146915895589018e-11
7.560000000000006e-01 1.145761263643408e-11
7.620000000000006e-01 1.144428996013858e-11
7.680000000000006e-01 1.142952399391106e-11
7.740000000000006e-01 1.141275962623922e-11
7.800000000000006e-01 1.139432992403044e-11
7.860000000000006e-01 1.137423488728473e-11
7.920000000000006e-01 1.135236349369961e-11
7.980000000000006e-01 1.132882676557756e-11
8.040000000000006e-01 1.130373572522103e-11
8.100000000000006e-01 1.127675730572264e-11
8.160000000000006e-01 1.124811355168731e-11
8.220000000000006e-01 1.121791548541751e-11
8.280000000000006e-01 1.118594106230830e-11
8.340000000000006e-01 1.115241232696462e-11
8.400000000000006e-01 1.111721825708401e-11
8.460000000000006e-01 1.108024783036399e-11
8.520000000000006e-01 1.104172309140949e-11
8.580000000000007e-01 1.100153301791806e-11
8.640000000000007e-01 1.095989965449462e-11
8.700000000000007e-01 1.091648993423178e-11
8.760000000000007e-01 1.087141487943200e-11
8.820000000000007e-01 1.082489653470020e-11
8.880000000000007e-01 1.077671285543147e-11
8.940000000000007e-01 1.072675281932334e-11
9.000000000000007e-01 1.067557153788812e-11
9.060000000000007e-01 1.062261389961350e-11
9.120000000000007e-01 1.056821297140687e-11
9.180000000000007e-01 1.051214670866329e-11
9.240000000000007e-01 1.045463715598771e-11
9.300000000000007e-01 1.039557329107765e-11
9.360000000000007e-01 1.033495511393312e-11
9.420000000000007e-01 1.027300466915904e-11
9.480000000000007e-01 1.020933337869678e-11
9.540000000000007e-01 1.014427430945375e-11
9.600000000000007e-01 1.007760541682501e-11
9.660000000000007e-01 1.000977079002041e-11
9.720000000000008e-01 9.940437362132570e-12
9.780000000000008e-01 9.869494110859023e-12
9.840000000000008e-01 9.797218591955925e-12
9.900000000000008e-01 9.723499783120815e-12
9.960000000000008e-01 9.648337684353692e-12
1.002000000000001e+00 9.572120873713175e-12
1.008000000000001e+00 9.494294239686951e-12
1.014000000000001e+00 9.414968804577484e-12
1.020000000000001e+00 9.334533146443391e-12
1.026000000000001e+00 9.252543176074823e-12
1.032000000000001e+00 9.169387471530399e-12
1.038000000000001e+00 9.084899499356425e-12
1.044000000000001e+00 8.998968237250438e-12
1.050000000000001e+00 8.911926752119825e-12
1.056000000000001e+00 8.823608510510894e-12
1.062000000000001e+00 8.733958001272413e-12
1.068000000000001e+00 8.643141757858075e-12
1.074000000000001e+00 8.551048757965418e-12
1.080000000000001e+00 8.457790023896905e-12
1.086000000000001e+00 8.363365555652535e-12
1.092000000000001e+00 8.267664330929847e-12
1.098000000000001e+00 8.170963905484996e-12
1.104000000000001e+00 8.072986723561826e-12
1.110000000000001e+00 7.974010340916493e-12
1.116000000000001e+00 7.873812712944073e-12
1.122000000000001e+00 7.772477106371412e-12
1.128000000000001e+00 7.670170054652203e-12
1.134000000000001e+00 7.566697268757139e-12
1.140000000000001e+00 7.462225282139912e-12
1.146000000000001e+00 7.356670828073675e-12
1.152000000000001e+00 7.250006150982813e-12
1.158000000000001e+00 7.142564317774713e-12
1.164000000000001e+00 7.034151039420067e-12
1.170000000000001e+00 6.924544271313948e-12
1.176000000000001e+00 6.814188102666208e-12
1.182000000000001e+00 6.702832733296304e-12
1.188000000000001e+00 6.590422652053007e-12
1.194000000000001e+00 6.477207659116857e-12
1.200000000000001e+00 6.363187754487853e-12
1.206000000000001e+00 6.248307427014765e-12
1.212000000000001e+00 6.132400143243899e-12
1.218000000000001e+00 6.015854481233873e-12
1.224000000000001e+00 5.898476151955379e-12
1.230000000000001e+00 5.780223522044992e-12
1.236000000000001e+00 5.661207613805175e-12
1.242000000000001e+00 5.541414549448120e-12
1.248000000000001e+00 5.420996984639714e-12
1.254000000000001e+00 5.299788385926263e-12
1.260000000000001e+00 5.177816508883382e-12
1.266000000000001e+00 5.055268703646476e-12
1.272000000000001e+00 4.932039152083512e-12
1.278000000000001e+00 4.808115711130156e-12
1.284000000000001e+00 4.683529605808978e-12
1.290000000000001e+00 4.558402266763295e-12
1.296000000000001e+00 4.432648692542784e-12
1.302000000000001e+00 4.306340006809961e-12
1.308000000000001e+00 4.179455392883114e-12
1.314000000000001e+00 4.052119750852512e-12
1.320000000000001e+00 3.924263691779117e-12
1.326000000000001e+00 3.795797010042179e-12
1.332000000000001e+00 3.666941750246622e-12
1.338000000000001e+00 3.537628523453407e-12
1.344000000000001e+00 3.407801818511302e-12
1.350000000000001e+00 3.277697557813042e-12
1.356000000000001e+00 3.147149207904931e-12
1.362000000000001e+00 3.016170646574778e-12
1.368000000000001e+00 2.884775751610391e-12
1.374000000000001e+00 2.753214323192310e-12
1.380000000000001e+00 2.621264316715610e-12
1.386000000000001e+00 2.488953487755907e-12
1.392000000000001e+00 2.356476125342510e-12
1.398000000000001e+00 2.223665696021726e-12
1.404000000000001e+00 2.090633222096017e-12
1.410000000000001e+00 1.957323192414151e-12
1.416000000000001e+00 1.823846629278592e-12
1.422000000000001e+00 1.690231288264954e-12
1.428000000000001e+00 1.556477169373238e-12
1.434000000000001e+00 1.422473250300982e-12
1.440000000000001e+00 1.288413820077494e-12
1.446000000000001e+00 1.154243367551544e-12
1.452000000000001e+00 1.020072915025594e-12
1.458000000000001e+00 8.857359290459499e-13
1.464000000000001e+00 7.513989430663059e-13
1.470000000000001e+00 6.170619570866620e-13
1.476000000000001e+00 4.827249711070181e-13
1.482000000000001e+00 3.483879851273741e-13
1.488000000000001e+00 2.139954879964989e-13
1.494000000000001e+00 7.976952431931750e-14
1.500000000000001e+00 5.445643935786393e-14
1.506000000000001e+00 1.885158695813516e-13
1.512000000000001e+00 3.224087663511455e-13
1.518000000000001e+00 4.562461519697081e-13
1.524000000000001e+00 5.899725152858082e-13
1.530000000000001e+00 7.234213228457520e-13
1.536000000000001e+00 8.567035969520020e-13
1.542000000000001e+00 9.897638264533271e-13
1.548000000000001e+00 1.122602011349727e-12
1.554000000000001e+00 1.255218151641202e-12
1.560000000000001e+00 1.387445713874058e-12
1.566000000000001e+00 1.519451231501989e-12
1.572000000000001e+00 1.651234704524995e-12
1.578000000000001e+00 1.782574088338151e-12
1.584000000000001e+00 1.913580405243920e-12
1.590000000000001e+00 2.044253655242301e-12
1.596000000000001e+00 2.174482816030832e-12
1.602000000000001e+00 2.304378909911975e-12
1.608000000000001e+00 2.433830914583268e-12
1.614000000000001e+00 2.562838830044711e-12
1.620000000000001e+00 2.691180611691379e-12
1.626000000000001e+00 2.819189326430660e-12
1.632000000000001e+00 2.946642929657628e-12
1.638000000000001e+00 3.073652443674746e-12
1.644000000000001e+00 3.199995823877089e-12
1.650000000000001e+00 3.325895114869581e-12
1.656000000000001e+00 3.451128272047299e-12
1.662000000000001e+00 3.575695295410242e-12
1.668000000000001e+00 3.699818229563334e-12
1.674000000000001e+00 3.823275029901652e-12
1.680000000000001e+00 3.946065696425194e-12
1.686000000000001e+00 4.068190229133961e-12
1.692000000000001e+00 4.189648628027953e-12
1.698000000000001e+00 4.310329870804708e-12
1.704000000000001e+00 4.430344979766687e-12
1.710000000000001e+00 4.549693954913892e-12
1.716000000000001e+00 4.668154751641396e-12
1.722000000000001e+00 4.785838392251662e-12
1.728000000000001e+00 4.902744876744691e-12
1.734000000000001e+00 5.018874205120483e-12
1.740000000000001e+00 5.134337399681499e-12
1.746000000000001e+00 5.248690371217890e-12
1.752000000000001e+00 5.362266186637044e-12
1.758000000000001e+00 5.475064845938959e-12
1.764000000000001e+00 5.586975326821175e-12
1.770000000000001e+00 5.697775584678766e-12
1.776000000000001e+00 5.807798686419119e-12
1.782000000000001e+00 5.916711565134847e-12
1.788000000000001e+00 6.024847287733337e-12
1.794000000000001e+00 6.131983809609665e-12
1.800000000000001e+00 6.238121130763830e-12
1.806000000000001e+00 6.343259251195832e-12
1.812000000000001e+00 6.447398170905672e-12
1.818000000000001e+00 6.550426867590886e-12
1.824000000000001e+00 6.652456363553938e-12
1.830000000000001e+00 6.753375636492365e-12
1.836000000000001e+00 6.853073664103704e-12
1.842000000000001e+00 6.951994535597805e-12
1.848000000000001e+00 7.049694161764819e-12
1.854000000000001e+00 7.146283564907208e-12
1.860000000000001e+00 7.241651722722509e-12
1.866000000000001e+00 7.335909657513184e-12
1.872000000000001e+00 7.429057369279235e-12
1.878000000000001e+00 7.521094858020660e-12
1.884000000000001e+00 7.611689056830073e-12
1.890000000000001e+00 7.701062010312398e-12
1.896000000000001e+00 7.789546785375023e-12
1.902000000000001e+00 7.876477248203173e-12
1.908000000000001e+00 7.962408510309160e-12
1.914000000000001e+00 8.047007504785597e-12
1.920000000000001e+00 8.130163209330021e-12
1.926000000000001e+00 8.212208690849820e-12
1.932000000000001e+00 8.293032927042532e-12
1.938000000000001e+00 8.372524895605693e-12
1.944000000000002e+00 8.450462551934379e-12
1.950000000000002e+00 8.527401007540902e-12
1.956000000000002e+00 8.602896173215413e-12
1.962000000000002e+00 8.676948048957911e-12
1.968000000000002e+00 8.749667657070859e-12
1.974000000000002e+00 8.821166019856719e-12
1.980000000000002e+00 8.891332115013029e-12
1.986000000000002e+00 8.959943897934863e-12
1.992000000000002e+00 9.027112390924685e-12
1.998000000000002e+00 9.092948616284957e-12
2.004000000000001e+00 9.157341551713216e-12
2.010000000000001e+00 9.220402219511925e-12
2.016000000000001e+00 9.281797552773696e-12
2.022000000000001e+00 9.341749596103455e-12
2.028000000000000e+00 9.400258349501200e-12
2.034000000000000e+00 9.457434835269396e-12
2.040000000000000e+00 9.513168031105579e-12
2.046000000000000e+00 9.567346914707286e-12
2.052000000000000e+00 9.620193530679444e-12
2.057999999999999e+00 9.671374812114664e-12
2.063999999999999e+00 9.721112803617871e-12
2.069999999999999e+00 9.769185460584140e-12
2.075999999999999e+00 9.815925849920859e-12
2.081999999999999e+00 9.861222949325565e-12
2.087999999999998e+00 9.904854714193334e-12
2.093999999999998e+00 9.947043189129090e-12
2.099999999999998e+00 9.987566329527908e-12
2.105999999999998e+00 1.002664617999471e-11
2.111999999999997e+00 1.006428274052951e-11
2.117999999999997e+00 1.010014294422490e-11
2.123999999999997e+00 1.013455985798828e-11
2.129999999999997e+00 1.016753348181965e-11
2.135999999999997e+00 1.019873074881161e-11
2.141999999999996e+00 1.022848472587157e-11
2.147999999999996e+00 1.025657336839458e-11
2.153999999999996e+00 1.028321872098559e-11
2.159999999999996e+00 1.030808771673719e-11
2.165999999999995e+00 1.033151342255678e-11
2.171999999999995e+00 1.035338481614190e-11
2.177999999999995e+00 1.037370189749254e-11
2.183999999999995e+00 1.039235364430624e-11
2.189999999999995e+00 1.040922903428054e-11
2.195999999999994e+00 1.042477215662529e-11
2.201999999999994e+00 1.043853892213065e-11
2.207999999999994e+00 1.045075137540152e-11
2.213999999999994e+00 1.046118747183300e-11
2.219999999999994e+00 1.047040232293739e-11
2.225999999999993e+00 1.047772979489991e-11
2.231999999999993e+00 1.048350295462797e-11
2.237999999999993e+00 1.048772180212154e-11
2.243999999999993e+00 1.049038633738064e-11
2.249999999999992e+00 1.049116349349788e-11
2.255999999999992e+00 1.049060838198557e-11
2.261999999999992e+00 1.048827691363385e-11
2.267999999999992e+00 1.048439113304767e-11
2.273999999999992e+00 1.047884001792454e-11
2.279999999999991e+00 1.047184561286940e-11
2.285999999999991e+00 1.046296382867240e-11
2.291999999999991e+00 1.045263875454339e-11
2.297999999999991e+00 1.044064834587743e-11
2.303999999999991e+00 1.042732566958193e-11
2.309999999999990e+00 1.041211561414457e-11
2.315999999999990e+00 1.039535124647273e-11
2.321999999999990e+00 1.037714358886888e-11
2.327999999999990e+00 1.035715957442562e-11
2.333999999999989e+00 1.033573227005036e-11
2.339999999999989e+00 1.031252860883569e-11
2.345999999999989e+00 1.028799267999148e-11
2.351999999999989e+00 1.026168039430786e-11
2.357999999999989e+00 1.023403584099469e-11
2.363999999999988e+00 1.020450390853966e-11
2.369999999999988e+00 1.017352868615262e-11
2.375999999999988e+00 1.014111017383357e-11
2.381999999999988e+00 1.010702632697758e-11
2.387999999999987e+00 1.007127714558465e-11
2.393999999999987e+00 1.003408467425970e-11
2.399999999999987e+00 9.995337890700284e-12
2.405999999999987e+00 9.955147817208854e-12
2.411999999999987e+00 9.913292409180485e-12
2.417999999999986e+00 9.869993711220104e-12
2.423999999999986e+00 9.825251723327710e-12
2.429999999999986e+00 9.778955423200841e-12
2.435999999999986e+00 9.731104810839497e-12
2.441999999999986e+00 9.681810908546140e-12
2.447999999999985e+00 9.630962694018308e-12
2.453999999999985e+00 9.578560167256001e-12
2.459999999999985e+00 9.524714350561680e-12
2.465999999999985e+00 9.469536266237810e-12
2.471999999999984e+00 9.412803869679465e-12
2.477999999999984e+00 9.354628183189106e-12
2.483999999999984e+00 9.295120229069198e-12
2.489999999999984e+00 9.233835918109889e-12
2.495999999999984e+00 9.171441384125956e-12
2.501999999999983e+00 9.107714582512472e-12
2.507999999999983e+00 9.042211424059587e-12
2.513999999999983e+00 8.975598042582078e-12
2.519999999999983e+00 8.907541371172556e-12
2.525999999999982e+00 8.838041409831021e-12
2.531999999999982e+00 8.767209180859936e-12
2.537999999999982e+00 8.695044684259301e-12
2.543999999999982e+00 8.621436897726653e-12
2.549999999999982e+00 8.546718888169380e-12
2.555999999999981e+00 8.470557588680094e-12
2.561999999999981e+00 8.392952999258796e-12
2.567999999999981e+00 8.314238186812872e-12
2.573999999999981e+00 8.234191106737399e-12
2.579999999999981e+00 8.152811759032375e-12
2.585999999999980e+00 8.070100143697800e-12
2.591999999999980e+00 7.986167283036139e-12
2.597999999999980e+00 7.901124199349852e-12
2.603999999999980e+00 7.814859870336477e-12
2.609999999999979e+00 7.727152251391090e-12
2.615999999999979e+00 7.638445431723540e-12
2.621999999999979e+00 7.548517366728902e-12
2.627999999999979e+00 7.457257034104714e-12
2.633999999999979e+00 7.365053011909595e-12
2.639999999999978e+00 7.271572233236157e-12
2.645999999999978e+00 7.176981231538093e-12
2.651999999999978e+00 7.081280006815405e-12
2.657999999999978e+00 6.984468559068091e-12
2.663999999999977e+00 6.886491377144921e-12
2.669999999999977e+00 6.787514994499588e-12
2.675999999999977e+00 6.687428388829630e-12
2.681999999999977e+00 6.586342582437510e-12
2.687999999999977e+00 6.484313086474458e-12
2.693999999999976e+00 6.381117856335550e-12
2.699999999999976e+00 6.276867914323248e-12
2.705999999999976e+00 6.171674282740014e-12
2.711999999999976e+00 6.065647983888312e-12
2.717999999999976e+00 5.958400439709521e-12
2.723999999999975e+00 5.850375739413494e-12
2.729999999999975e+00 5.741462860697766e-12
2.735999999999975e+00 5.631495270108644e-12
2.741999999999975e+00 5.520750523402285e-12
2.747999999999974e+00 5.408951064822531e-12
2.753999999999974e+00 5.296485472428003e-12
2.759999999999974e+00 5.183020679311312e-12
2.765999999999974e+00 5.068889752379846e-12
2.771999999999974e+00 4.953815135877448e-12
2.777999999999973e+00 4.838018874409045e-12
2.783999999999973e+00 4.721278923369709e-12
2.789999999999973e+00 4.604011616393677e-12
2.795999999999973e+00 4.485828375422329e-12
2.801999999999973e+00 4.366979000636206e-12
2.807999999999972e+00 4.247463492035308e-12
2.813999999999972e+00 4.127115316165941e-12
2.819999999999972e+00 4.006156517633030e-12
2.825999999999972e+00 3.884614852012191e-12
2.831999999999971e+00 3.762268274698499e-12
2.837999999999971e+00 3.639477608174957e-12
2.843999999999971e+00 3.516048563412255e-12
2.849999999999971e+00 3.391925629259163e-12
2.855999999999971e+00 3.267344728108412e-12
2.861999999999970e+00 3.142111570930695e-12
2.867999999999970e+00 3.016378813391896e-12
2.873999999999970e+00 2.890174211067631e-12
2.879999999999970e+00 2.763400619443246e-12
2.885999999999969e+00 2.636182938609011e-12
2.891999999999969e+00 2.508521168564926e-12
2.897999999999969e+00 2.380359798159759e-12
2.903999999999969e+00 2.251893116422821e-12
2.909999999999969e+00 2.122895609302233e-12
2.915999999999968e+00 1.993622281148966e-12
2.921999999999968e+00 1.863849352634617e-12
2.927999999999968e+00 1.733821419769299e-12
2.933999999999968e+00 1.603422256080123e-12
2.939999999999968e+00 1.472801047786021e-12
2.945999999999967e+00 1.341815547561964e-12
2.951999999999967e+00 1.210545552687847e-12
2.957999999999967e+00 1.079053513208805e-12
2.963999999999967e+00 9.472977957614148e-13
2.969999999999966e+00 8.153616670725228e-13
2.975999999999966e+00 6.832173715665135e-13
2.981999999999966e+00 5.508926648190027e-13
2.987999999999966e+00 4.183875468299902e-13
2.993999999999966e+00 2.857991621141309e-13
2.999999999999965e+00 1.530719995201935e-13
3.005999999999965e+00 2.020605904817785e-14
3.011999999999965e+00 1.126598814238378e-13
3.017999999999965e+00 2.456368441983159e-13
3.023999999999964e+00 3.786415625484096e-13
3.029999999999964e+00 5.117017920497346e-13
3.035999999999964e+00 6.447342659754440e-13
3.041999999999964e+00 7.777389843255378e-13
3.047999999999964e+00 9.106881915244003e-13
3.053999999999963e+00 1.043692909874494e-12
3.059999999999963e+00 1.176447828044047e-12
3.065999999999963e+00 1.309230501789216e-12
3.071999999999963e+00 1.441846642080691e-12
3.077999999999963e+00 1.574351760069703e-12
3.083999999999962e+00 1.706690344605022e-12
3.089999999999962e+00 1.838862395686647e-12
3.095999999999962e+00 1.970867913314578e-12
3.101999999999962e+00 2.102651386337584e-12
3.107999999999961e+00 2.234157303604434e-12
3.113999999999961e+00 2.365441176266359e-12
3.119999999999961e+00 2.496503004323358e-12
3.125999999999961e+00 2.627287276624202e-12
3.131999999999961e+00 2.757682970866426e-12
3.137999999999960e+00 2.887745598201263e-12
3.143999999999960e+00 3.017530669779944e-12
3.149999999999960e+00 3.146982674451237e-12
3.155999999999960e+00 3.275990589912681e-12
3.161999999999960e+00 3.404609927315505e-12
3.167999999999959e+00 3.532785175508479e-12
3.173999999999959e+00 3.660571845642835e-12
3.179999999999959e+00 3.787858915416109e-12
3.185999999999959e+00 3.914646384828302e-12
3.191999999999958e+00 4.040989765030645e-12
3.197999999999958e+00 4.166778033720675e-12
3.203999999999958e+00 4.292066702049624e-12
3.209999999999958e+00 4.416911281168723e-12
3.215999999999958e+00 4.541034215321815e-12
3.221999999999957e+00 4.664713060265058e-12
3.227999999999957e+00 4.787614749091063e-12
3.233999999999957e+00 4.909961326404755e-12
3.239999999999957e+00 5.031752792206134e-12
3.245999999999956e+00 5.152767101890277e-12
3.251999999999956e+00 5.273226300062106e-12
3.257999999999956e+00 5.392908342116698e-12
3.263999999999956e+00 5.511924250356515e-12
3.269999999999956e+00 5.630163002479094e-12
3.275999999999955e+00 5.747513576181973e-12
3.281999999999955e+00 5.864309038372539e-12
3.287999999999955e+00 5.980438366748331e-12
3.293999999999955e+00 6.095457472099497e-12
3.299999999999955e+00 6.209810443635888e-12
3.305999999999954e+00 6.323275236752579e-12
3.311999999999954e+00 6.436184918356957e-12
3.317999999999954e+00 6.547873354634248e-12
3.323999999999954e+00 6.658895657096764e-12
3.329999999999953e+00 6.769029781139579e-12
3.335999999999953e+00 6.878164704460232e-12
3.341999999999953e+00 6.986411449361185e-12
3.347999999999953e+00 7.093547971237513e-12
3.353999999999953e+00 7.199907336996603e-12
3.359999999999952e+00 7.305267502033530e-12
3.365999999999952e+00 7.409628466348295e-12
3.371999999999952e+00 7.513101252243359e-12
3.377999999999952e+00 7.615241770508874e-12
3.383999999999951e+00 7.716605132657151e-12
3.389999999999951e+00 7.816858271780802e-12
3.395999999999951e+00 7.916001187879829e-12
3.401999999999951e+00 8.014033880954230e-12
3.407999999999951e+00 8.111178395608931e-12
3.413999999999950e+00 8.207212687239007e-12
3.419999999999950e+00 8.301914711239533e-12
3.425999999999950e+00 8.395506512215434e-12
3.431999999999950e+00 8.487988090166709e-12
3.437999999999950e+00 8.579359445093360e-12
3.443999999999949e+00 8.669509554692922e-12
3.449999999999949e+00 8.758438418965397e-12
3.455999999999949e+00 8.846257060213247e-12
3.461999999999949e+00 8.932965478436472e-12
3.467999999999948e+00 9.018230606727684e-12
3.473999999999948e+00 9.102385511994271e-12
3.479999999999948e+00 9.185208149631308e-12
3.485999999999948e+00 9.266809541941257e-12
3.491999999999948e+00 9.347300711226580e-12
3.497999999999947e+00 9.426126545974967e-12
3.503999999999947e+00 9.503953180001190e-12
3.509999999999947e+00 9.580336524095401e-12
3.515999999999947e+00 9.655609645164986e-12
3.521999999999947e+00 9.729217431697634e-12
3.527999999999946e+00 9.801603972903195e-12
3.533999999999946e+00 9.872769268781667e-12
3.539999999999946e+00 9.942380252425664e-12
3.545999999999946e+00 1.001076999074257e-11
3.551999999999945e+00 1.007760541682501e-11
3.557999999999945e+00 1.014321959758036e-11
3.563999999999945e+00 1.020727946610123e-11
3.569999999999945e+00 1.027000706699255e-11
3.575999999999945e+00 1.033140240025432e-11
3.581999999999944e+00 1.039135444358408e-11
3.587999999999944e+00 1.044964115237690e-11
3.593999999999944e+00 1.050659559354017e-11
3.599999999999944e+00 1.056221776707389e-11
3.605999999999943e+00 1.061617460607067e-11
3.611999999999943e+00 1.066879917743790e-11
3.617999999999943e+00 1.071986943657066e-11
3.623999999999943e+00 1.076960742807387e-11
3.629999999999943e+00 1.081756906273768e-11
3.635999999999942e+00 1.086419842977193e-11
3.641999999999942e+00 1.090927348457171e-11
3.647999999999942e+00 1.095290524943948e-11
3.653999999999942e+00 1.099498270207278e-11
3.659999999999942e+00 1.103539482016913e-11
3.665999999999941e+00 1.107447467063594e-11
3.671999999999941e+00 1.111188918656580e-11
3.677999999999941e+00 1.114774939026120e-11
3.683999999999941e+00 1.118216630402458e-11
3.689999999999940e+00 1.121513992785594e-11
3.695999999999940e+00 1.124622617254545e-11
3.701999999999940e+00 1.127586912730294e-11
3.707999999999940e+00 1.130395776982596e-11
3.713999999999940e+00 1.133049210011450e-11
3.719999999999939e+00 1.135536109586610e-11
3.725999999999939e+00 1.137867577938323e-11
3.731999999999939e+00 1.140032512836342e-11
3.737999999999939e+00 1.142053118741160e-11
3.743999999999938e+00 1.143918293422530e-11
3.749999999999938e+00 1.145605832419960e-11
3.755999999999938e+00 1.147149042424189e-11
3.761999999999938e+00 1.148536821204971e-11
3.767999999999938e+00 1.149746964301812e-11
3.773999999999937e+00 1.150812778405452e-11
3.779999999999937e+00 1.151712059055399e-11
3.785999999999937e+00 1.152455908481897e-11
3.791999999999937e+00 1.153033224454703e-11
3.797999999999937e+00 1.153444006973814e-11
3.803999999999936e+00 1.153699358269478e-11
3.809999999999936e+00 1.153788176111448e-11
3.815999999999936e+00 1.153710460499724e-11
3.821999999999936e+00 1.153488415894799e-11
3.827999999999935e+00 1.153099837836180e-11
3.833999999999935e+00 1.152533624093621e-11
3.839999999999935e+00 1.151811979127615e-11
3.845999999999935e+00 1.150934902938161e-11
3.851999999999935e+00 1.149891293295013e-11
3.857999999999934e+00 1.148703354658664e-11
3.863999999999934e+00 1.147337780338376e-11
3.869999999999934e+00 1.145827877024885e-11
3.875999999999934e+00 1.144140338027455e-11
3.881999999999934e+00 1.142297367806577e-11
3.887999999999933e+00 1.140298966362252e-11
3.893999999999933e+00 1.138145133694479e-11
3.899999999999933e+00 1.135824767573013e-11
3.905999999999933e+00 1.133337867997852e-11
3.911999999999932e+00 1.130695537199244e-11
3.917999999999932e+00 1.127897775177189e-11
3.923999999999932e+00 1.124955684161932e-11
3.929999999999932e+00 1.121847059692982e-11
3.935999999999932e+00 1.118571901770338e-11
3.941999999999931e+00 1.115163517084738e-11
3.947999999999931e+00 1.111566394484953e-11
3.953999999999931e+00 1.107836045122212e-11
3.959999999999931e+00 1.103939162305778e-11
3.965999999999930e+00 1.099886848265896e-11
3.971999999999930e+00 1.095690205232813e-11
3.977999999999930e+00 1.091327028746036e-11
3.983999999999930e+00 1.086808421035812e-11
3.989999999999930e+00 1.082156586562633e-11
3.995999999999929e+00 1.077360423096252e-11
4.001999999999930e+00 1.072353317255192e-11
4.007999999999930e+00 1.067190780190685e-11
4.013999999999930e+00 1.061872811902731e-11
4.019999999999930e+00 1.056410514621575e-11
4.025999999999931e+00 1.050814990577464e-11
4.031999999999931e+00 1.045064035309906e-11
4.037999999999931e+00 1.039146546588654e-11
4.043999999999931e+00 1.033095831104447e-11
4.049999999999931e+00 1.026922991087531e-11
4.055999999999932e+00 1.020572515386675e-11
4.061999999999932e+00 1.014099915153110e-11
4.067999999999932e+00 1.007482985926345e-11
4.073999999999932e+00 1.000710625476131e-11
4.079999999999933e+00 9.938161404932089e-12
4.085999999999933e+00 9.867662242868391e-12
4.091999999999933e+00 9.795830813175144e-12
4.097999999999933e+00 9.722778138154808e-12
4.103999999999933e+00 9.648060128597535e-12
4.109999999999934e+00 9.572231896015637e-12
4.115999999999934e+00 9.494960373501726e-12
4.121999999999934e+00 9.416467605660728e-12
4.127999999999934e+00 9.336420525585254e-12
4.133999999999935e+00 9.255374244787617e-12
4.139999999999935e+00 9.172884674057968e-12
4.145999999999935e+00 9.089062835698769e-12
4.151999999999935e+00 9.003908729710020e-12
4.157999999999936e+00 8.917533378394182e-12
4.163999999999936e+00 8.830158826356183e-12
4.169999999999936e+00 8.741118939781245e-12
4.175999999999936e+00 8.651079852484145e-12
4.181999999999936e+00 8.559764008708726e-12
4.187999999999937e+00 8.467337941908681e-12
4.193999999999937e+00 8.373801652084012e-12
4.199999999999937e+00 8.278933094629792e-12
4.205999999999937e+00 8.183009825302179e-12
4.211999999999938e+00 8.085976332949940e-12
4.217999999999938e+00 7.987610572968151e-12
4.223999999999938e+00 7.888245612264200e-12
4.229999999999938e+00 7.787825939686854e-12
4.235999999999938e+00 7.686240532933653e-12
4.241999999999939e+00 7.583600414307057e-12
4.247999999999939e+00 7.479905583807067e-12
4.253999999999939e+00 7.375100530282452e-12
4.259999999999939e+00 7.269296276035675e-12
4.265999999999940e+00 7.162548332217966e-12
4.271999999999940e+00 7.054745676526863e-12
4.277999999999940e+00 6.945999331264829e-12
4.283999999999940e+00 6.836309296431864e-12
4.289999999999941e+00 6.725509038574273e-12
4.295999999999941e+00 6.613876113448214e-12
4.301999999999941e+00 6.501299498751223e-12
4.307999999999941e+00 6.387723683332069e-12
4.313999999999941e+00 6.273370711795678e-12
4.319999999999942e+00 6.158240584142050e-12
4.325999999999942e+00 6.042166766917489e-12
4.331999999999942e+00 5.925260282424460e-12
4.337999999999942e+00 5.807521130662963e-12
4.343999999999943e+00 5.688977067208612e-12
4.349999999999943e+00 5.569711358788254e-12
4.355999999999943e+00 5.449501960796965e-12
4.361999999999943e+00 5.328598673415286e-12
4.367999999999943e+00 5.207029252218831e-12
4.373999999999944e+00 5.084682674905139e-12
4.379999999999944e+00 4.961642208201056e-12
4.385999999999944e+00 4.837852340955351e-12
4.391999999999944e+00 4.713590628924180e-12
4.397999999999945e+00 4.588496249624541e-12
4.403999999999945e+00 4.462819003236973e-12
4.409999999999945e+00 4.336628278700516e-12
4.415999999999945e+00 4.209674275834629e-12
4.421999999999946e+00 4.082262305971085e-12
4.427999999999946e+00 3.954128691141534e-12
4.433999999999946e+00 3.825662009404596e-12
4.439999999999946e+00 3.696584705004113e-12
4.445999999999946e+00 3.566973105773030e-12
4.451999999999947e+00 3.436959050695521e-12
4.457999999999947e+00 3.306452334150833e-12
4.463999999999947e+00 3.175421731116401e-12
4.469999999999947e+00 3.044028570875490e-12
4.475999999999948e+00 2.912207801297750e-12
4.481999999999948e+00 2.779968096000562e-12
4.487999999999948e+00 2.647375374476013e-12
4.493999999999948e+00 2.514415758936295e-12
4.499999999999948e+00 2.381220221003844e-12
4.505999999999949e+00 2.247556307732879e-12
4.511999999999949e+00 2.113711983220412e-12
4.517999999999949e+00 1.979486019543231e-12
4.523999999999949e+00 1.845051889048932e-12
4.529999999999950e+00 1.710437347313132e-12
4.535999999999950e+00 1.575545249821175e-12
4.541999999999950e+00 1.440458863299909e-12
4.547999999999950e+00 1.305164309961526e-12
4.553999999999951e+00 1.169758734320681e-12
4.559999999999951e+00 1.034144991862718e-12
4.565999999999951e+00 8.984202271022923e-13
4.571999999999951e+00 7.626121956150200e-13
4.577999999999951e+00 6.267764085521321e-13
4.583999999999952e+00 4.908573547623973e-13
4.589999999999952e+00 3.548550342458157e-13
4.595999999999952e+00 2.188249581536184e-13
4.601999999999952e+00 8.285039321265231e-14
4.607999999999953e+00 5.320743845516063e-14
4.613999999999953e+00 1.891820033961267e-13
4.619999999999953e+00 3.251288127614771e-13
4.625999999999953e+00 4.610201109755963e-13
4.631999999999953e+00 5.967448757360216e-13
4.637999999999954e+00 7.323586181939845e-13
4.643999999999954e+00 8.679168495007161e-13
4.649999999999954e+00 1.003253036202523e-12
4.655999999999954e+00 1.138422689450636e-12
4.661999999999955e+00 1.273425809245055e-12
4.667999999999955e+00 1.408262395585780e-12
4.673999999999955e+00 1.542876937321580e-12
4.679999999999955e+00 1.677269434452455e-12
4.685999999999956e+00 1.811217842373480e-12
4.691999999999956e+00 1.945110739143274e-12
4.697999999999956e+00 2.078504035551987e-12
4.703999999999956e+00 2.211730798507006e-12
4.709999999999956e+00 2.344457961100943e-12
4.715999999999957e+00 2.476963079089955e-12
4.721999999999957e+00 2.608968596717887e-12
4.727999999999957e+00 2.740696558589661e-12
4.733999999999957e+00 2.871869408949124e-12
4.739999999999958e+00 3.002764703552430e-12
4.745999999999958e+00 3.133104886643423e-12
4.751999999999958e+00 3.263056491675798e-12
4.757999999999958e+00 3.392397474044628e-12
4.763999999999958e+00 3.521294367203609e-12
4.769999999999959e+00 3.649691660001508e-12
4.775999999999959e+00 3.777422818984633e-12
4.781999999999959e+00 3.904765399909138e-12
4.787999999999959e+00 4.031330824716406e-12
4.793999999999960e+00 4.157341138011361e-12
4.799999999999960e+00 4.282796339794004e-12
4.805999999999960e+00 4.407585407761871e-12
4.811999999999960e+00 4.531708341914964e-12
4.817999999999961e+00 4.655165142253281e-12
4.823999999999961e+00 4.778066831079286e-12
4.829999999999961e+00 4.899969319183128e-12
4.835999999999961e+00 5.021316695774658e-12
4.841999999999961e+00 5.141886916248950e-12
4.847999999999962e+00 5.261791002908467e-12
4.853999999999962e+00 5.380806911148284e-12
4.859999999999962e+00 5.498934640968400e-12
4.865999999999962e+00 5.616396236973742e-12
4.871999999999963e+00 5.733080676861846e-12
4.877999999999963e+00 5.848876938330250e-12
4.883999999999963e+00 5.963785021378953e-12
4.889999999999963e+00 6.077804926007957e-12
4.895999999999963e+00 6.190825629914798e-12
4.901999999999964e+00 6.303180200006864e-12
4.907999999999964e+00 6.414313524771842e-12
4.913999999999964e+00 6.524669693419582e-12
4.919999999999964e+00 6.634026661345160e-12
4.925999999999965e+00 6.742495450851038e-12
4.931999999999965e+00 6.849854017332291e-12
4.937999999999965e+00 6.956324405393843e-12
4.943999999999965e+00 7.061684570430771e-12
4.949999999999966e+00 7.165934512443073e-12
4.955999999999966e+00 7.269296276035675e-12
4.961999999999966e+00 7.371547816603652e-12
4.967999999999966e+00 7.472578111844541e-12
4.973999999999966e+00 7.572720228665730e-12
4.979999999999967e+00 7.671641100159832e-12
4.985999999999967e+00 7.769562770931771e-12
4.991999999999967e+00 7.866263196376622e-12
4.997999999999967e+00 7.961742376494385e-12
5.003999999999968e+00 8.056111333587523e-12
5.009999999999968e+00 8.149370067656037e-12
5.015999999999968e+00 8.241407556397462e-12
5.021999999999968e+00 8.332223799811800e-12
5.027999999999968e+00 8.421818797899050e-12
5.033999999999969e+00 8.510192550659212e-12
5.039999999999969e+00 8.597234035789825e-12
5.045999999999969e+00 8.683165297895812e-12
5.051999999999969e+00 8.767764292372249e-12
5.057999999999970e+00 8.851031019219135e-12
5.063999999999970e+00 8.932965478436472e-12
5.069999999999970e+00 9.013678692326721e-12
5.075999999999970e+00 9.093170660889882e-12
5.081999999999971e+00 9.171330361823493e-12
5.087999999999971e+00 9.247935750522629e-12
5.093999999999971e+00 9.323208871592215e-12
5.099999999999971e+00 9.397149725032250e-12
5.105999999999971e+00 9.469869333145198e-12
5.111999999999972e+00 9.541034629023670e-12
5.117999999999972e+00 9.610978679575055e-12
5.123999999999972e+00 9.679257395589502e-12
5.129999999999972e+00 9.746314866276862e-12
5.135999999999973e+00 9.812040069334671e-12
5.141999999999973e+00 9.876210960158005e-12
5.147999999999973e+00 9.938938561049326e-12
5.153999999999973e+00 1.000022287200864e-11
5.159999999999973e+00 1.006006389303593e-11
5.165999999999974e+00 1.011846162413121e-11
5.171999999999974e+00 1.017541606529448e-11
5.177999999999974e+00 1.023092721652574e-11
5.183999999999974e+00 1.028477303322006e-11
5.189999999999975e+00 1.033717555998237e-11
5.195999999999975e+00 1.038824581911513e-11
5.201999999999975e+00 1.043742869910602e-11
5.207999999999975e+00 1.048550135607229e-11
5.213999999999976e+00 1.053179765619916e-11
5.219999999999976e+00 1.057665066639402e-11
5.225999999999976e+00 1.061994936435440e-11
5.231999999999976e+00 1.066169375008030e-11
5.237999999999976e+00 1.070188382357173e-11
5.243999999999977e+00 1.074051958482869e-11
5.249999999999977e+00 1.077760103385117e-11
5.255999999999977e+00 1.081312817063917e-11
5.261999999999977e+00 1.084721201749517e-11
5.267999999999978e+00 1.087951950751176e-11
5.273999999999978e+00 1.091038370759634e-11
5.279999999999978e+00 1.093969359544644e-11
5.285999999999978e+00 1.096722712645715e-11
5.291999999999978e+00 1.099320634523338e-11
5.297999999999979e+00 1.101763125177513e-11
5.303999999999979e+00 1.104050184608241e-11
5.309999999999979e+00 1.106159608355028e-11
5.315999999999979e+00 1.108135805338861e-11
5.321999999999980e+00 1.109923264408508e-11
5.327999999999980e+00 1.111566394484953e-11
5.333999999999980e+00 1.113042991107704e-11
5.339999999999980e+00 1.114364156507008e-11
5.345999999999981e+00 1.115529890682865e-11
5.351999999999981e+00 1.116517989174781e-11
5.357999999999981e+00 1.117328451982758e-11
5.363999999999981e+00 1.118005688027779e-11
5.369999999999981e+00 1.118505288388860e-11
5.375999999999982e+00 1.118838355296248e-11
5.381999999999982e+00 1.119015990980188e-11
5.387999999999982e+00 1.119027093210434e-11
5.393999999999982e+00 1.118893866447479e-11
5.399999999999983e+00 1.118594106230830e-11
5.405999999999983e+00 1.118116710330241e-11
5.411999999999983e+00 1.117494985436451e-11
5.417999999999983e+00 1.116673420398229e-11
5.423999999999984e+00 1.115729730827297e-11
5.429999999999984e+00 1.114608405572426e-11
5.435999999999984e+00 1.113320546863861e-11
5.441999999999984e+00 1.111866154701602e-11
5.447999999999984e+00 1.110267433546142e-11
5.453999999999985e+00 1.108502178936988e-11
5.459999999999985e+00 1.106559288643894e-11
5.465999999999985e+00 1.104483171587844e-11
5.471999999999985e+00 1.102229418847855e-11
5.477999999999986e+00 1.099809132654173e-11
5.483999999999986e+00 1.097244517467288e-11
5.489999999999986e+00 1.094513368826711e-11
5.495999999999986e+00 1.091637891192931e-11
5.501999999999986e+00 1.088584777875212e-11
5.507999999999987e+00 1.085376233334046e-11
5.513999999999987e+00 1.082012257569431e-11
5.519999999999987e+00 1.078492850581370e-11
5.525999999999987e+00 1.074818012369860e-11
5.531999999999988e+00 1.070987742934904e-11
5.537999999999988e+00 1.067002042276499e-11
5.543999999999988e+00 1.062849808164401e-11
5.549999999999988e+00 1.058564347289348e-11
5.555999999999989e+00 1.054123455190847e-11
5.561999999999989e+00 1.049516029638653e-11
5.567999999999989e+00 1.044764275093257e-11
5.573999999999989e+00 1.039857089324414e-11
5.579999999999989e+00 1.034805574562370e-11
5.585999999999990e+00 1.029587526346631e-11
5.591999999999990e+00 1.024225149137692e-11
5.597999999999990e+00 1.018729545165797e-11
5.603999999999990e+00 1.013056305509963e-11
5.609999999999991e+00 1.007272043551666e-11
5.615999999999991e+00 1.001321248139675e-11
5.621999999999991e+00 9.952372259647291e-12
5.627999999999991e+00 9.889977725663357e-12
5.633999999999991e+00 9.826139901747410e-12
5.639999999999992e+00 9.760969810201914e-12
5.645999999999992e+00 9.694245406421942e-12
5.651999999999992e+00 9.626299757314882e-12
5.657999999999992e+00 9.556799795973347e-12
5.663999999999993e+00 9.485856544699800e-12
5.669999999999993e+00 9.413692048099165e-12
5.675999999999993e+00 9.340306306171442e-12
5.681999999999993e+00 9.265255229706781e-12
5.687999999999994e+00 9.188982907915033e-12
5.693999999999994e+00 9.111267296191272e-12
5.699999999999994e+00 9.032330439140424e-12
5.705999999999994e+00 8.952061314460025e-12
5.711999999999994e+00 8.870459922150076e-12
5.717999999999995e+00 8.787637284513039e-12
5.723999999999995e+00 8.703482379246452e-12
5.729999999999995e+00 8.618217250955240e-12
5.735999999999995e+00 8.531508832732015e-12
5.741999999999996e+00 8.443579169181703e-12
5.747999999999996e+00 8.354539282606765e-12
5.753999999999996e+00 8.264056106099815e-12
5.759999999999996e+00 8.172629240021934e-12
5.765999999999996e+00 8.079870106314502e-12
5.771999999999997e+00 7.986056260733676e-12
5.777999999999997e+00 7.890965658674531e-12
5.783999999999997e+00 7.794820344741993e-12
5.789999999999997e+00 7.697453785482367e-12
5.795999999999998e+00 7.599088025500578e-12
5.801999999999998e+00 7.499445509040470e-12
5.807999999999998e+00 7.398914814160662e-12
5.813999999999998e+00 7.297218385104998e-12
5.819999999999999e+00 7.194411733024708e-12
5.825999999999999e+00 7.090661391373487e-12
5.831999999999999e+00 6.985745315546410e-12
5.837999999999999e+00 6.879885550148401e-12
5.843999999999999e+00 6.772915561725767e-12
5.850000000000000e+00 6.665223928337127e-12
5.856000000000000e+00 6.556366560772631e-12
5.862000000000000e+00 6.446509992485971e-12
5.868000000000000e+00 6.335876268082075e-12
5.874000000000001e+00 6.224243342956015e-12
5.880000000000001e+00 6.111666728259024e-12
5.886000000000001e+00 5.998257446293564e-12
5.892000000000001e+00 5.883959985908405e-12
5.898000000000001e+00 5.768774347103545e-12
5.904000000000002e+00 5.652756041030216e-12
5.910000000000002e+00 5.535905067688418e-12
5.916000000000002e+00 5.418304693804998e-12
5.922000000000002e+00 5.299816141501879e-12
5.928000000000003e+00 5.180633699808368e-12
5.934000000000003e+00 5.060618590846389e-12
5.940000000000003e+00 4.939965103645250e-12
5.946000000000003e+00 4.818478949175642e-12
5.952000000000004e+00 4.696409927618106e-12
5.958000000000004e+00 4.573591505518948e-12
5.964000000000004e+00 4.450190216331862e-12
5.970000000000004e+00 4.326011771027538e-12
5.976000000000004e+00 4.201278214210902e-12
5.982000000000005e+00 4.075878523579490e-12
5.988000000000005e+00 3.949854332496727e-12
5.994000000000005e+00 3.823441563355345e-12
