0.000000000000000e+00 0.000000000000000e+00
6.000000000000000e-03 3.621567431693132e-05
1.200000000000000e-02 7.285877256291845e-05
1.800000000000000e-02 1.099227080246928e-04
2.400000000000000e-02 1.474008335593940e-04
3.000000000000000e-02 1.852864425963968e-04
3.600000000000000e-02 2.235727701479090e-04
4.200000000000000e-02 2.622529938266227e-04
4.799999999999999e-02 3.013202348719768e-04
5.399999999999999e-02 3.407675591830389e-04
5.999999999999999e-02 3.805879783596172e-04
6.599999999999999e-02 4.207744507501443e-04
7.199999999999999e-02 4.613198825072773e-04
7.800000000000000e-02 5.022171286499511e-04
8.400000000000001e-02 5.434589941320511e-04
9.000000000000001e-02 5.850382349192329e-04
9.600000000000002e-02 6.269475590704454e-04
1.020000000000000e-01 6.691796278271711e-04
1.080000000000000e-01 7.117270567080225e-04
1.140000000000000e-01 7.545824166106663e-04
1.200000000000000e-01 7.977382349180495e-04
1.260000000000000e-01 8.411869966117036e-04
1.320000000000000e-01 8.849211453901551e-04
1.380000000000000e-01 9.289330847933597e-04
1.440000000000000e-01 9.732151793310773e-04
1.500000000000000e-01 1.017759755618186e-03
1.560000000000001e-01 1.062559103513772e-03
1.620000000000001e-01 1.107605477265405e-03
1.680000000000001e-01 1.152891096658504e-03
1.740000000000001e-01 1.198408148169461e-03
1.800000000000001e-01 1.244148786123722e-03
1.860000000000001e-01 1.290105133857855e-03
1.920000000000001e-01 1.336269284885561e-03
1.980000000000001e-01 1.382633304067571e-03
2.040000000000001e-01 1.429189228785654e-03
2.100000000000001e-01 1.475929070119675e-03
2.160000000000001e-01 1.522844814028201e-03
2.220000000000001e-01 1.569928422531897e-03
2.280000000000001e-01 1.617171834901399e-03
2.340000000000001e-01 1.664566968845760e-03
2.400000000000001e-01 1.712105721705659e-03
2.460000000000001e-01 1.759779971648501e-03
2.520000000000001e-01 1.807581578865292e-03
2.580000000000001e-01 1.855502386770125e-03
2.640000000000001e-01 1.903534223202052e-03
2.700000000000001e-01 1.951668901628900e-03
2.760000000000001e-01 1.999898222351026e-03
2.820000000000001e-01 2.048213973709689e-03
2.880000000000001e-01 2.096607933293582e-03
2.940000000000002e-01 2.145071869149251e-03
3.000000000000002e-01 2.193597540990355e-03
3.060000000000002e-01 2.242176701408527e-03
3.120000000000002e-01 2.290801097086625e-03
3.180000000000002e-01 2.339462470009157e-03
3.240000000000002e-01 2.388152558675527e-03
3.300000000000002e-01 2.436863099313347e-03
3.360000000000002e-01 2.485585827089798e-03
3.420000000000002e-01 2.534312477325495e-03
3.480000000000002e-01 2.583034786704852e-03
3.540000000000002e-01 2.631744494490218e-03
3.600000000000002e-01 2.680433343730138e-03
3.660000000000002e-01 2.729093082471157e-03
3.720000000000002e-01 2.777715464966191e-03
3.780000000000002e-01 2.826292252882001e-03
3.840000000000002e-01 2.874815216506343e-03
3.900000000000002e-01 2.923276135951891e-03
3.960000000000002e-01 2.971666802360162e-03
4.020000000000002e-01 3.019979019102559e-03
4.080000000000003e-01 3.068204602978852e-03
4.140000000000003e-01 3.116335385414670e-03
4.200000000000003e-01 3.164363213656318e-03
4.260000000000003e-01 3.212279951961605e-03
4.320000000000003e-01 3.260077482790558e-03
4.380000000000003e-01 3.307747707990139e-03
4.440000000000003e-01 3.355282549978744e-03
4.500000000000003e-01 3.402673952925039e-03
4.560000000000003e-01 3.449913883925793e-03
4.620000000000003e-01 3.496994334177272e-03
4.680000000000003e-01 3.543907320145756e-03
4.740000000000003e-01 3.590644884732153e-03
4.800000000000003e-01 3.637199098433408e-03
4.860000000000003e-01 3.683562060499912e-03
4.920000000000003e-01 3.729725900087022e-03
4.980000000000003e-01 3.775682777404032e-03
5.040000000000003e-01 3.821424884857261e-03
5.100000000000003e-01 3.866944448188137e-03
5.160000000000003e-01 3.912233727606629e-03
5.220000000000004e-01 3.957285018919121e-03
5.280000000000004e-01 4.002090654652402e-03
5.340000000000004e-01 4.046643005168771e-03
5.400000000000004e-01 4.090934479779373e-03
5.460000000000004e-01 4.134957527848870e-03
5.520000000000004e-01 4.178704639895336e-03
5.580000000000004e-01 4.222168348683719e-03
5.640000000000004e-01 4.265341230313524e-03
5.700000000000004e-01 4.308215905298396e-03
5.760000000000004e-01 4.350785039641369e-03
5.820000000000004e-01 4.393041345901350e-03
5.880000000000004e-01 4.434977584253597e-03
5.940000000000004e-01 4.476586563543217e-03
6.000000000000004e-01 4.517861142331547e-03
6.060000000000004e-01 4.558794229934104e-03
6.120000000000004e-01 4.599378787451758e-03
6.180000000000004e-01 4.639607828794801e-03
6.240000000000004e-01 4.679474421698582e-03
6.300000000000004e-01 4.718971688730145e-03
6.360000000000005e-01 4.758092808289427e-03
6.420000000000005e-01 4.796831015599134e-03
6.480000000000005e-01 4.835179603688955e-03
6.540000000000005e-01 4.873131924368779e-03
6.600000000000005e-01 4.910681389195259e-03
6.660000000000005e-01 4.947821470428937e-03
6.720000000000005e-01 4.984545701981480e-03
6.780000000000005e-01 5.020847680355378e-03
6.840000000000005e-01 5.056721065573311e-03
6.900000000000005e-01 5.092159582098965e-03
6.960000000000005e-01 5.127157019747419e-03
7.020000000000005e-01 5.161707234586643e-03
7.080000000000005e-01 5.195804149830008e-03
7.140000000000005e-01 5.229441756716802e-03
7.200000000000005e-01 5.262614115384534e-03
7.260000000000005e-01 5.295315355731245e-03
7.320000000000005e-01 5.327539678266158e-03
7.380000000000005e-01 5.359281354951229e-03
7.440000000000005e-01 5.390534730031482e-03
7.500000000000006e-01 5.421294220856132e-03
7.560000000000006e-01 5.451554318686713e-03
7.620000000000006e-01 5.481309589496330e-03
7.680000000000006e-01 5.510554674757140e-03
7.740000000000006e-01 5.539284292217839e-03
7.800000000000006e-01 5.567493236667720e-03
7.860000000000006e-01 5.595176380691846e-03
7.920000000000006e-01 5.622328675414234e-03
7.980000000000006e-01 5.648945151228157e-03
8.040000000000006e-01 5.675020918516904e-03
8.100000000000006e-01 5.700551168362211e-03
8.160000000000006e-01 5.725531173239595e-03
8.220000000000006e-01 5.749956287703695e-03
8.280000000000006e-01 5.773821949060953e-03
8.340000000000006e-01 5.797123678029426e-03
8.400000000000006e-01 5.819857079387813e-03
8.460000000000006e-01 5.842017842611513e-03
8.520000000000006e-01 5.863601742495894e-03
8.580000000000007e-01 5.884604639768143e-03
8.640000000000007e-01 5.905022481685784e-03
8.700000000000007e-01 5.924851302623657e-03
8.760000000000007e-01 5.944087224646344e-03
8.820000000000007e-01 5.962726458069612e-03
8.880000000000007e-01 5.980765302008528e-03
8.940000000000007e-01 5.998200144912480e-03
9.000000000000007e-01 6.015027465086309e-03
9.060000000000007e-01 6.031243831201016e-03
9.120000000000007e-01 6.046845902788034e-03
9.180000000000007e-01 6.061830430722726e-03
9.240000000000007e-01 6.076194257693235e-03
9.300000000000007e-01 6.089934318657009e-03
9.360000000000007e-01 6.103047641283332e-03
9.420000000000007e-01 6.115531346381875e-03
9.480000000000007e-01 6.127382648319579e-03
9.540000000000007e-01 6.138598855421062e-03
9.600000000000007e-01 6.149177370358416e-03
9.660000000000007e-01 6.159115690524575e-03
9.720000000000008e-01 6.168411408395857e-03
9.780000000000008e-01 6.177062211878026e-03
9.840000000000008e-01 6.185065884639351e-03
9.900000000000008e-01 6.192420306430801e-03
9.960000000000008e-01 6.199123453391020e-03
1.002000000000001e+00 6.205173398337538e-03
1.008000000000001e+00 6.210568311045384e-03
1.014000000000001e+00 6.215306458508929e-03
1.020000000000001e+00 6.219386205191690e-03
1.026000000000001e+00 6.222806013262250e-03
1.032000000000001e+00 6.225564442813969e-03
1.038000000000001e+00 6.227660152072712e-03
1.044000000000001e+00 6.229091897588968e-03
1.050000000000001e+00 6.229858534415822e-03
1.056000000000001e+00 6.229959016273878e-03
1.062000000000001e+00 6.229392395700084e-03
1.068000000000001e+00 6.228157824183345e-03
1.074000000000001e+00 6.226254552285870e-03
1.080000000000001e+00 6.223681929749425e-03
1.086000000000001e+00 6.220439405587919e-03
1.092000000000001e+00 6.216526528165400e-03
1.098000000000001e+00 6.211942945259008e-03
1.104000000000001e+00 6.206688404109151e-03
1.110000000000001e+00 6.200762751453037e-03
1.116000000000001e+00 6.194165933546103e-03
1.122000000000001e+00 6.186897996167035e-03
1.128000000000001e+00 6.178959084609609e-03
1.134000000000001e+00 6.170349443660156e-03
1.140000000000001e+00 6.161069417559423e-03
1.146000000000001e+00 6.151119449951559e-03
1.152000000000001e+00 6.140500083817724e-03
1.158000000000001e+00 6.129211961395181e-03
1.164000000000001e+00 6.117255824083428e-03
1.170000000000001e+00 6.104632512334396e-03
1.176000000000001e+00 6.091342965528268e-03
1.182000000000001e+00 6.077388221836871e-03
1.188000000000001e+00 6.062769418070713e-03
1.194000000000001e+00 6.047487789512418e-03
1.200000000000001e+00 6.031544669736544e-03
1.206000000000001e+00 6.014941490414510e-03
1.212000000000001e+00 5.997679781105519e-03
1.218000000000001e+00 5.979761169032621e-03
1.224000000000001e+00 5.961187378846447e-03
1.230000000000001e+00 5.941960232373020e-03
1.236000000000001e+00 5.922081648348176e-03
1.242000000000001e+00 5.901553642138263e-03
1.248000000000001e+00 5.880378325446294e-03
1.254000000000001e+00 5.858557906004994e-03
1.260000000000001e+00 5.836094687254878e-03
1.266000000000001e+00 5.812991068009102e-03
1.272000000000001e+00 5.789249542104897e-03
1.278000000000001e+00 5.764872698040442e-03
1.284000000000001e+00 5.739863218598491e-03
1.290000000000001e+00 5.714223880456240e-03
1.296000000000001e+00 5.687957553782007e-03
1.302000000000001e+00 5.661067201817693e-03
1.308000000000001e+00 5.633555880448428e-03
1.314000000000001e+00 5.605426737758309e-03
1.320000000000001e+00 5.576683013573419e-03
1.326000000000001e+00 5.547328038991023e-03
1.332000000000001e+00 5.517365235895480e-03
1.338000000000001e+00 5.486798116461911e-03
1.344000000000001e+00 5.455630282645937e-03
1.350000000000001e+00 5.423865425660424e-03
1.356000000000001e+00 5.391507325440387e-03
1.362000000000001e+00 5.358559850093647e-03
1.368000000000001e+00 5.325026955339707e-03
1.374000000000001e+00 5.290912683935362e-03
1.380000000000001e+00 5.256221165088809e-03
1.386000000000001e+00 5.220956613859712e-03
1.392000000000001e+00 5.185123330547825e-03
1.398000000000001e+00 5.148725700069551e-03
1.404000000000001e+00 5.111768191321336e-03
1.410000000000001e+00 5.074255356531721e-03
1.416000000000001e+00 5.036191830600861e-03
1.422000000000001e+00 4.997582330428518e-03
1.428000000000001e+00 4.958431654229961e-03
1.434000000000001e+00 4.918744680840192e-03
1.440000000000001e+00 4.878526369006153e-03
1.446000000000001e+00 4.837781756668158e-03
1.452000000000001e+00 4.796515960229120e-03
1.458000000000001e+00 4.754734173813224e-03
1.464000000000001e+00 4.712441668512257e-03
1.470000000000001e+00 4.669643791621991e-03
1.476000000000001e+00 4.626345965866918e-03
1.482000000000001e+00 4.582553688614155e-03
1.488000000000001e+00 4.538272531076804e-03
1.494000000000001e+00 4.493508137506041e-03
1.500000000000001e+00 4.448266224373776e-03
1.506000000000001e+00 4.402552579543584e-03
1.512000000000001e+00 4.356373061432106e-03
1.518000000000001e+00 4.309733598160448e-03
1.524000000000001e+00 4.262640186694644e-03
1.530000000000001e+00 4.215098891976798e-03
1.536000000000001e+00 4.167115846046621e-03
1.542000000000001e+00 4.118697247152581e-03
1.548000000000001e+00 4.069849358854127e-03
1.554000000000001e+00 4.020578509114026e-03
1.560000000000001e+00 3.970891089381534e-03
1.566000000000001e+00 3.920793553666868e-03
1.572000000000001e+00 3.870292417605892e-03
1.578000000000001e+00 3.819394257515984e-03
1.584000000000001e+00 3.768105709444081e-03
1.590000000000001e+00 3.716433468204938e-03
1.596000000000001e+00 3.664384286411471e-03
1.602000000000001e+00 3.611964973496695e-03
1.608000000000001e+00 3.559182394727411e-03
1.614000000000001e+00 3.506043470209885e-03
1.620000000000001e+00 3.452555173887317e-03
1.626000000000001e+00 3.398724532530428e-03
1.632000000000001e+00 3.344558624718941e-03
1.638000000000001e+00 3.290064579817176e-03
1.644000000000001e+00 3.235249576940769e-03
1.650000000000001e+00 3.180120843918055e-03
1.656000000000001e+00 3.124685656242132e-03
1.662000000000001e+00 3.068951336018144e-03
1.668000000000001e+00 3.012925250902798e-03
1.674000000000001e+00 2.956614813036995e-03
1.680000000000001e+00 2.900027477973133e-03
1.686000000000001e+00 2.843170743595191e-03
1.692000000000001e+00 2.786052149032936e-03
1.698000000000001e+00 2.728679273570456e-03
1.704000000000001e+00 2.671059735548820e-03
1.710000000000001e+00 2.613201191262626e-03
1.716000000000001e+00 2.555111333851445e-03
1.722000000000001e+00 2.496797892186375e-03
1.728000000000001e+00 2.438268629750495e-03
1.734000000000001e+00 2.379531343515096e-03
1.740000000000001e+00 2.320593862810694e-03
1.746000000000001e+00 2.261464048193162e-03
1.752000000000001e+00 2.202149790306418e-03
1.758000000000001e+00 2.142659008739334e-03
1.764000000000001e+00 2.082999650879214e-03
1.770000000000001e+00 2.023179690761490e-03
1.776000000000001e+00 1.963207127915090e-03
1.782000000000001e+00 1.903089986204143e-03
1.788000000000001e+00 1.842836312666796e-03
1.794000000000001e+00 1.782454176349479e-03
1.800000000000001e+00 1.721951667139510e-03
1.806000000000001e+00 1.661336894593246e-03
1.812000000000001e+00 1.600617986762476e-03
1.818000000000001e+00 1.539803089017466e-03
1.824000000000001e+00 1.478900362868130e-03
1.830000000000001e+00 1.417917984781747e-03
1.836000000000001e+00 1.356864145000136e-03
1.842000000000001e+00 1.295747046353601e-03
1.848000000000001e+00 1.234574903072883e-03
1.854000000000001e+00 1.173355939600773e-03
1.860000000000001e+00 1.112098389401295e-03
1.866000000000001e+00 1.050810493767540e-03
1.872000000000001e+00 9.895005006288482e-04
1.878000000000001e+00 9.281766633564281e-04
1.884000000000001e+00 8.668472395684246e-04
1.890000000000001e+00 8.055204899355406e-04
1.896000000000001e+00 7.442046769842170e-04
1.902000000000001e+00 6.829080638998120e-04
1.908000000000001e+00 6.216389133324451e-04
1.914000000000001e+00 5.604054861986230e-04
1.920000000000001e+00 4.992160404863055e-04
1.926000000000001e+00 4.380788300599736e-04
1.932000000000001e+00 3.770021034643634e-04
1.938000000000001e+00 3.159941027309765e-04
1.944000000000002e+00 2.550630621850347e-04
1.950000000000002e+00 1.942172072536552e-04
1.956000000000002e+00 1.334647532735822e-04
1.962000000000002e+00 7.281390430302626e-05
1.968000000000002e+00 1.227285193405869e-05
1.974000000000002e+00 4.815022589410578e-05
1.980000000000002e+00 1.084471660789399e-04
1.986000000000002e+00 1.686098215365472e-04
1.992000000000002e+00 2.286300623808302e-04
1.998000000000002e+00 2.884997771006592e-04
2.004000000000001e+00 3.482108737347112e-04
2.010000000000001e+00 4.077552810428653e-04
2.016000000000001e+00 4.671249496750463e-04
2.022000000000001e+00 5.263118533359590e-04
2.028000000000000e+00 5.853079899483804e-04
2.034000000000000e+00 6.441053828107890e-04
2.040000000000000e+00 7.026960817534400e-04
2.046000000000000e+00 7.610721642887786e-04
2.052000000000000e+00 8.192257367588551e-04
2.057999999999999e+00 8.771489354787443e-04
2.063999999999999e+00 9.348339278746343e-04
2.069999999999999e+00 9.922729136188080e-04
2.075999999999999e+00 1.049458125758407e-03
2.081999999999999e+00 1.106381831841197e-03
2.087999999999998e+00 1.163036335035117e-03
2.093999999999998e+00 1.219413975242389e-03
2.099999999999998e+00 1.275507130209741e-03
2.105999999999998e+00 1.331308216631633e-03
2.111999999999997e+00 1.386809691249269e-03
2.117999999999997e+00 1.442004051943058e-03
2.123999999999997e+00 1.496883838818519e-03
2.129999999999997e+00 1.551441635287976e-03
2.135999999999997e+00 1.605670069144249e-03
2.141999999999996e+00 1.659561813628363e-03
2.147999999999996e+00 1.713109588491579e-03
2.153999999999996e+00 1.766306161049558e-03
2.159999999999996e+00 1.819144347230517e-03
2.165999999999995e+00 1.871617012615734e-03
2.171999999999995e+00 1.923717073473385e-03
2.177999999999995e+00 1.975437497785060e-03
2.183999999999995e+00 2.026771306264274e-03
2.189999999999995e+00 2.077711573368446e-03
2.195999999999994e+00 2.128251428301309e-03
2.201999999999994e+00 2.178384056010008e-03
2.207999999999994e+00 2.228102698171530e-03
2.213999999999994e+00 2.277400654173145e-03
2.219999999999994e+00 2.326271282082182e-03
2.225999999999993e+00 2.374707999610925e-03
2.231999999999993e+00 2.422704285068522e-03
2.237999999999993e+00 2.470253678307222e-03
2.243999999999993e+00 2.517349781659073e-03
2.249999999999992e+00 2.563986260863627e-03
2.255999999999992e+00 2.610156845984979e-03
2.261999999999992e+00 2.655855332322488e-03
2.267999999999992e+00 2.701075581309387e-03
2.273999999999992e+00 2.745811521403296e-03
2.279999999999991e+00 2.790057148966629e-03
2.285999999999991e+00 2.833806529137672e-03
2.291999999999991e+00 2.877053796690343e-03
2.297999999999991e+00 2.919793156886397e-03
2.303999999999991e+00 2.962018886314532e-03
2.309999999999990e+00 3.003725333722396e-03
2.315999999999990e+00 3.044906920834700e-03
2.321999999999990e+00 3.085558143163691e-03
2.327999999999990e+00 3.125673570808063e-03
2.333999999999989e+00 3.165247849239994e-03
2.339999999999989e+00 3.204275700083414e-03
2.345999999999989e+00 3.242751921879172e-03
2.351999999999989e+00 3.280671390841317e-03
2.357999999999989e+00 3.318029061599503e-03
2.363999999999988e+00 3.354819967933409e-03
2.369999999999988e+00 3.391039223491710e-03
2.375999999999988e+00 3.426682022503735e-03
2.381999999999988e+00 3.461743640476689e-03
2.387999999999987e+00 3.496219434881875e-03
2.393999999999987e+00 3.530104845829496e-03
2.399999999999987e+00 3.563395396731228e-03
2.405999999999987e+00 3.596086694950706e-03
2.411999999999987e+00 3.628174432442455e-03
2.417999999999986e+00 3.659654386377609e-03
2.423999999999986e+00 3.690522419758202e-03
2.429999999999986e+00 3.720774482019573e-03
2.435999999999986e+00 3.750406609618451e-03
2.441999999999986e+00 3.779414926609936e-03
2.447999999999985e+00 3.807795645212275e-03
2.453999999999985e+00 3.835545066357415e-03
2.459999999999985e+00 3.862659580229799e-03
2.465999999999985e+00 3.889135666792054e-03
2.471999999999984e+00 3.914969896298026e-03
2.477999999999984e+00 3.940158929792159e-03
2.483999999999984e+00 3.964699519596326e-03
2.489999999999984e+00 3.988588509783564e-03
2.495999999999984e+00 4.011822836637369e-03
2.501999999999983e+00 4.034399529100119e-03
2.507999999999983e+00 4.056315709206282e-03
2.513999999999983e+00 4.077568592501413e-03
2.519999999999983e+00 4.098155488450494e-03
2.525999999999982e+00 4.118073800830624e-03
2.531999999999982e+00 4.137321028110152e-03
2.537999999999982e+00 4.155894763815282e-03
2.543999999999982e+00 4.173792696882006e-03
2.549999999999982e+00 4.191012611994394e-03
2.555999999999981e+00 4.207552389910330e-03
2.561999999999981e+00 4.223410007771267e-03
2.567999999999981e+00 4.238583539399321e-03
2.573999999999981e+00 4.253071155581045e-03
2.579999999999981e+00 4.266871124335991e-03
2.585999999999980e+00 4.279981811171618e-03
2.591999999999980e+00 4.292401679324764e-03
2.597999999999980e+00 4.304129289988023e-03
2.603999999999980e+00 4.315163302523239e-03
2.609999999999979e+00 4.325502474659682e-03
2.615999999999979e+00 4.335145662678119e-03
2.621999999999979e+00 4.344091821582352e-03
2.627999999999979e+00 4.352340005254085e-03
2.633999999999979e+00 4.359889366594705e-03
2.639999999999978e+00 4.366739157654009e-03
2.645999999999978e+00 4.372888729742119e-03
2.651999999999978e+00 4.378337533529064e-03
2.657999999999978e+00 4.383085119129271e-03
2.663999999999977e+00 4.387131136171896e-03
2.669999999999977e+00 4.390475333856336e-03
2.675999999999977e+00 4.393117560994531e-03
2.681999999999977e+00 4.395057766037491e-03
2.687999999999977e+00 4.396295997088517e-03
2.693999999999976e+00 4.396832401901918e-03
2.699999999999976e+00 4.396667227866469e-03
2.705999999999976e+00 4.395800821975548e-03
2.711999999999976e+00 4.394233630782673e-03
2.717999999999976e+00 4.391966200342934e-03
2.723999999999975e+00 4.388999176138331e-03
2.729999999999975e+00 4.385333302991734e-03
2.735999999999975e+00 4.380969424964243e-03
2.741999999999975e+00 4.375908485238611e-03
2.747999999999974e+00 4.370151525989741e-03
2.753999999999974e+00 4.363699688238631e-03
2.759999999999974e+00 4.356554211694563e-03
2.765999999999974e+00 4.348716434580846e-03
2.771999999999974e+00 4.340187793448191e-03
2.777999999999973e+00 4.330969822972319e-03
2.783999999999973e+00 4.321064155739018e-03
2.789999999999973e+00 4.310472522013109e-03
2.795999999999973e+00 4.299196749495943e-03
2.801999999999973e+00 4.287238763066026e-03
2.807999999999972e+00 4.274600584507821e-03
2.813999999999972e+00 4.261284332225723e-03
2.819999999999972e+00 4.247292220943527e-03
2.825999999999972e+00 4.232626561391312e-03
2.831999999999971e+00 4.217289759977788e-03
2.837999999999971e+00 4.201284318448101e-03
2.843999999999971e+00 4.184612833529666e-03
2.849999999999971e+00 4.167277996562774e-03
2.855999999999971e+00 4.149282593117837e-03
2.861999999999970e+00 4.130629502600111e-03
2.867999999999970e+00 4.111321697839260e-03
2.873999999999970e+00 4.091362244666746e-03
2.879999999999970e+00 4.070754301479393e-03
2.885999999999969e+00 4.049501118789156e-03
2.891999999999969e+00 4.027606038760442e-03
2.897999999999969e+00 4.005072494733669e-03
2.903999999999969e+00 3.981904010735525e-03
2.909999999999969e+00 3.958104200977117e-03
2.915999999999968e+00 3.933676769337518e-03
2.921999999999968e+00 3.908625508836286e-03
2.927999999999968e+00 3.882954301091210e-03
2.933999999999968e+00 3.856667115765062e-03
2.939999999999968e+00 3.829768009998197e-03
2.945999999999967e+00 3.802261127829727e-03
2.951999999999967e+00 3.774150699605100e-03
2.957999999999967e+00 3.745441041372005e-03
2.963999999999967e+00 3.716136554263713e-03
2.969999999999966e+00 3.686241723869887e-03
2.975999999999966e+00 3.655761119595743e-03
2.981999999999966e+00 3.624699394008529e-03
2.987999999999966e+00 3.593061282172502e-03
2.993999999999966e+00 3.560851600971582e-03
2.999999999999965e+00 3.528075248420803e-03
3.005999999999965e+00 3.494737202965392e-03
3.011999999999965e+00 3.460842522768598e-03
3.017999999999965e+00 3.426396344988231e-03
3.023999999999964e+00 3.391403885041250e-03
3.029999999999964e+00 3.355870435857694e-03
3.035999999999964e+00 3.319801367122871e-03
3.041999999999964e+00 3.283202124508944e-03
3.047999999999964e+00 3.246078228895305e-03
3.053999999999963e+00 3.208435275578264e-03
3.059999999999963e+00 3.170278933469328e-03
3.065999999999963e+00 3.131614944284600e-03
3.071999999999963e+00 3.092449121721241e-03
3.077999999999963e+00 3.052787350625863e-03
3.083999999999962e+00 3.012635586150836e-03
3.089999999999962e+00 2.971999852901919e-03
3.095999999999962e+00 2.930886244074782e-03
3.101999999999962e+00 2.889300920582150e-03
3.107999999999961e+00 2.847250110171340e-03
3.113999999999961e+00 2.804740106531534e-03
3.119999999999961e+00 2.761777268392329e-03
3.125999999999961e+00 2.718368018612083e-03
3.131999999999961e+00 2.674518843257756e-03
3.137999999999960e+00 2.630236290675325e-03
3.143999999999960e+00 2.585526970551089e-03
3.149999999999960e+00 2.540397552964146e-03
3.155999999999960e+00 2.494854767430388e-03
3.161999999999960e+00 2.448905401937818e-03
3.167999999999959e+00 2.402556301973391e-03
3.173999999999959e+00 2.355814369541520e-03
3.179999999999959e+00 2.308686562174589e-03
3.185999999999959e+00 2.261179891935194e-03
3.191999999999958e+00 2.213301424410896e-03
3.197999999999958e+00 2.165058277700804e-03
3.203999999999958e+00 2.116457621395063e-03
3.209999999999958e+00 2.067506675546560e-03
3.215999999999958e+00 2.018212709635148e-03
3.221999999999957e+00 1.968583041525696e-03
3.227999999999957e+00 1.918625036417820e-03
3.233999999999957e+00 1.868346105790120e-03
3.239999999999957e+00 1.817753706336522e-03
3.245999999999956e+00 1.766855338896978e-03
3.251999999999956e+00 1.715658547381427e-03
3.257999999999956e+00 1.664170917687446e-03
3.263999999999956e+00 1.612400076612452e-03
3.269999999999956e+00 1.560353690758909e-03
3.275999999999955e+00 1.508039465434652e-03
3.281999999999955e+00 1.455465143547996e-03
3.287999999999955e+00 1.402638504495735e-03
3.293999999999955e+00 1.349567363047366e-03
3.299999999999955e+00 1.296259568224545e-03
3.305999999999954e+00 1.242723002173651e-03
3.311999999999954e+00 1.188965579035917e-03
3.317999999999954e+00 1.134995243810111e-03
3.323999999999954e+00 1.080819971214786e-03
3.329999999999953e+00 1.026447764541749e-03
3.335999999999953e+00 9.718866545084248e-04
3.341999999999953e+00 9.171446981057763e-04
3.347999999999953e+00 8.622299774411202e-04
3.353999999999953e+00 8.071505985790539e-04
3.359999999999952e+00 7.519146903772755e-04
3.365999999999952e+00 6.965304033202946e-04
3.371999999999952e+00 6.410059083500341e-04
3.377999999999952e+00 5.853493956919920e-04
3.383999999999951e+00 5.295690736814018e-04
3.389999999999951e+00 4.736731675830663e-04
3.395999999999951e+00 4.176699184119670e-04
3.401999999999951e+00 3.615675817502106e-04
3.407999999999951e+00 3.053744265619773e-04
3.413999999999950e+00 2.490987340060258e-04
3.419999999999950e+00 1.927487962476437e-04
3.425999999999950e+00 1.363329152681558e-04
3.431999999999950e+00 7.985940167309913e-05
3.437999999999950e+00 2.333657349917750e-05
3.443999999999949e+00 3.322724498000529e-05
3.449999999999949e+00 8.982372444843456e-05
3.455999999999949e+00 1.464445317438390e-04
3.461999999999949e+00 2.030813310538448e-04
3.467999999999948e+00 2.597257851130186e-04
3.473999999999948e+00 3.163695563990210e-04
3.479999999999948e+00 3.730043083303158e-04
3.485999999999948e+00 4.296217064626573e-04
3.491999999999948e+00 4.862134196856882e-04
3.497999999999947e+00 5.427711214196496e-04
3.503999999999947e+00 5.992864908093143e-04
3.509999999999947e+00 6.557512139204746e-04
3.515999999999947e+00 7.121569849318776e-04
3.521999999999947e+00 7.684955073296029e-04
3.527999999999946e+00 8.247584950961118e-04
3.533999999999946e+00 8.809376739014052e-04
3.539999999999946e+00 9.370247822910738e-04
3.545999999999946e+00 9.930115728711275e-04
3.551999999999945e+00 1.048889813493825e-03
3.557999999999945e+00 1.104651288438174e-03
3.563999999999945e+00 1.160287799590765e-03
3.569999999999945e+00 1.215791167621938e-03
3.575999999999945e+00 1.271153233160516e-03
3.581999999999944e+00 1.326365857965639e-03
3.587999999999944e+00 1.381420926095167e-03
3.593999999999944e+00 1.436310345070080e-03
3.599999999999944e+00 1.491026047037658e-03
3.605999999999943e+00 1.545559989929557e-03
3.611999999999943e+00 1.599904158615995e-03
3.617999999999943e+00 1.654050566057164e-03
3.623999999999943e+00 1.707991254449648e-03
3.629999999999943e+00 1.761718296369841e-03
3.635999999999942e+00 1.815223795910481e-03
3.641999999999942e+00 1.868499889816411e-03
3.647999999999942e+00 1.921538748612117e-03
3.653999999999942e+00 1.974332577726834e-03
3.659999999999942e+00 2.026873618613201e-03
3.665999999999941e+00 2.079154149861151e-03
3.671999999999941e+00 2.131166488307024e-03
3.677999999999941e+00 2.182902990136681e-03
3.683999999999941e+00 2.234356051982300e-03
3.689999999999940e+00 2.285518112015161e-03
3.695999999999940e+00 2.336381651030894e-03
3.701999999999940e+00 2.386939193528281e-03
3.707999999999940e+00 2.437183308783841e-03
3.713999999999940e+00 2.487106611918088e-03
3.719999999999939e+00 2.536701764955906e-03
3.725999999999939e+00 2.585961477880039e-03
3.731999999999939e+00 2.634878509677918e-03
3.737999999999939e+00 2.683445669380835e-03
3.743999999999938e+00 2.731655817097001e-03
3.749999999999938e+00 2.779501865036393e-03
3.755999999999938e+00 2.826976778527723e-03
3.761999999999938e+00 2.874073577029512e-03
3.767999999999938e+00 2.920785335131404e-03
3.773999999999937e+00 2.967105183548258e-03
3.779999999999937e+00 3.013026310107358e-03
3.785999999999937e+00 3.058541960725192e-03
3.791999999999937e+00 3.103645440378000e-03
3.797999999999937e+00 3.148330114062015e-03
3.803999999999936e+00 3.192589407746471e-03
3.809999999999936e+00 3.236416809317411e-03
3.815999999999936e+00 3.279805869512153e-03
3.821999999999936e+00 3.322750202844782e-03
3.827999999999935e+00 3.365243488523850e-03
3.833999999999935e+00 3.407279471358771e-03
3.839999999999935e+00 3.448851962657318e-03
3.845999999999935e+00 3.489954841114917e-03
3.851999999999935e+00 3.530582053692721e-03
3.857999999999934e+00 3.570727616486025e-03
3.863999999999934e+00 3.610385615584244e-03
3.869999999999934e+00 3.649550207918129e-03
3.875999999999934e+00 3.688215622099755e-03
3.881999999999934e+00 3.726376159249645e-03
3.887999999999933e+00 3.764026193815440e-03
3.893999999999933e+00 3.801160174378704e-03
3.899999999999933e+00 3.837772624451952e-03
3.905999999999933e+00 3.873858143264020e-03
3.911999999999932e+00 3.909411406535113e-03
3.917999999999932e+00 3.944427167241082e-03
3.923999999999932e+00 3.978900256365825e-03
3.929999999999932e+00 4.012825583643465e-03
3.935999999999932e+00 4.046198138288104e-03
3.941999999999931e+00 4.079012989712361e-03
3.947999999999931e+00 4.111265288236132e-03
3.953999999999931e+00 4.142950265780154e-03
3.959999999999931e+00 4.174063236551895e-03
3.965999999999930e+00 4.204599597716463e-03
3.971999999999930e+00 4.234554830057080e-03
3.977999999999930e+00 4.263924498623339e-03
3.983999999999930e+00 4.292704253367030e-03
3.989999999999930e+00 4.320889829765862e-03
3.995999999999929e+00 4.348477049435084e-03
4.001999999999930e+00 4.375461820727455e-03
4.007999999999930e+00 4.401840139317437e-03
4.013999999999930e+00 4.427608088777513e-03
4.019999999999930e+00 4.452761841138630e-03
4.025999999999931e+00 4.477297657439094e-03
4.031999999999931e+00 4.501211888260470e-03
4.037999999999931e+00 4.524500974250611e-03
4.043999999999931e+00 4.547161446633030e-03
4.049999999999931e+00 4.569189927704720e-03
4.055999999999932e+00 4.590583131320103e-03
4.061999999999932e+00 4.611337863360543e-03
4.067999999999932e+00 4.631451022193200e-03
4.073999999999932e+00 4.650919599114456e-03
4.079999999999933e+00 4.669740678780565e-03
4.085999999999933e+00 4.687911439625769e-03
4.091999999999933e+00 4.705429154265306e-03
4.097999999999933e+00 4.722291189886096e-03
4.103999999999933e+00 4.738495008624000e-03
4.109999999999934e+00 4.754038167925079e-03
4.115999999999934e+00 4.768918320897431e-03
4.121999999999934e+00 4.783133216644475e-03
4.127999999999934e+00 4.796680700588474e-03
4.133999999999935e+00 4.809558714776507e-03
4.139999999999935e+00 4.821765298176683e-03
4.145999999999935e+00 4.833298586956358e-03
4.151999999999935e+00 4.844156814748923e-03
4.157999999999936e+00 4.854338312905937e-03
4.163999999999936e+00 4.863841510734379e-03
4.169999999999936e+00 4.872664935722137e-03
4.175999999999936e+00 4.880807213745175e-03
4.181999999999936e+00 4.888267069265761e-03
4.187999999999937e+00 4.895043325511939e-03
4.193999999999937e+00 4.901134904645665e-03
4.199999999999937e+00 4.906540827915751e-03
4.205999999999937e+00 4.911260215795743e-03
4.211999999999938e+00 4.915292288109219e-03
4.217999999999938e+00 4.918636364139695e-03
4.223999999999938e+00 4.921291862725774e-03
4.229999999999938e+00 4.923258302343414e-03
4.235999999999938e+00 4.924535301172928e-03
4.241999999999939e+00 4.925122577151164e-03
4.247999999999939e+00 4.925019948010589e-03
4.253999999999939e+00 4.924227331303099e-03
4.259999999999939e+00 4.922744744409568e-03
4.265999999999940e+00 4.920572304535409e-03
4.271999999999940e+00 4.917710228691530e-03
4.277999999999940e+00 4.914158833660698e-03
4.283999999999940e+00 4.909918535950131e-03
4.289999999999941e+00 4.904989851729269e-03
4.295999999999941e+00 4.899373396752782e-03
4.301999999999941e+00 4.893069886270807e-03
4.307999999999941e+00 4.886080134923088e-03
4.313999999999941e+00 4.878405056619628e-03
4.319999999999942e+00 4.870045664407352e-03
4.325999999999942e+00 4.861003070322112e-03
4.331999999999942e+00 4.851278485226151e-03
4.337999999999942e+00 4.840873218631858e-03
4.343999999999943e+00 4.829788678511165e-03
4.349999999999943e+00 4.818026371090772e-03
4.355999999999943e+00 4.805587900633429e-03
4.361999999999943e+00 4.792474969204236e-03
4.367999999999943e+00 4.778689376424144e-03
4.373999999999944e+00 4.764233019208836e-03
4.379999999999944e+00 4.749107891493104e-03
4.385999999999944e+00 4.733316083942118e-03
4.391999999999944e+00 4.716859783647942e-03
4.397999999999945e+00 4.699741273813618e-03
4.403999999999945e+00 4.681962933421074e-03
4.409999999999945e+00 4.663527236887496e-03
4.415999999999945e+00 4.644436753707126e-03
4.421999999999946e+00 4.624694148078493e-03
4.427999999999946e+00 4.604302178519898e-03
4.433999999999946e+00 4.583263697469142e-03
4.439999999999946e+00 4.561581650872087e-03
4.445999999999946e+00 4.539259077755563e-03
4.451999999999947e+00 4.516299109788138e-03
4.457999999999947e+00 4.492704970827585e-03
4.463999999999947e+00 4.468479976454418e-03
4.469999999999947e+00 4.443627533492483e-03
4.475999999999948e+00 4.418151139516939e-03
4.481999999999948e+00 4.392054382348424e-03
4.487999999999948e+00 4.365340939534602e-03
4.493999999999948e+00 4.338014577818888e-03
4.499999999999948e+00 4.310079152595972e-03
4.505999999999949e+00 4.281538607355334e-03
4.511999999999949e+00 4.252396973110688e-03
4.517999999999949e+00 4.222658367818710e-03
4.523999999999949e+00 4.192326995783396e-03
4.529999999999950e+00 4.161407147049392e-03
4.535999999999950e+00 4.129903196782359e-03
4.541999999999950e+00 4.097819604636926e-03
4.547999999999950e+00 4.065160914113006e-03
4.553999999999951e+00 4.031931751899559e-03
4.559999999999951e+00 3.998136827206844e-03
4.565999999999951e+00 3.963780931086291e-03
4.571999999999951e+00 3.928868935738988e-03
4.577999999999951e+00 3.893405793812310e-03
4.583999999999952e+00 3.857396537685159e-03
4.589999999999952e+00 3.820846278741435e-03
4.595999999999952e+00 3.783760206632236e-03
4.601999999999952e+00 3.746143588526929e-03
4.607999999999953e+00 3.708001768353203e-03
4.613999999999953e+00 3.669340166025381e-03
4.619999999999953e+00 3.630164276662767e-03
4.625999999999953e+00 3.590479669796420e-03
4.631999999999953e+00 3.550291988565324e-03
4.637999999999954e+00 3.509606948902622e-03
4.643999999999954e+00 3.468430338710471e-03
4.649999999999954e+00 3.426768017024850e-03
4.655999999999954e+00 3.384625913170736e-03
4.661999999999955e+00 3.342010025906172e-03
4.667999999999955e+00 3.298926422557136e-03
4.673999999999955e+00 3.255381238141952e-03
4.679999999999955e+00 3.211380674486453e-03
4.685999999999956e+00 3.166930999329132e-03
4.691999999999956e+00 3.122038545417649e-03
4.697999999999956e+00 3.076709709594116e-03
4.703999999999956e+00 3.030950951873668e-03
4.709999999999956e+00 2.984768794511539e-03
4.715999999999957e+00 2.938169821063430e-03
4.721999999999957e+00 2.891160675434767e-03
4.727999999999957e+00 2.843748060923412e-03
4.733999999999957e+00 2.795938739251991e-03
4.739999999999958e+00 2.747739529593618e-03
4.745999999999958e+00 2.699157307587352e-03
4.751999999999958e+00 2.650199004347598e-03
4.757999999999958e+00 2.600871605463684e-03
4.763999999999958e+00 2.551182149993114e-03
4.769999999999959e+00 2.501137729445935e-03
4.775999999999959e+00 2.450745486762163e-03
4.781999999999959e+00 2.400012615282221e-03
4.787999999999959e+00 2.348946357708659e-03
4.793999999999960e+00 2.297554005062707e-03
4.799999999999960e+00 2.245842895632344e-03
4.805999999999960e+00 2.193820413914249e-03
4.811999999999960e+00 2.141493989548882e-03
4.817999999999961e+00 2.088871096249445e-03
4.823999999999961e+00 2.035959250724306e-03
4.829999999999961e+00 1.982766011592085e-03
4.835999999999961e+00 1.929298978293637e-03
4.841999999999961e+00 1.875565789994815e-03
4.847999999999962e+00 1.821574124485470e-03
4.853999999999962e+00 1.767331697072438e-03
4.859999999999962e+00 1.712846259467327e-03
4.865999999999962e+00 1.658125598668958e-03
4.871999999999963e+00 1.603177535840050e-03
4.877999999999963e+00 1.548009925180005e-03
4.883999999999963e+00 1.492630652792482e-03
4.889999999999963e+00 1.437047635548638e-03
4.895999999999963e+00 1.381268819945158e-03
4.901999999999964e+00 1.325302180959609e-03
4.907999999999964e+00 1.269155720899029e-03
4.913999999999964e+00 1.212837468248629e-03
4.919999999999964e+00 1.156355476511939e-03
4.925999999999965e+00 1.099717823051294e-03
4.931999999999965e+00 1.042932607922653e-03
4.937999999999965e+00 9.860079527085341e-04
4.943999999999965e+00 9.289519993463946e-04
4.949999999999966e+00 8.717729089554593e-04
4.955999999999966e+00 8.144788606602171e-04
4.961999999999966e+00 7.570780504106978e-04
4.967999999999966e+00 6.995786898018608e-04
4.973999999999966e+00 6.419890048893206e-04
4.979999999999967e+00 5.843172350034065e-04
4.985999999999967e+00 5.265716315617786e-04
4.991999999999967e+00 4.687604568797132e-04
4.997999999999967e+00 4.108919829792779e-04
5.003999999999968e+00 3.529744903967291e-04
5.009999999999968e+00 2.950162669888012e-04
5.015999999999968e+00 2.370256067384391e-04
5.021999999999968e+00 1.790108085585329e-04
5.027999999999968e+00 1.209801750962081e-04
5.033999999999969e+00 6.294201153589363e-05
5.039999999999969e+00 4.904624402057856e-06
5.045999999999969e+00 5.312367963805631e-05
5.051999999999969e+00 1.111345949719178e-04
5.057999999999970e+00 1.691198182389719e-04
5.063999999999970e+00 2.270710495271278e-04
5.069999999999970e+00 2.849799935695785e-04
5.075999999999970e+00 3.428383609401786e-04
5.081999999999971e+00 4.006378692485990e-04
5.087999999999971e+00 4.583702443343718e-04
5.093999999999971e+00 5.160272214586037e-04
5.099999999999971e+00 5.736005464960225e-04
5.105999999999971e+00 6.310819771246923e-04
5.111999999999972e+00 6.884632840141736e-04
5.117999999999972e+00 7.457362520109090e-04
5.123999999999972e+00 8.028926813236081e-04
5.129999999999972e+00 8.599243887036367e-04
5.135999999999973e+00 9.168232086258499e-04
5.141999999999973e+00 9.735809944653173e-04
5.147999999999973e+00 1.030189619670829e-03
5.153999999999973e+00 1.086640978936959e-03
5.159999999999973e+00 1.142926989371795e-03
5.165999999999974e+00 1.199039591662787e-03
5.171999999999974e+00 1.254970751237594e-03
5.177999999999974e+00 1.310712459422381e-03
5.183999999999974e+00 1.366256734596671e-03
5.189999999999975e+00 1.421595623342764e-03
5.195999999999975e+00 1.476721201593034e-03
5.201999999999975e+00 1.531625575772133e-03
5.207999999999975e+00 1.586300883933300e-03
5.213999999999976e+00 1.640739296893790e-03
5.219999999999976e+00 1.694933019361411e-03
5.225999999999976e+00 1.748874291059077e-03
5.231999999999976e+00 1.802555387843130e-03
5.237999999999976e+00 1.855968622816562e-03
5.243999999999977e+00 1.909106347437239e-03
5.249999999999977e+00 1.961960952619912e-03
5.255999999999977e+00 2.014524869833334e-03
5.261999999999977e+00 2.066790572190835e-03
5.267999999999978e+00 2.118750575536010e-03
5.273999999999978e+00 2.170397439519967e-03
5.279999999999978e+00 2.221723768675354e-03
5.285999999999978e+00 2.272722213481515e-03
5.291999999999978e+00 2.323385471423522e-03
5.297999999999979e+00 2.373706288045452e-03
5.303999999999979e+00 2.423677457995543e-03
5.309999999999979e+00 2.473291826065260e-03
5.315999999999979e+00 2.522542288219798e-03
5.321999999999980e+00 2.571421792623152e-03
5.327999999999980e+00 2.619923340653307e-03
5.333999999999980e+00 2.668039987912096e-03
5.339999999999980e+00 2.715764845225510e-03
5.345999999999981e+00 2.763091079637126e-03
5.351999999999981e+00 2.810011915392874e-03
5.357999999999981e+00 2.856520634917481e-03
5.363999999999981e+00 2.902610579782583e-03
5.369999999999981e+00 2.948275151667512e-03
5.375999999999982e+00 2.993507813309315e-03
5.381999999999982e+00 3.038302089445444e-03
5.387999999999982e+00 3.082651567747341e-03
5.393999999999982e+00 3.126549899744147e-03
5.399999999999983e+00 3.169990801738742e-03
5.405999999999983e+00 3.212968055712806e-03
5.411999999999983e+00 3.255475510222872e-03
5.417999999999983e+00 3.297507081288398e-03
5.423999999999984e+00 3.339056753266512e-03
5.429999999999984e+00 3.380118579721869e-03
5.435999999999984e+00 3.420686684281748e-03
5.441999999999984e+00 3.460755261484261e-03
5.447999999999984e+00 3.500318577614236e-03
5.453999999999985e+00 3.539370971531119e-03
5.459999999999985e+00 3.577906855484203e-03
5.465999999999985e+00 3.615920715917542e-03
5.471999999999985e+00 3.653407114266538e-03
5.477999999999986e+00 3.690360687740424e-03
5.483999999999986e+00 3.726776150095534e-03
5.489999999999986e+00 3.762648292398474e-03
5.495999999999986e+00 3.797971983775850e-03
5.501999999999986e+00 3.832742172154902e-03
5.507999999999987e+00 3.866953884990920e-03
5.513999999999987e+00 3.900602229984895e-03
5.519999999999987e+00 3.933682395788507e-03
5.525999999999987e+00 3.966189652698127e-03
5.531999999999988e+00 3.998119353336160e-03
5.537999999999988e+00 4.029466933321735e-03
5.543999999999988e+00 4.060227911928505e-03
5.549999999999988e+00 4.090397892730135e-03
5.555999999999989e+00 4.119972564235574e-03
5.561999999999989e+00 4.148947700509553e-03
5.567999999999989e+00 4.177319161782322e-03
5.573999999999989e+00 4.205082895046619e-03
5.579999999999989e+00 4.232234934642087e-03
5.585999999999990e+00 4.258771402827377e-03
5.591999999999990e+00 4.284688510338586e-03
5.597999999999990e+00 4.309982556936376e-03
5.603999999999990e+00 4.334649931939993e-03
5.609999999999991e+00 4.358687114746407e-03
5.615999999999991e+00 4.382090675340122e-03
5.621999999999991e+00 4.404857274786234e-03
5.627999999999991e+00 4.426983665712814e-03
5.633999999999991e+00 4.448466692779318e-03
5.639999999999992e+00 4.469303293131222e-03
5.645999999999992e+00 4.489490496842552e-03
5.651999999999992e+00 4.509025427343438e-03
5.657999999999992e+00 4.527905301836110e-03
5.663999999999993e+00 4.546127431695468e-03
5.669999999999993e+00 4.563689222857548e-03
5.675999999999993e+00 4.580588176193556e-03
5.681999999999993e+00 4.596821887871250e-03
5.687999999999994e+00 4.612388049700211e-03
5.693999999999994e+00 4.627284449466584e-03
5.699999999999994e+00 4.641508971251374e-03
5.705999999999994e+00 4.655059595736533e-03
5.711999999999994e+00 4.667934400496176e-03
5.717999999999995e+00 4.680131560273693e-03
5.723999999999995e+00 4.691649347246196e-03
5.729999999999995e+00 4.702486131273442e-03
5.735999999999995e+00 4.712640380133859e-03
5.741999999999996e+00 4.722110659744705e-03
5.747999999999996e+00 4.730895634370458e-03
5.753999999999996e+00 4.738994066815994e-03
5.759999999999996e+00 4.746404818603944e-03
5.765999999999996e+00 4.753126850141287e-03
5.771999999999997e+00 4.759159220868114e-03
5.777999999999997e+00 4.764501089395023e-03
5.783999999999997e+00 4.769151713623909e-03
5.789999999999997e+00 4.773110450856322e-03
5.795999999999998e+00 4.776376757886114e-03
5.801999999999998e+00 4.778950191079157e-03
5.807999999999998e+00 4.780830406436565e-03
5.813999999999998e+00 4.782017159646490e-03
5.819999999999999e+00 4.782510306118759e-03
5.825999999999999e+00 4.782309801006801e-03
5.831999999999999e+00 4.781415699215141e-03
5.837999999999999e+00 4.779828155391297e-03
5.843999999999999e+00 4.777547423905182e-03
5.850000000000000e+00 4.774573858811915e-03
5.856000000000000e+00 4.770907913803135e-03
5.862000000000000e+00 4.766550142140780e-03
5.868000000000000e+00 4.761501196578588e-03
5.874000000000001e+00 4.755761829269289e-03
5.880000000000001e+00 4.749332891656188e-03
5.886000000000001e+00 4.742215334351485e-03
5.892000000000001e+00 4.734410207000272e-03
5.898000000000001e+00 4.725918658129602e-03
5.904000000000002e+00 4.716741934983892e-03
5.910000000000002e+00 4.706881383346184e-03
5.916000000000002e+00 4.696338447344489e-03
5.922000000000002e+00 4.685114669245066e-03
5.928000000000003e+00 4.673211689230294e-03
5.934000000000003e+00 4.660631245163804e-03
5.940000000000003e+00 4.647375172340124e-03
5.946000000000003e+00 4.633445403221720e-03
5.952000000000004e+00 4.618843967160613e-03
5.958000000000004e+00 4.603572990107468e-03
5.964000000000004e+00 4.587634694305454e-03
5.970000000000004e+00 4.571031397971492e-03
5.976000000000004e+00 4.553765514962171e-03
5.982000000000005e+00 4.535839554427601e-03
5.988000000000005e+00 4.517256120450175e-03
5.994000000000005e+00 4.498017911670121e-03
