0.000000000000000e+00 0.000000000000000e+00
6.000000000000000e-03 1.200000000000000e-02
1.200000000000000e-02 2.392713601036795e-02
1.800000000000000e-02 3.578011736019056e-02
2.400000000000000e-02 4.755766149580114e-02
3.000000000000000e-02 5.925849418083050e-02
3.600000000000000e-02 7.088134969496797e-02
4.200000000000000e-02 8.242497103140448e-02
4.799999999999999e-02 9.388811009292983e-02
5.399999999999999e-02 1.052695278866564e-01
5.999999999999999e-02 1.165679947173421e-01
6.599999999999999e-02 1.277822903792844e-01
7.199999999999999e-02 1.389112043467599e-01
7.800000000000000e-02 1.499535359629807e-01
8.400000000000001e-02 1.609080946275423e-01
9.000000000000001e-02 1.717736999823359e-01
9.600000000000002e-02 1.825491820958994e-01
1.020000000000000e-01 1.932333816461797e-01
1.080000000000000e-01 2.038251501016830e-01
1.140000000000000e-01 2.143233499009845e-01
1.200000000000000e-01 2.247268546305746e-01
1.260000000000000e-01 2.350345492010155e-01
1.320000000000000e-01 2.452453300213831e-01
1.380000000000000e-01 2.553581051719703e-01
1.440000000000000e-01 2.653717945752262e-01
1.500000000000000e-01 2.752853301649092e-01
1.560000000000001e-01 2.850976560534270e-01
1.620000000000001e-01 2.948077286973432e-01
1.680000000000001e-01 3.044145170610247e-01
1.740000000000001e-01 3.139170027784079e-01
1.800000000000001e-01 3.233141803128610e-01
1.860000000000001e-01 3.326050571151191e-01
1.920000000000001e-01 3.417886537792706e-01
1.980000000000001e-01 3.508640041967729e-01
2.040000000000001e-01 3.598301557084747e-01
2.100000000000001e-01 3.686861692546246e-01
2.160000000000001e-01 3.774311195228445e-01
2.220000000000001e-01 3.860640950940470e-01
2.280000000000001e-01 3.945841985862755e-01
2.340000000000001e-01 4.029905467964481e-01
2.400000000000001e-01 4.112822708399845e-01
2.460000000000001e-01 4.194585162882960e-01
2.520000000000001e-01 4.275184433041200e-01
2.580000000000001e-01 4.354612267746796e-01
2.640000000000001e-01 4.432860564426490e-01
2.700000000000001e-01 4.509921370349079e-01
2.760000000000001e-01 4.585786883890643e-01
2.820000000000001e-01 4.660449455777309e-01
2.880000000000001e-01 4.733901590305349e-01
2.940000000000002e-01 4.806135946538456e-01
3.000000000000002e-01 4.877145339482029e-01
3.060000000000002e-01 4.946922741234298e-01
3.120000000000002e-01 5.015461282114125e-01
3.180000000000002e-01 5.082754251765335e-01
3.240000000000002e-01 5.148795100237401e-01
3.300000000000002e-01 5.213577439042362e-01
3.360000000000002e-01 5.277095042187792e-01
3.420000000000002e-01 5.339341847185699e-01
3.480000000000002e-01 5.400311956037207e-01
3.540000000000002e-01 5.459999636192878e-01
3.600000000000002e-01 5.518399321488544e-01
3.660000000000002e-01 5.575505613056521e-01
3.720000000000002e-01 5.631313280212067e-01
3.780000000000002e-01 5.685817261314980e-01
3.840000000000002e-01 5.739012664606191e-01
3.900000000000002e-01 5.790894769019252e-01
3.960000000000002e-01 5.841459024966610e-01
4.020000000000002e-01 5.890701055100536e-01
4.080000000000003e-01 5.938616655048626e-01
4.140000000000003e-01 5.985201794123766e-01
4.200000000000003e-01 6.030452616008444e-01
4.260000000000003e-01 6.074365439413349e-01
4.320000000000003e-01 6.116936758710136e-01
4.380000000000003e-01 6.158163244538275e-01
4.440000000000003e-01 6.198041744385918e-01
4.500000000000003e-01 6.236569283144685e-01
4.560000000000003e-01 6.273743063638296e-01
4.620000000000003e-01 6.309560467124988e-01
4.680000000000003e-01 6.344019053773631e-01
4.740000000000003e-01 6.377116563113493e-01
4.800000000000003e-01 6.408850914457586e-01
4.860000000000003e-01 6.439220207299535e-01
4.920000000000003e-01 6.468222721683918e-01
4.980000000000003e-01 6.495856918550028e-01
5.040000000000003e-01 6.522121440049008e-01
5.100000000000003e-01 6.547015109834321e-01
5.160000000000003e-01 6.570536933325513e-01
5.220000000000004e-01 6.592686097945235e-01
5.280000000000004e-01 6.613461973329497e-01
5.340000000000004e-01 6.632864111511122e-01
5.400000000000004e-01 6.650892247076376e-01
5.460000000000004e-01 6.667546297294767e-01
5.520000000000004e-01 6.682826362221976e-01
5.580000000000004e-01 6.696732724775932e-01
5.640000000000004e-01 6.709265850786008e-01
5.700000000000004e-01 6.720426389015336e-01
5.760000000000004e-01 6.730215171156246e-01
5.820000000000004e-01 6.738633211798835e-01
5.880000000000004e-01 6.745681708372654e-01
5.940000000000004e-01 6.751362041061560e-01
6.000000000000004e-01 6.755675772691716e-01
6.060000000000004e-01 6.758624648592767e-01
6.120000000000004e-01 6.760210596432228e-01
6.180000000000004e-01 6.760435726023096e-01
6.240000000000004e-01 6.759302329104727e-01
6.300000000000004e-01 6.756812879096997e-01
6.360000000000005e-01 6.752970030827810e-01
6.420000000000005e-01 6.747776620233971e-01
6.480000000000005e-01 6.741235664035488e-01
6.540000000000005e-01 6.733350359383339e-01
6.600000000000005e-01 6.724124083480769e-01
6.660000000000005e-01 6.713560393178170e-01
6.720000000000005e-01 6.701663024541596e-01
6.780000000000005e-01 6.688435892395005e-01
6.840000000000005e-01 6.673883089836257e-01
6.900000000000005e-01 6.658008887726982e-01
6.960000000000005e-01 6.640817734156360e-01
7.020000000000005e-01 6.622314253878919e-01
7.080000000000005e-01 6.602503247726416e-01
7.140000000000005e-01 6.581389691993896e-01
7.200000000000005e-01 6.558978737800031e-01
7.260000000000005e-01 6.535275710421808e-01
7.320000000000005e-01 6.510286108603691e-01
7.380000000000005e-01 6.484015603841343e-01
7.440000000000005e-01 6.456470039640020e-01
7.500000000000006e-01 6.427655430747747e-01
7.560000000000006e-01 6.397577962363385e-01
7.620000000000006e-01 6.366243989319710e-01
7.680000000000006e-01 6.333660035241621e-01
7.740000000000006e-01 6.299832791679604e-01
7.800000000000006e-01 6.264769117218580e-01
7.860000000000006e-01 6.228476036562260e-01
7.920000000000006e-01 6.190960739593153e-01
7.980000000000006e-01 6.152230580408352e-01
8.040000000000006e-01 6.112293076331258e-01
8.100000000000006e-01 6.071155906899364e-01
8.160000000000006e-01 6.028826912828267e-01
8.220000000000006e-01 5.985314094952046e-01
8.280000000000006e-01 5.940625613140170e-01
8.340000000000006e-01 5.894769785191091e-01
8.400000000000006e-01 5.847755085702678e-01
8.460000000000006e-01 5.799590144919677e-01
8.520000000000006e-01 5.750283747558335e-01
8.580000000000007e-01 5.699844831608384e-01
8.640000000000007e-01 5.648282487112556e-01
8.700000000000007e-01 5.595605954923796e-01
8.760000000000007e-01 5.541824625440364e-01
8.820000000000007e-01 5.486948037319009e-01
8.880000000000007e-01 5.430985876166404e-01
8.940000000000007e-01 5.373947973209025e-01
9.000000000000007e-01 5.315844303941675e-01
9.060000000000007e-01 5.256684986754854e-01
9.120000000000007e-01 5.196480281541164e-01
9.180000000000007e-01 5.135240588280955e-01
9.240000000000007e-01 5.072976445607428e-01
9.300000000000007e-01 5.009698529351388e-01
9.360000000000007e-01 4.945417651065878e-01
9.420000000000007e-01 4.880144756530879e-01
9.480000000000007e-01 4.813890924238334e-01
9.540000000000007e-01 4.746667363857681e-01
9.600000000000007e-01 4.678485414682133e-01
9.660000000000007e-01 4.609356544055932e-01
9.720000000000008e-01 4.539292345782807e-01
9.780000000000008e-01 4.468304538515857e-01
9.840000000000008e-01 4.396404964129100e-01
9.900000000000008e-01 4.323605586070931e-01
9.960000000000008e-01 4.249918487699715e-01
1.002000000000001e+00 4.175355870601766e-01
1.008000000000001e+00 4.099930052891952e-01
1.014000000000001e+00 4.023653467497177e-01
1.020000000000001e+00 3.946538660422985e-01
1.026000000000001e+00 3.868598289003538e-01
1.032000000000001e+00 3.789845120135226e-01
1.038000000000001e+00 3.710292028494163e-01
1.044000000000001e+00 3.629951994737823e-01
1.050000000000001e+00 3.548838103691088e-01
1.056000000000001e+00 3.466963542516958e-01
1.062000000000001e+00 3.384341598872201e-01
1.068000000000001e+00 3.300985659048201e-01
1.074000000000001e+00 3.216909206097275e-01
1.080000000000001e+00 3.132125817944742e-01
1.086000000000001e+00 3.046649165487000e-01
1.092000000000001e+00 2.960493010675898e-01
1.098000000000001e+00 2.873671204589679e-01
1.104000000000001e+00 2.786197685490777e-01
1.110000000000001e+00 2.698086476870739e-01
1.116000000000001e+00 2.609351685482563e-01
1.122000000000001e+00 2.520007499360742e-01
1.128000000000001e+00 2.430068185829293e-01
1.134000000000001e+00 2.339548089498054e-01
1.140000000000001e+00 2.248461630247560e-01
1.146000000000001e+00 2.156823301202769e-01
1.152000000000001e+00 2.064647666695942e-01
1.158000000000001e+00 1.971949360218972e-01
1.164000000000001e+00 1.878743082365452e-01
1.170000000000001e+00 1.785043598762791e-01
1.176000000000001e+00 1.690865737994666e-01
1.182000000000001e+00 1.596224389514120e-01
1.188000000000001e+00 1.501134501547601e-01
1.194000000000001e+00 1.405611078990257e-01
1.200000000000001e+00 1.309669181292769e-01
1.206000000000001e+00 1.213323920340063e-01
1.212000000000001e+00 1.116590458322168e-01
1.218000000000001e+00 1.019484005597565e-01
1.224000000000001e+00 9.220198185493074e-02
1.230000000000001e+00 8.242131974342438e-02
1.236000000000001e+00 7.260794842256431e-02
1.242000000000001e+00 6.276340604495370e-02
1.248000000000001e+00 5.288923450150950e-02
1.254000000000001e+00 4.298697920393439e-02
1.260000000000001e+00 3.305818886665474e-02
1.266000000000001e+00 2.310441528825612e-02
1.272000000000001e+00 1.312721313244806e-02
1.278000000000001e+00 3.128139708589682e-03
1.284000000000001e+00 -6.891245248192047e-03
1.290000000000001e+00 -1.692937979725950e-02
1.296000000000001e+00 -2.698470001306526e-02
1.302000000000001e+00 -3.705564020606472e-02
1.308000000000001e+00 -4.714063314390838e-02
1.314000000000001e+00 -5.723811027288196e-02
1.320000000000001e+00 -6.734650193956218e-02
1.326000000000001e+00 -7.746423761265619e-02
1.332000000000001e+00 -8.758974610499252e-02
1.338000000000001e+00 -9.772145579563146e-02
1.344000000000001e+00 -1.078577948520627e-01
1.350000000000001e+00 -1.179971914524583e-01
1.356000000000001e+00 -1.281380740079483e-01
1.362000000000001e+00 -1.382788713848875e-01
1.368000000000001e+00 -1.484180131270806e-01
1.374000000000001e+00 -1.585539296779346e-01
1.380000000000001e+00 -1.686850526025041e-01
1.386000000000001e+00 -1.788098148094011e-01
1.392000000000001e+00 -1.889266507725327e-01
1.398000000000001e+00 -1.990339967526385e-01
1.404000000000001e+00 -2.091302910185934e-01
1.410000000000001e+00 -2.192139740684448e-01
1.416000000000001e+00 -2.292834888501514e-01
1.422000000000001e+00 -2.393372809819928e-01
1.428000000000001e+00 -2.493737989726169e-01
1.434000000000001e+00 -2.593914944406940e-01
1.440000000000001e+00 -2.693888223341457e-01
1.446000000000001e+00 -2.793642411489165e-01
1.452000000000001e+00 -2.893162131472572e-01
1.458000000000001e+00 -2.992432045754875e-01
1.464000000000001e+00 -3.091436858812078e-01
1.470000000000001e+00 -3.190161319299267e-01
1.476000000000001e+00 -3.288590222210753e-01
1.482000000000001e+00 -3.386708411033752e-01
1.488000000000001e+00 -3.484500779895295e-01
1.494000000000001e+00 -3.581952275702065e-01
1.500000000000001e+00 -3.679047900272844e-01
1.506000000000001e+00 -3.775772712463260e-01
1.512000000000001e+00 -3.872111830282539e-01
1.518000000000001e+00 -3.968050433001938e-01
1.524000000000001e+00 -4.063573763254571e-01
1.530000000000001e+00 -4.158667129126311e-01
1.536000000000001e+00 -4.253315906237479e-01
1.542000000000001e+00 -4.347505539815003e-01
1.548000000000001e+00 -4.441221546754764e-01
1.554000000000001e+00 -4.534449517673819e-01
1.560000000000001e+00 -4.627175118952206e-01
1.566000000000001e+00 -4.719384094764045e-01
1.572000000000001e+00 -4.811062269097624e-01
1.578000000000001e+00 -4.902195547764202e-01
1.584000000000001e+00 -4.992769920395210e-01
1.590000000000001e+00 -5.082771462427588e-01
1.596000000000001e+00 -5.172186337076948e-01
1.602000000000001e+00 -5.261000797298304e-01
1.608000000000001e+00 -5.349201187734052e-01
1.614000000000001e+00 -5.436773946648947e-01
1.620000000000001e+00 -5.523705607851792e-01
1.626000000000001e+00 -5.609982802603541e-01
1.632000000000001e+00 -5.695592261511567e-01
1.638000000000001e+00 -5.780520816409804e-01
1.644000000000001e+00 -5.864755402224500e-01
1.650000000000001e+00 -5.948283058825300e-01
1.656000000000001e+00 -6.031090932861412e-01
1.662000000000001e+00 -6.113166279582561e-01
1.668000000000001e+00 -6.194496464644501e-01
1.674000000000001e+00 -6.275068965898791e-01
1.680000000000001e+00 -6.354871375166603e-01
1.686000000000001e+00 -6.433891399996292e-01
1.692000000000001e+00 -6.512116865404477e-01
1.698000000000001e+00 -6.589535715600378e-01
1.704000000000001e+00 -6.666136015693164e-01
1.710000000000001e+00 -6.741905953382067e-01
1.716000000000001e+00 -6.816833840629011e-01
1.722000000000001e+00 -6.890908115313513e-01
1.728000000000001e+00 -6.964117342869632e-01
1.734000000000001e+00 -7.036450217904708e-01
1.740000000000001e+00 -7.107895565799673e-01
1.746000000000001e+00 -7.178442344290692e-01
1.752000000000001e+00 -7.248079645031916e-01
1.758000000000001e+00 -7.316796695139111e-01
1.764000000000001e+00 -7.384582858713941e-01
1.770000000000001e+00 -7.451427638348694e-01
1.776000000000001e+00 -7.517320676611227e-01
1.782000000000001e+00 -7.582251757509899e-01
1.788000000000001e+00 -7.646210807938321e-01
1.794000000000001e+00 -7.709187899099667e-01
1.800000000000001e+00 -7.771173247910372e-01
1.806000000000001e+00 -7.832157218383008e-01
1.812000000000001e+00 -7.892130322988118e-01
1.818000000000001e+00 -7.951083223994844e-01
1.824000000000001e+00 -8.009006734790127e-01
1.830000000000001e+00 -8.065891821176305e-01
1.836000000000001e+00 -8.121729602646907e-01
1.842000000000001e+00 -8.176511353640474e-01
1.848000000000001e+00 -8.230228504772219e-01
1.854000000000001e+00 -8.282872644043336e-01
1.860000000000001e+00 -8.334435518027805e-01
1.866000000000001e+00 -8.384909033036504e-01
1.872000000000001e+00 -8.434285256258467e-01
1.878000000000001e+00 -8.482556416879122e-01
1.884000000000001e+00 -8.529714907175346e-01
1.890000000000001e+00 -8.575753283587174e-01
1.896000000000001e+00 -8.620664267766018e-01
1.902000000000001e+00 -8.664440747599238e-01
1.908000000000001e+00 -8.707075778210907e-01
1.914000000000001e+00 -8.748562582938645e-01
1.920000000000001e+00 -8.788894554286367e-01
1.926000000000001e+00 -8.828065254852805e-01
1.932000000000001e+00 -8.866068418235680e-01
1.938000000000001e+00 -8.902897949911384e-01
1.944000000000002e+00 -8.938547928090048e-01
1.950000000000002e+00 -8.973012604545878e-01
1.956000000000002e+00 -9.006286405422619e-01
1.962000000000002e+00 -9.038363932014059e-01
1.968000000000002e+00 -9.069239961519431e-01
1.974000000000002e+00 -9.098909447773629e-01
1.980000000000002e+00 -9.127367521952110e-01
1.986000000000002e+00 -9.154609493250397e-01
1.992000000000002e+00 -9.180630849538072e-01
1.998000000000002e+00 -9.205427257987169e-01
2.004000000000001e+00 -9.228994565674881e-01
2.010000000000001e+00 -9.251328800160484e-01
2.016000000000001e+00 -9.272426170036401e-01
2.022000000000001e+00 -9.292283065453315e-01
2.028000000000000e+00 -9.310896058619280e-01
2.034000000000000e+00 -9.328261904272721e-01
2.040000000000000e+00 -9.344377540129288e-01
2.046000000000000e+00 -9.359240087302476e-01
2.052000000000000e+00 -9.372846850697962e-01
2.057999999999999e+00 -9.385195319381597e-01
2.063999999999999e+00 -9.396283166920998e-01
2.069999999999999e+00 -9.406108251700692e-01
2.075999999999999e+00 -9.414668617210772e-01
2.081999999999999e+00 -9.421962492309006e-01
2.087999999999998e+00 -9.427988291456382e-01
2.093999999999998e+00 -9.432744614926032e-01
2.099999999999998e+00 -9.436230248985528e-01
2.105999999999998e+00 -9.438444166052499e-01
2.111999999999997e+00 -9.439385524823568e-01
2.117999999999997e+00 -9.439053670376573e-01
2.123999999999997e+00 -9.437448134246060e-01
2.129999999999997e+00 -9.434568634472055e-01
2.135999999999997e+00 -9.430415075622066e-01
2.141999999999996e+00 -9.424987548786365e-01
2.147999999999996e+00 -9.418286331546500e-01
2.153999999999996e+00 -9.410311887917076e-01
2.159999999999996e+00 -9.401064868260788e-01
2.165999999999995e+00 -9.390546109176746e-01
2.171999999999995e+00 -9.378756633362071e-01
2.177999999999995e+00 -9.365697649446815e-01
2.183999999999995e+00 -9.351370551802205e-01
2.189999999999995e+00 -9.335776920322256e-01
2.195999999999994e+00 -9.318918520178766e-01
2.201999999999994e+00 -9.300797301549738e-01
2.207999999999994e+00 -9.281415399321272e-01
2.213999999999994e+00 -9.260775132762956e-01
2.219999999999994e+00 -9.238879005176810e-01
2.225999999999993e+00 -9.215729703519838e-01
2.231999999999993e+00 -9.191330098000231e-01
2.237999999999993e+00 -9.165683241647280e-01
2.243999999999993e+00 -9.138792369855073e-01
2.249999999999992e+00 -9.110660899900026e-01
2.255999999999992e+00 -9.081292430432322e-01
2.261999999999992e+00 -9.050690740941331e-01
2.267999999999992e+00 -9.018859791195096e-01
2.273999999999992e+00 -8.985803720653945e-01
2.279999999999991e+00 -8.951526847858333e-01
2.285999999999991e+00 -8.916033669790988e-01
2.291999999999991e+00 -8.879328861213462e-01
2.297999999999991e+00 -8.841417273977178e-01
2.303999999999991e+00 -8.802303936309062e-01
2.309999999999990e+00 -8.761994052071884e-01
2.315999999999990e+00 -8.720492999999396e-01
2.321999999999990e+00 -8.677806332906378e-01
2.327999999999990e+00 -8.633939776873713e-01
2.333999999999989e+00 -8.588899230408605e-01
2.339999999999989e+00 -8.542690763580061e-01
2.345999999999989e+00 -8.495320617129750e-01
2.351999999999989e+00 -8.446795201558387e-01
2.357999999999989e+00 -8.397121096187755e-01
2.363999999999988e+00 -8.346305048198509e-01
2.369999999999988e+00 -8.294353971643894e-01
2.375999999999988e+00 -8.241274946439529e-01
2.381999999999988e+00 -8.187075217329384e-01
2.387999999999987e+00 -8.131762192828120e-01
2.393999999999987e+00 -8.075343444139930e-01
2.399999999999987e+00 -8.017826704054027e-01
2.405999999999987e+00 -7.959219865816973e-01
2.411999999999987e+00 -7.899530981981964e-01
2.417999999999986e+00 -7.838768263235274e-01
2.423999999999986e+00 -7.776940077200009e-01
2.429999999999986e+00 -7.714054947217344e-01
2.435999999999986e+00 -7.650121551105420e-01
2.441999999999986e+00 -7.585148719896080e-01
2.447999999999985e+00 -7.519145436549627e-01
2.453999999999985e+00 -7.452120834647781e-01
2.459999999999985e+00 -7.384084197065031e-01
2.465999999999985e+00 -7.315044954618569e-01
2.471999999999984e+00 -7.245012684697003e-01
2.477999999999984e+00 -7.173997109868038e-01
2.483999999999984e+00 -7.102008096465335e-01
2.489999999999984e+00 -7.029055653154748e-01
2.495999999999984e+00 -6.955149929480137e-01
2.501999999999983e+00 -6.880301214388979e-01
2.507999999999983e+00 -6.804519934737980e-01
2.513999999999983e+00 -6.727816653778906e-01
2.519999999999983e+00 -6.650202069624845e-01
2.525999999999982e+00 -6.571687013697134e-01
2.531999999999982e+00 -6.492282449153154e-01
2.537999999999982e+00 -6.411999469295243e-01
2.543999999999982e+00 -6.330849295960931e-01
2.549999999999982e+00 -6.248843277894747e-01
2.555999999999981e+00 -6.165992889101825e-01
2.561999999999981e+00 -6.082309727183541e-01
2.567999999999981e+00 -5.997805511655435e-01
2.573999999999981e+00 -5.912492082247635e-01
2.579999999999981e+00 -5.826381397188054e-01
2.585999999999980e+00 -5.739485531468596e-01
2.591999999999980e+00 -5.651816675094608e-01
2.597999999999980e+00 -5.563387131317852e-01
2.603999999999980e+00 -5.474209314853233e-01
2.609999999999979e+00 -5.384295750079551e-01
2.615999999999979e+00 -5.293659069224524e-01
2.621999999999979e+00 -5.202312010534363e-01
2.627999999999979e+00 -5.110267416428130e-01
2.633999999999979e+00 -5.017538231637181e-01
2.639999999999978e+00 -4.924137501329933e-01
2.645999999999978e+00 -4.830078369222243e-01
2.651999999999978e+00 -4.735374075673656e-01
2.657999999999978e+00 -4.640037955769806e-01
2.663999999999977e+00 -4.544083437391246e-01
2.669999999999977e+00 -4.447524039268977e-01
2.675999999999977e+00 -4.350373369026959e-01
2.681999999999977e+00 -4.252645121211891e-01
2.687999999999977e+00 -4.154353075310538e-01
2.693999999999976e+00 -4.055511093754885e-01
2.699999999999976e+00 -3.956133119915420e-01
2.705999999999976e+00 -3.856233176082816e-01
2.711999999999976e+00 -3.755825361438319e-01
2.717999999999976e+00 -3.654923850013121e-01
2.723999999999975e+00 -3.553542888637025e-01
2.729999999999975e+00 -3.451696794876675e-01
2.735999999999975e+00 -3.349399954963677e-01
2.741999999999975e+00 -3.246666821712881e-01
2.747999999999974e+00 -3.143511912431146e-01
2.753999999999974e+00 -3.039949806816872e-01
2.759999999999974e+00 -2.935995144850606e-01
2.765999999999974e+00 -2.831662624677035e-01
2.771999999999974e+00 -2.726967000478659e-01
2.777999999999973e+00 -2.621923080341447e-01
2.783999999999973e+00 -2.516545724112803e-01
2.789999999999973e+00 -2.410849841252123e-01
2.795999999999973e+00 -2.304850388674276e-01
2.801999999999973e+00 -2.198562368586303e-01
2.807999999999972e+00 -2.092000826317651e-01
2.813999999999972e+00 -1.985180848144265e-01
2.819999999999972e+00 -1.878117559106819e-01
2.825999999999972e+00 -1.770826120823445e-01
2.831999999999971e+00 -1.663321729297234e-01
2.837999999999971e+00 -1.555619612718848e-01
2.843999999999971e+00 -1.447735029264549e-01
2.849999999999971e+00 -1.339683264889971e-01
2.855999999999971e+00 -1.231479631119936e-01
2.861999999999970e+00 -1.123139462834654e-01
2.867999999999970e+00 -1.014678116052606e-01
2.873999999999970e+00 -9.061109657104366e-02
2.879999999999970e+00 -7.974534034401816e-02
2.885999999999969e+00 -6.887208353441367e-02
2.891999999999969e+00 -5.799286797677010e-02
2.897999999999969e+00 -4.710923650705067e-02
2.903999999999969e+00 -3.622273273961599e-02
2.909999999999969e+00 -2.533490084409117e-02
2.915999999999968e+00 -1.444728532215807e-02
2.921999999999968e+00 -3.561430784304940e-03
2.927999999999968e+00 7.321118273434646e-03
2.933999999999968e+00 1.819881769272128e-02
2.939999999999968e+00 2.907012387609560e-02
2.945999999999967e+00 3.993349401007839e-02
2.951999999999967e+00 5.078738628815289e-02
2.957999999999967e+00 6.163026013359715e-02
2.963999999999967e+00 7.246057642213441e-02
2.969999999999966e+00 8.327679770436949e-02
2.975999999999966e+00 9.407738842797914e-02
2.981999999999966e+00 1.048608151596244e-01
2.987999999999966e+00 1.156255468065532e-01
2.993999999999966e+00 1.263700548378610e-01
2.999999999999965e+00 1.370928135053777e-01
3.005999999999965e+00 1.477923000641496e-01
3.011999999999965e+00 1.584669949924838e-01
3.017999999999965e+00 1.691153822115241e-01
3.023999999999964e+00 1.797359493043265e-01
3.029999999999964e+00 1.903271877344023e-01
3.035999999999964e+00 2.008875930636988e-01
3.041999999999964e+00 2.114156651699847e-01
3.047999999999964e+00 2.219099084636095e-01
3.053999999999963e+00 2.323688321036062e-01
3.059999999999963e+00 2.427909502131051e-01
3.065999999999963e+00 2.531747820940290e-01
3.071999999999963e+00 2.635188524410381e-01
3.077999999999963e+00 2.738216915546933e-01
3.083999999999962e+00 2.840818355538093e-01
3.089999999999962e+00 2.942978265869645e-01
3.095999999999962e+00 3.044682130431384e-01
3.101999999999962e+00 3.145915497614465e-01
3.107999999999961e+00 3.246663982399424e-01
3.113999999999961e+00 3.346913268434560e-01
3.119999999999961e+00 3.446649110104392e-01
3.125999999999961e+00 3.545857334587892e-01
3.131999999999961e+00 3.644523843906187e-01
3.137999999999960e+00 3.742634616959447e-01
3.143999999999960e+00 3.840175711552662e-01
3.149999999999960e+00 3.937133266410016e-01
3.155999999999960e+00 4.033493503177565e-01
3.161999999999960e+00 4.129242728413943e-01
3.167999999999959e+00 4.224367335568788e-01
3.173999999999959e+00 4.318853806948629e-01
3.179999999999959e+00 4.412688715669927e-01
3.185999999999959e+00 4.505858727599014e-01
3.191999999999958e+00 4.598350603278622e-01
3.197999999999958e+00 4.690151199840751e-01
3.203999999999958e+00 4.781247472905585e-01
3.209999999999958e+00 4.871626478466192e-01
3.215999999999958e+00 4.961275374758725e-01
3.221999999999957e+00 5.050181424117871e-01
3.227999999999957e+00 5.138331994817266e-01
3.233999999999957e+00 5.225714562894619e-01
3.239999999999957e+00 5.312316713961288e-01
3.245999999999956e+00 5.398126144996028e-01
3.251999999999956e+00 5.483130666122678e-01
3.257999999999956e+00 5.567318202371507e-01
3.263999999999956e+00 5.650676795423993e-01
3.269999999999956e+00 5.733194605340751e-01
3.275999999999955e+00 5.814859912272393e-01
3.281999999999955e+00 5.895661118153050e-01
3.287999999999955e+00 5.975586748376330e-01
3.293999999999955e+00 6.054625453453455e-01
3.299999999999955e+00 6.132766010653353e-01
3.305999999999954e+00 6.209997325624460e-01
3.311999999999954e+00 6.286308433997998e-01
3.317999999999954e+00 6.361688502972508e-01
3.323999999999954e+00 6.436126832879396e-01
3.329999999999953e+00 6.509612858729282e-01
3.335999999999953e+00 6.582136151738915e-01
3.341999999999953e+00 6.653686420838444e-01
3.347999999999953e+00 6.724253514158824e-01
3.353999999999953e+00 6.793827420499151e-01
3.359999999999952e+00 6.862398270773694e-01
3.365999999999952e+00 6.929956339438447e-01
3.371999999999952e+00 6.996492045896961e-01
3.377999999999952e+00 7.061995955885292e-01
3.383999999999951e+00 7.126458782835822e-01
3.389999999999951e+00 7.189871389219801e-01
3.395999999999951e+00 7.252224787868384e-01
3.401999999999951e+00 7.313510143271990e-01
3.407999999999951e+00 7.373718772857782e-01
3.413999999999950e+00 7.432842148245112e-01
3.419999999999950e+00 7.490871896478709e-01
3.425999999999950e+00 7.547799801239472e-01
3.431999999999950e+00 7.603617804032670e-01
3.437999999999950e+00 7.658318005353385e-01
3.443999999999949e+00 7.711892665829035e-01
3.449999999999949e+00 7.764334207338804e-01
3.455999999999949e+00 7.815635214109822e-01
3.461999999999949e+00 7.865788433789938e-01
3.467999999999948e+00 7.914786778496934e-01
3.473999999999948e+00 7.962623325844027e-01
3.479999999999948e+00 8.009291319941502e-01
3.485999999999948e+00 8.054784172374351e-01
3.491999999999948e+00 8.099095463155762e-01
3.497999999999947e+00 8.142218941656328e-01
3.503999999999947e+00 8.184148527508839e-01
3.509999999999947e+00 8.224878311488525e-01
3.515999999999947e+00 8.264402556368636e-01
3.521999999999947e+00 8.302715697751220e-01
3.527999999999946e+00 8.339812344872982e-01
3.533999999999946e+00 8.375687281386125e-01
3.539999999999946e+00 8.410335466114034e-01
3.545999999999946e+00 8.443752033781720e-01
3.551999999999945e+00 8.475932295720897e-01
3.557999999999945e+00 8.506871740549614e-01
3.563999999999945e+00 8.536566034826314e-01
3.569999999999945e+00 8.565011023678261e-01
3.575999999999945e+00 8.592202731404213e-01
3.581999999999944e+00 8.618137362051278e-01
3.587999999999944e+00 8.642811299965856e-01
3.593999999999944e+00 8.666221110318588e-01
3.599999999999944e+00 8.688363539603253e-01
3.605999999999943e+00 8.709235516109515e-01
3.611999999999943e+00 8.728834150369477e-01
3.617999999999943e+00 8.747156735577959e-01
3.623999999999943e+00 8.764200747986457e-01
3.629999999999943e+00 8.779963847270706e-01
3.635999999999942e+00 8.794443876871815e-01
3.641999999999942e+00 8.807638864310906e-01
3.647999999999942e+00 8.819547021477232e-01
3.653999999999942e+00 8.830166744889714e-01
3.659999999999942e+00 8.839496615931867e-01
3.665999999999941e+00 8.847535401060089e-01
3.671999999999941e+00 8.854282051985267e-01
3.677999999999941e+00 8.859735705827689e-01
3.683999999999941e+00 8.863895685245230e-01
3.689999999999940e+00 8.866761498534799e-01
3.695999999999940e+00 8.868332839707029e-01
3.701999999999940e+00 8.868609588534209e-01
3.707999999999940e+00 8.867591810571426e-01
3.713999999999940e+00 8.865279757150955e-01
3.719999999999939e+00 8.861673865349852e-01
3.725999999999939e+00 8.856774757930794e-01
3.731999999999939e+00 8.850583243256152e-01
3.737999999999939e+00 8.843100315175306e-01
3.743999999999938e+00 8.834327152885249e-01
3.749999999999938e+00 8.824265120764456e-01
3.755999999999938e+00 8.812915768180086e-01
3.761999999999938e+00 8.800280829268506e-01
3.767999999999938e+00 8.786362222689197e-01
3.773999999999937e+00 8.771162051352065e-01
3.779999999999937e+00 8.754682602118201e-01
3.785999999999937e+00 8.736926345474125e-01
3.791999999999937e+00 8.717895935179574e-01
3.797999999999937e+00 8.697594207888868e-01
3.803999999999936e+00 8.676024182745932e-01
3.809999999999936e+00 8.653189060953007e-01
3.815999999999936e+00 8.629092225313133e-01
3.821999999999936e+00 8.603737239746450e-01
3.827999999999935e+00 8.577127848780410e-01
3.833999999999935e+00 8.549267977013958e-01
3.839999999999935e+00 8.520161728555753e-01
3.845999999999935e+00 8.489813386436535e-01
3.851999999999935e+00 8.458227411995698e-01
3.857999999999934e+00 8.425408444242165e-01
3.863999999999934e+00 8.391361299189669e-01
3.869999999999934e+00 8.356090969166518e-01
3.875999999999934e+00 8.319602622099949e-01
3.881999999999934e+00 8.281901600775187e-01
3.887999999999933e+00 8.242993422069297e-01
3.893999999999933e+00 8.202883776159949e-01
3.899999999999933e+00 8.161578525709214e-01
3.905999999999933e+00 8.119083705022493e-01
3.911999999999932e+00 8.075405519182722e-01
3.917999999999932e+00 8.030550343159963e-01
3.923999999999932e+00 7.984524720896509e-01
3.929999999999932e+00 7.937335364367641e-01
3.935999999999932e+00 7.888989152618174e-01
3.941999999999931e+00 7.839493130774920e-01
3.947999999999931e+00 7.788854509035225e-01
3.953999999999931e+00 7.737080661631707e-01
3.959999999999931e+00 7.684179125773369e-01
3.965999999999930e+00 7.630157600563218e-01
3.971999999999930e+00 7.575023945892549e-01
3.977999999999930e+00 7.518786181312072e-01
3.983999999999930e+00 7.461452484880012e-01
3.989999999999930e+00 7.403031191987389e-01
3.995999999999929e+00 7.343530794160603e-01
4.001999999999930e+00 7.282959937841536e-01
4.007999999999930e+00 7.221327423145314e-01
4.013999999999930e+00 7.158642202595941e-01
4.019999999999930e+00 7.094913379839951e-01
4.025999999999931e+00 7.030150208338296e-01
4.031999999999931e+00 6.964362090036634e-01
4.037999999999931e+00 6.897558574014230e-01
4.043999999999931e+00 6.829749355111637e-01
4.049999999999931e+00 6.760944272537392e-01
4.055999999999932e+00 6.691153308453889e-01
4.061999999999932e+00 6.620386586542658e-01
4.067999999999932e+00 6.548654370549252e-01
4.073999999999932e+00 6.475967062807942e-01
4.079999999999933e+00 6.402335202746449e-01
4.085999999999933e+00 6.327769465370906e-01
4.091999999999933e+00 6.252280659731296e-01
4.097999999999933e+00 6.175879727367559e-01
4.103999999999933e+00 6.098577740736614e-01
4.109999999999934e+00 6.020385901620506e-01
4.115999999999934e+00 5.941315539515929e-01
4.121999999999934e+00 5.861378110005322e-01
4.127999999999934e+00 5.780585193109813e-01
4.133999999999935e+00 5.698948491624218e-01
4.139999999999935e+00 5.616479829434351e-01
4.145999999999935e+00 5.533191149816876e-01
4.151999999999935e+00 5.449094513721960e-01
4.157999999999936e+00 5.364202098038964e-01
4.163999999999936e+00 5.278526193845414e-01
4.169999999999936e+00 5.192079204639536e-01
4.175999999999936e+00 5.104873644556563e-01
4.181999999999936e+00 5.016922136569121e-01
4.187999999999937e+00 4.928237410671903e-01
4.193999999999937e+00 4.838832302050941e-01
4.199999999999937e+00 4.748719749237699e-01
4.205999999999937e+00 4.657912792248284e-01
4.211999999999938e+00 4.566424570708015e-01
4.217999999999938e+00 4.474268321961650e-01
4.223999999999938e+00 4.381457379169514e-01
4.229999999999938e+00 4.288005169389826e-01
4.235999999999938e+00 4.193925211647488e-01
4.241999999999939e+00 4.099231114989610e-01
4.247999999999939e+00 4.003936576528075e-01
4.253999999999939e+00 3.908055379469392e-01
4.259999999999939e+00 3.811601391132149e-01
4.265999999999940e+00 3.714588560952337e-01
4.271999999999940e+00 3.617030918476835e-01
4.277999999999940e+00 3.518942571345353e-01
4.283999999999940e+00 3.420337703261104e-01
4.289999999999941e+00 3.321230571950524e-01
4.295999999999941e+00 3.221635507112309e-01
4.301999999999941e+00 3.121566908356083e-01
4.307999999999941e+00 3.021039243130980e-01
4.313999999999941e+00 2.920067044644450e-01
4.319999999999942e+00 2.818664909771581e-01
4.325999999999942e+00 2.716847496955239e-01
4.331999999999942e+00 2.614629524097333e-01
4.337999999999942e+00 2.512025766441503e-01
4.343999999999943e+00 2.409051054447539e-01
4.349999999999943e+00 2.305720271657841e-01
4.355999999999943e+00 2.202048352556215e-01
4.361999999999943e+00 2.098050280419330e-01
4.367999999999943e+00 1.993741085161133e-01
4.373999999999944e+00 1.889135841170533e-01
4.379999999999944e+00 1.784249665142675e-01
4.385999999999944e+00 1.679097713904109e-01
4.391999999999944e+00 1.573695182232162e-01
4.397999999999945e+00 1.468057300668847e-01
4.403999999999945e+00 1.362199333329593e-01
4.409999999999945e+00 1.256136575707144e-01
4.415999999999945e+00 1.149884352470921e-01
4.421999999999946e+00 1.043458015262171e-01
4.427999999999946e+00 9.368729404852248e-02
4.433999999999946e+00 8.301445270951754e-02
4.439999999999946e+00 7.232881943822964e-02
4.445999999999946e+00 6.163193797535238e-02
4.451999999999947e+00 5.092535365113175e-02
4.457999999999947e+00 4.021061316302221e-02
4.463999999999947e+00 2.948926435314481e-02
4.469999999999947e+00 1.876285598557953e-02
4.475999999999948e+00 8.032937523523603e-03
4.481999999999948e+00 -2.698941093651727e-03
4.487999999999948e+00 -1.343122967341421e-02
4.493999999999948e+00 -2.416237799312101e-02
4.499999999999948e+00 -3.489083602307458e-02
4.505999999999949e+00 -4.561505414955175e-02
4.511999999999949e+00 -5.633348339777394e-02
4.517999999999949e+00 -6.704457565478644e-02
4.523999999999949e+00 -7.774678389221459e-02
4.529999999999950e+00 -8.843856238886477e-02
4.535999999999950e+00 -9.911836695313825e-02
4.541999999999950e+00 -1.097846551452256e-01
4.547999999999950e+00 -1.204358864990503e-01
4.553999999999951e+00 -1.310705227439282e-01
4.559999999999951e+00 -1.416870280259132e-01
4.565999999999951e+00 -1.522838691287945e-01
4.571999999999951e+00 -1.628595156947159e-01
4.577999999999951e+00 -1.734124404443843e-01
4.583999999999952e+00 -1.839411193968356e-01
4.589999999999952e+00 -1.944440320887268e-01
4.595999999999952e+00 -2.049196617931224e-01
4.601999999999952e+00 -2.153664957377441e-01
4.607999999999953e+00 -2.257830253226514e-01
4.613999999999953e+00 -2.361677463373226e-01
4.619999999999953e+00 -2.465191591771047e-01
4.625999999999953e+00 -2.568357690590011e-01
4.631999999999953e+00 -2.671160862367654e-01
4.637999999999954e+00 -2.773586262152715e-01
4.643999999999954e+00 -2.875619099641280e-01
4.649999999999954e+00 -2.977244641305068e-01
4.655999999999954e+00 -3.078448212511549e-01
4.661999999999955e+00 -3.179215199635589e-01
4.667999999999955e+00 -3.279531052162322e-01
4.673999999999955e+00 -3.379381284780944e-01
4.679999999999955e+00 -3.478751479469119e-01
4.685999999999956e+00 -3.577627287567713e-01
4.691999999999956e+00 -3.675994431845543e-01
4.697999999999956e+00 -3.773838708553852e-01
4.703999999999956e+00 -3.871145989470207e-01
4.709999999999956e+00 -3.967902223931539e-01
4.715999999999957e+00 -4.064093440856008e-01
4.721999999999957e+00 -4.159705750753435e-01
4.727999999999957e+00 -4.254725347723978e-01
4.733999999999957e+00 -4.349138511444785e-01
4.739999999999958e+00 -4.442931609144338e-01
4.745999999999958e+00 -4.536091097564185e-01
4.751999999999958e+00 -4.628603524907807e-01
4.757999999999958e+00 -4.720455532776305e-01
4.763999999999958e+00 -4.811633858090659e-01
4.769999999999959e+00 -4.902125335000266e-01
4.775999999999959e+00 -4.991916896777482e-01
4.781999999999959e+00 -5.080995577697899e-01
4.787999999999959e+00 -5.169348514906089e-01
4.793999999999960e+00 -5.256962950266543e-01
4.799999999999960e+00 -5.343826232199529e-01
4.805999999999960e+00 -5.429925817501629e-01
4.811999999999960e+00 -5.515249273150663e-01
4.817999999999961e+00 -5.599784278094766e-01
4.823999999999961e+00 -5.683518625025340e-01
4.829999999999961e+00 -5.766440222133644e-01
4.835999999999961e+00 -5.848537094850750e-01
4.841999999999961e+00 -5.929797387570629e-01
4.847999999999962e+00 -6.010209365356119e-01
4.853999999999962e+00 -6.089761415627514e-01
4.859999999999962e+00 -6.168442049833545e-01
4.865999999999962e+00 -6.246239905104514e-01
4.871999999999963e+00 -6.323143745887329e-01
4.877999999999963e+00 -6.399142465562218e-01
4.883999999999963e+00 -6.474225088040882e-01
4.889999999999963e+00 -6.548380769345861e-01
4.895999999999963e+00 -6.621598799170876e-01
4.901999999999964e+00 -6.693868602421942e-01
4.907999999999964e+00 -6.765179740739006e-01
4.913999999999964e+00 -6.835521913997907e-01
4.919999999999964e+00 -6.904884961792442e-01
4.925999999999965e+00 -6.973258864896311e-01
4.931999999999965e+00 -7.040633746704742e-01
4.937999999999965e+00 -7.106999874655588e-01
4.943999999999965e+00 -7.172347661629692e-01
4.949999999999966e+00 -7.236667667330303e-01
4.955999999999966e+00 -7.299950599641368e-01
4.961999999999966e+00 -7.362187315964490e-01
4.967999999999966e+00 -7.423368824534357e-01
4.973999999999966e+00 -7.483486285712465e-01
4.979999999999967e+00 -7.542531013258938e-01
4.985999999999967e+00 -7.600494475582268e-01
4.991999999999967e+00 -7.657368296966782e-01
4.997999999999967e+00 -7.713144258777687e-01
5.003999999999968e+00 -7.767814300643485e-01
5.009999999999968e+00 -7.821370521615620e-01
5.015999999999968e+00 -7.873805181305158e-01
5.021999999999968e+00 -7.925110700996366e-01
5.027999999999968e+00 -7.975279664737014e-01
5.033999999999969e+00 -8.024304820405239e-01
5.039999999999969e+00 -8.072179080752832e-01
5.045999999999969e+00 -8.118895524424783e-01
5.051999999999969e+00 -8.164447396954949e-01
5.057999999999970e+00 -8.208828111737694e-01
5.063999999999970e+00 -8.252031250975359e-01
5.069999999999970e+00 -8.294050566601441e-01
5.075999999999970e+00 -8.334879981179323e-01
5.081999999999971e+00 -8.374513588776450e-01
5.087999999999971e+00 -8.412945655813813e-01
5.093999999999971e+00 -8.450170621890611e-01
5.099999999999971e+00 -8.486183100583997e-01
5.105999999999971e+00 -8.520977880223762e-01
5.111999999999972e+00 -8.554549924641870e-01
5.117999999999972e+00 -8.586894373896723e-01
5.123999999999972e+00 -8.618006544972058e-01
5.129999999999972e+00 -8.647881932450368e-01
5.135999999999973e+00 -8.676516209160757e-01
5.141999999999973e+00 -8.703905226801141e-01
5.147999999999973e+00 -8.730045016534678e-01
5.153999999999973e+00 -8.754931789560383e-01
5.159999999999973e+00 -8.778561937657809e-01
5.165999999999974e+00 -8.800932033705740e-01
5.171999999999974e+00 -8.822038832174796e-01
5.177999999999974e+00 -8.841879269593913e-01
5.183999999999974e+00 -8.860450464990605e-01
5.189999999999975e+00 -8.877749720304940e-01
5.195999999999975e+00 -8.893774520777206e-01
5.201999999999975e+00 -8.908522535309161e-01
5.207999999999975e+00 -8.921991616798866e-01
5.213999999999976e+00 -8.934179802449004e-01
5.219999999999976e+00 -8.945085314048687e-01
5.225999999999976e+00 -8.954706558228673e-01
5.231999999999976e+00 -8.963042126689974e-01
5.237999999999976e+00 -8.970090796405822e-01
5.243999999999977e+00 -8.975851529796962e-01
5.249999999999977e+00 -8.980323474880243e-01
5.255999999999977e+00 -8.983505965390486e-01
5.261999999999977e+00 -8.985398520875619e-01
5.267999999999978e+00 -8.986000846765062e-01
5.273999999999978e+00 -8.985312834411339e-01
5.279999999999978e+00 -8.983334561104933e-01
5.285999999999978e+00 -8.980066290062370e-01
5.291999999999978e+00 -8.975508470387525e-01
5.297999999999979e+00 -8.969661737006183e-01
5.303999999999979e+00 -8.962526910573823e-01
5.309999999999979e+00 -8.954104997356684e-01
5.315999999999979e+00 -8.944397189086101e-01
5.321999999999980e+00 -8.933404862786125e-01
5.327999999999980e+00 -8.921129580574491e-01
5.333999999999980e+00 -8.907573089436913e-01
5.339999999999980e+00 -8.892737320974783e-01
5.345999999999981e+00 -8.876624391126274e-01
5.351999999999981e+00 -8.859236599860915e-01
5.357999999999981e+00 -8.840576430847660e-01
5.363999999999981e+00 -8.820646551096520e-01
5.369999999999981e+00 -8.799449810573791e-01
5.375999999999982e+00 -8.776989241790940e-01
5.381999999999982e+00 -8.753268059367219e-01
5.387999999999982e+00 -8.728289659566045e-01
5.393999999999982e+00 -8.702057619805244e-01
5.399999999999983e+00 -8.674575698141196e-01
5.405999999999983e+00 -8.645847832726993e-01
5.411999999999983e+00 -8.615878141244647e-01
5.417999999999983e+00 -8.584670920311467e-01
5.423999999999984e+00 -8.552230644860660e-01
5.429999999999984e+00 -8.518561967496271e-01
5.435999999999984e+00 -8.483669717822534e-01
5.441999999999984e+00 -8.447558901747746e-01
5.447999999999984e+00 -8.410234700762750e-01
5.453999999999985e+00 -8.371702471194146e-01
5.459999999999985e+00 -8.331967743432326e-01
5.465999999999985e+00 -8.291036221134448e-01
5.471999999999985e+00 -8.248913780402465e-01
5.477999999999986e+00 -8.205606468936325e-01
5.483999999999986e+00 -8.161120505162468e-01
5.489999999999986e+00 -8.115462277337738e-01
5.495999999999986e+00 -8.068638342628849e-01
5.501999999999986e+00 -8.020655426167524e-01
5.507999999999987e+00 -7.971520420081463e-01
5.513999999999987e+00 -7.921240382501253e-01
5.519999999999987e+00 -7.869822536543395e-01
5.525999999999987e+00 -7.817274269269558e-01
5.531999999999988e+00 -7.763603130622246e-01
5.537999999999988e+00 -7.708816832337002e-01
5.543999999999988e+00 -7.652923246831324e-01
5.549999999999988e+00 -7.595930406070444e-01
5.555999999999989e+00 -7.537846500410140e-01
5.561999999999989e+00 -7.478679877416740e-01
5.567999999999989e+00 -7.418439040664487e-01
5.573999999999989e+00 -7.357132648510458e-01
5.579999999999989e+00 -7.294769512847179e-01
5.585999999999990e+00 -7.231358597833148e-01
5.591999999999990e+00 -7.166909018601432e-01
5.597999999999990e+00 -7.101430039946521e-01
5.603999999999990e+00 -7.034931074989650e-01
5.609999999999991e+00 -6.967421683822747e-01
5.615999999999991e+00 -6.898911572131232e-01
5.621999999999991e+00 -6.829410589795857e-01
5.627999999999991e+00 -6.758928729473771e-01
5.633999999999991e+00 -6.687476125159048e-01
5.639999999999992e+00 -6.615063050722848e-01
5.645999999999992e+00 -6.541699918433455e-01
5.651999999999992e+00 -6.467397277456374e-01
5.657999999999992e+00 -6.392165812334732e-01
5.663999999999993e+00 -6.316016341450181e-01
5.669999999999993e+00 -6.238959815464532e-01
5.675999999999993e+00 -6.161007315742345e-01
5.681999999999993e+00 -6.082170052754704e-01
5.687999999999994e+00 -6.002459364464396e-01
5.693999999999994e+00 -5.921886714692748e-01
5.699999999999994e+00 -5.840463691468326e-01
5.705999999999994e+00 -5.758202005357771e-01
5.711999999999994e+00 -5.675113487778976e-01
5.717999999999995e+00 -5.591210089296872e-01
5.723999999999995e+00 -5.506503877902063e-01
5.729999999999995e+00 -5.421007037272546e-01
5.735999999999995e+00 -5.334731865018785e-01
5.741999999999996e+00 -5.247690770912369e-01
5.747999999999996e+00 -5.159896275098539e-01
5.753999999999996e+00 -5.071361006292811e-01
5.759999999999996e+00 -4.982097699961970e-01
5.765999999999996e+00 -4.892119196489704e-01
5.771999999999997e+00 -4.801438439327120e-01
5.777999999999997e+00 -4.710068473128431e-01
5.783999999999997e+00 -4.618022441872071e-01
5.789999999999997e+00 -4.525313586967503e-01
5.795999999999998e+00 -4.431955245348013e-01
5.801999999999998e+00 -4.337960847549741e-01
5.807999999999998e+00 -4.243343915777237e-01
5.813999999999998e+00 -4.148118061955831e-01
5.819999999999999e+00 -4.052296985771067e-01
5.825999999999999e+00 -3.955894472695519e-01
5.831999999999999e+00 -3.858924392003252e-01
5.837999999999999e+00 -3.761400694772211e-01
5.843999999999999e+00 -3.663337411874846e-01
5.850000000000000e+00 -3.564748651957235e-01
5.856000000000000e+00 -3.465648599407027e-01
5.862000000000000e+00 -3.366051512310463e-01
5.868000000000000e+00 -3.265971720398802e-01
5.874000000000001e+00 -3.165423622984426e-01
5.880000000000001e+00 -3.064421686886926e-01
5.886000000000001e+00 -2.962980444349479e-01
5.892000000000001e+00 -2.861114490945794e-01
5.898000000000001e+00 -2.758838483477951e-01
5.904000000000002e+00 -2.656167137865421e-01
5.910000000000002e+00 -2.553115227025581e-01
5.916000000000002e+00 -2.449697578746013e-01
5.922000000000002e+00 -2.345929073548918e-01
5.928000000000003e+00 -2.241824642547929e-01
5.934000000000003e+00 -2.137399265297645e-01
5.940000000000003e+00 -2.032667967636190e-01
5.946000000000003e+00 -1.927645819521116e-01
5.952000000000004e+00 -1.822347932858947e-01
5.958000000000004e+00 -1.716789459328687e-01
5.964000000000004e+00 -1.610985588199610e-01
5.970000000000004e+00 -1.504951544143630e-01
5.976000000000004e+00 -1.398702585042580e-01
5.982000000000005e+00 -1.292253999790714e-01
5.988000000000005e+00 -1.185621106092738e-01
5.994000000000005e+00 -1.078819248257703e-01
