0.000000000000000e+00 0.000000000000000e+00
6.000000000000000e-03 0.000000000000000e+00
1.200000000000000e-02 7.199827201244157e-05
1.800000000000000e-02 2.155524587784927e-04
2.400000000000000e-02 4.302124910490372e-04
3.000000000000000e-02 7.155206368422427e-04
3.600000000000000e-02 1.071011551897857e-03
4.200000000000000e-02 1.496212331320411e-03
4.799999999999999e-02 1.990642562403333e-03
5.399999999999999e-02 2.553814378625815e-03
5.999999999999999e-02 3.185232514814105e-03
6.599999999999999e-02 3.884394363458736e-03
7.199999999999999e-02 4.650790032179044e-03
7.800000000000000e-02 5.483902402326147e-03
8.400000000000001e-02 6.383207188715425e-03
9.000000000000001e-02 7.348173000479359e-03
9.600000000000002e-02 8.378261403031429e-03
1.020000000000000e-01 9.472926981131634e-03
1.080000000000000e-01 1.063161740304403e-02
1.140000000000000e-01 1.185377348577649e-02
1.200000000000000e-01 1.313882926139286e-02
1.260000000000000e-01 1.448621204438731e-02
1.320000000000000e-01 1.589534250011083e-02
1.380000000000000e-01 1.736563471423938e-02
1.440000000000000e-01 1.889649626327322e-02
1.500000000000000e-01 2.048732828605684e-02
1.560000000000001e-01 2.213752555630854e-02
1.620000000000001e-01 2.384647655614889e-02
1.680000000000001e-01 2.561356355061688e-02
1.740000000000001e-01 2.743816266316256e-02
1.800000000000001e-01 2.931964395210479e-02
1.860000000000001e-01 3.125737148804270e-02
1.920000000000001e-01 3.325070343220914e-02
1.980000000000001e-01 3.529899211575433e-02
2.040000000000001e-01 3.740158411994799e-02
2.100000000000001e-01 3.955782035728767e-02
2.160000000000001e-01 4.176703615350136e-02
2.220000000000001e-01 4.402856133043203e-02
2.280000000000001e-01 4.634172028979159e-02
2.340000000000001e-01 4.870583209777194e-02
2.400000000000001e-01 5.112021057050031e-02
2.460000000000001e-01 5.358416436032620e-02
2.520000000000001e-01 5.609699704292708e-02
2.580000000000001e-01 5.865800720521970e-02
2.640000000000001e-01 6.126648853406411e-02
2.700000000000001e-01 6.392172990574702e-02
2.760000000000001e-01 6.662301547623121e-02
2.820000000000001e-01 6.936962477215765e-02
2.880000000000001e-01 7.216083278258653e-02
2.940000000000002e-01 7.499591005146397e-02
3.000000000000002e-01 7.787412277080016e-02
3.060000000000002e-01 8.079473287454558e-02
3.120000000000002e-01 8.375699813315093e-02
3.180000000000002e-01 8.676017224879706e-02
3.240000000000002e-01 8.980350495128053e-02
3.300000000000002e-01 9.288624209454072e-02
3.360000000000002e-01 9.600762575381408e-02
3.420000000000002e-01 9.916689432340120e-02
3.480000000000002e-01 1.023632826150321e-01
3.540000000000002e-01 1.055960219568153e-01
3.600000000000002e-01 1.088643402927560e-01
3.660000000000002e-01 1.121674622828283e-01
3.720000000000002e-01 1.155046094035874e-01
3.780000000000002e-01 1.188750000493057e-01
3.840000000000002e-01 1.222778496336195e-01
3.900000000000002e-01 1.257123706916699e-01
3.960000000000002e-01 1.291777729827223e-01
4.020000000000002e-01 1.326732635932522e-01
4.080000000000003e-01 1.361980470404786e-01
4.140000000000003e-01 1.397513253763313e-01
4.200000000000003e-01 1.433322982918377e-01
4.260000000000003e-01 1.469401632219118e-01
4.320000000000003e-01 1.505741154505310e-01
4.380000000000003e-01 1.542333482162850e-01
4.440000000000003e-01 1.579170528182811e-01
4.500000000000003e-01 1.616244187223909e-01
4.560000000000003e-01 1.653546336678214e-01
4.620000000000003e-01 1.691068837739964e-01
4.680000000000003e-01 1.728803536477308e-01
4.740000000000003e-01 1.766742264906836e-01
4.800000000000003e-01 1.804876842070728e-01
4.860000000000003e-01 1.843199075116364e-01
4.920000000000003e-01 1.881700760378236e-01
4.980000000000003e-01 1.920373684462008e-01
5.040000000000003e-01 1.959209625330560e-01
5.100000000000003e-01 1.998200353391854e-01
5.160000000000003e-01 2.037337632588465e-01
5.220000000000004e-01 2.076613221488617e-01
5.280000000000004e-01 2.116018874378564e-01
5.340000000000004e-01 2.155546342356149e-01
5.400000000000004e-01 2.195187374425394e-01
5.460000000000004e-01 2.234933718591939e-01
5.520000000000004e-01 2.274777122959188e-01
5.580000000000004e-01 2.314709336824998e-01
5.640000000000004e-01 2.354722111778732e-01
5.700000000000004e-01 2.394807202798544e-01
5.760000000000004e-01 2.434956369348706e-01
5.820000000000004e-01 2.475161376476836e-01
5.880000000000004e-01 2.515413995910856e-01
5.940000000000004e-01 2.555706007155521e-01
6.000000000000004e-01 2.596029198588360e-01
6.060000000000004e-01 2.636375368554864e-01
6.120000000000004e-01 2.676736326462760e-01
6.180000000000004e-01 2.717103893875221e-01
6.240000000000004e-01 2.757469905602831e-01
6.300000000000004e-01 2.797826210794171e-01
6.360000000000005e-01 2.838164674024837e-01
6.420000000000005e-01 2.878477176384754e-01
6.480000000000005e-01 2.918755616563613e-01
6.540000000000005e-01 2.958991911934280e-01
6.600000000000005e-01 2.999177999634007e-01
6.660000000000005e-01 3.039305837643299e-01
6.720000000000005e-01 3.079367405862269e-01
6.780000000000005e-01 3.119354707184330e-01
6.840000000000005e-01 3.159259768567058e-01
6.900000000000005e-01 3.199074642100081e-01
6.960000000000005e-01 3.238791406069822e-01
7.020000000000005e-01 3.278402166020957e-01
7.080000000000005e-01 3.317899055814416e-01
7.140000000000005e-01 3.357274238681785e-01
7.200000000000005e-01 3.396519908275942e-01
7.260000000000005e-01 3.435628289717788e-01
7.320000000000005e-01 3.474591640638902e-01
7.380000000000005e-01 3.513402252219981e-01
7.440000000000005e-01 3.552052450224910e-01
7.500000000000006e-01 3.590534596030300e-01
7.560000000000006e-01 3.628841087650362e-01
7.620000000000006e-01 3.666964360756941e-01
7.680000000000006e-01 3.704896889694593e-01
7.740000000000006e-01 3.742631188490522e-01
7.800000000000006e-01 3.780159811859256e-01
7.860000000000006e-01 3.817475356201899e-01
7.920000000000006e-01 3.854570460599817e-01
7.980000000000006e-01 3.891437807802618e-01
8.040000000000006e-01 3.928070125210267e-01
8.100000000000006e-01 3.964460185849210e-01
8.160000000000006e-01 4.000600809342346e-01
8.220000000000006e-01 4.036484862872721e-01
8.280000000000006e-01 4.072105262140788e-01
8.340000000000006e-01 4.107454972315108e-01
8.400000000000006e-01 4.142527008976335e-01
8.460000000000006e-01 4.177314439054362e-01
8.520000000000006e-01 4.211810381758482e-01
8.580000000000007e-01 4.246008009500435e-01
8.640000000000007e-01 4.279900548810188e-01
8.700000000000007e-01 4.313481281244343e-01
8.760000000000007e-01 4.346743544287011e-01
8.820000000000007e-01 4.379680732243032e-01
8.880000000000007e-01 4.412286297123422e-01
8.940000000000007e-01 4.444553749522889e-01
9.000000000000007e-01 4.476476659489317e-01
9.060000000000007e-01 4.508048657385073e-01
9.120000000000007e-01 4.539263434740018e-01
9.180000000000007e-01 4.570114745096095e-01
9.240000000000007e-01 4.600596404843374e-01
9.300000000000007e-01 4.630702294047417e-01
9.360000000000007e-01 4.660426357267868e-01
9.420000000000007e-01 4.689762604368115e-01
9.480000000000007e-01 4.718705111315936e-01
9.540000000000007e-01 4.747248020974991e-01
9.600000000000007e-01 4.775385543887050e-01
9.660000000000007e-01 4.803111959044847e-01
9.720000000000008e-01 4.830421614655437e-01
9.780000000000008e-01 4.857308928893952e-01
9.840000000000008e-01 4.883768390647641e-01
9.900000000000008e-01 4.909794560250088e-01
9.960000000000008e-01 4.935382070205496e-01
1.002000000000001e+00 4.960525625902933e-01
1.008000000000001e+00 4.985220006320436e-01
1.014000000000001e+00 5.009460064718865e-01
1.020000000000001e+00 5.033240729325413e-01
1.026000000000001e+00 5.056557004006663e-01
1.032000000000001e+00 5.079403968931098e-01
1.038000000000001e+00 5.101776781220962e-01
1.044000000000001e+00 5.123670675593388e-01
1.050000000000001e+00 5.145080964990679e-01
1.056000000000001e+00 5.166003041199667e-01
1.062000000000001e+00 5.186432375460052e-01
1.068000000000001e+00 5.206364519061626e-01
1.074000000000001e+00 5.225795103930307e-01
1.080000000000001e+00 5.244719843202883e-01
1.086000000000001e+00 5.263134531790387e-01
1.092000000000001e+00 5.281035046930025e-01
1.098000000000001e+00 5.298417348725569e-01
1.104000000000001e+00 5.315277480676136e-01
1.110000000000001e+00 5.331611570193272e-01
1.116000000000001e+00 5.347415829106278e-01
1.122000000000001e+00 5.362686554155686e-01
1.128000000000001e+00 5.377420127474822e-01
1.134000000000001e+00 5.391613017059389e-01
1.140000000000001e+00 5.405261777224981e-01
1.146000000000001e+00 5.418363049052487e-01
1.152000000000001e+00 5.430913560821296e-01
1.158000000000001e+00 5.442910128430255e-01
1.164000000000001e+00 5.454349655806310e-01
1.170000000000001e+00 5.465229135300764e-01
1.176000000000001e+00 5.475545648073107e-01
1.182000000000001e+00 5.485296364462349e-01
1.188000000000001e+00 5.494478544345809e-01
1.194000000000001e+00 5.503089537485296e-01
1.200000000000001e+00 5.511126783860647e-01
1.206000000000001e+00 5.518587813990552e-01
1.212000000000001e+00 5.525470249240636e-01
1.218000000000001e+00 5.531771802118739e-01
1.224000000000001e+00 5.537490276557360e-01
1.230000000000001e+00 5.542623568183214e-01
1.236000000000001e+00 5.547169664573868e-01
1.242000000000001e+00 5.551126645501411e-01
1.248000000000001e+00 5.554492683163128e-01
1.254000000000001e+00 5.557266042399140e-01
1.260000000000001e+00 5.559445080896974e-01
1.266000000000001e+00 5.561028249383038e-01
1.272000000000001e+00 5.562014091800964e-01
1.278000000000001e+00 5.562401245476808e-01
1.284000000000001e+00 5.562188441271052e-01
1.290000000000001e+00 5.561374503717419e-01
1.296000000000001e+00 5.559958351148452e-01
1.302000000000001e+00 5.557938995807854e-01
1.308000000000001e+00 5.555315543949566e-01
1.314000000000001e+00 5.552087195923560e-01
1.320000000000001e+00 5.548253246248346e-01
1.326000000000001e+00 5.543813083670175e-01
1.332000000000001e+00 5.538766191208921e-01
1.338000000000001e+00 5.533112146190652e-01
1.344000000000001e+00 5.526850620266858e-01
1.350000000000001e+00 5.519981379420357e-01
1.356000000000001e+00 5.512504283957864e-01
1.362000000000001e+00 5.504419288489221e-01
1.368000000000001e+00 5.495726441893293e-01
1.374000000000001e+00 5.486425887270536e-01
1.380000000000001e+00 5.476517861882241e-01
1.386000000000001e+00 5.466002697076451e-01
1.392000000000001e+00 5.454880818200580e-01
1.398000000000001e+00 5.443152744500731e-01
1.404000000000001e+00 5.430819089007722e-01
1.410000000000001e+00 5.417880558409854e-01
1.416000000000001e+00 5.404337952912418e-01
1.422000000000001e+00 5.390192166083971e-01
1.428000000000001e+00 5.375444184689401e-01
1.434000000000001e+00 5.360095088509793e-01
1.440000000000001e+00 5.344146050149141e-01
1.446000000000001e+00 5.327598334827913e-01
1.452000000000001e+00 5.310453300163505e-01
1.458000000000001e+00 5.292712395937614e-01
1.464000000000001e+00 5.274377163850571e-01
1.470000000000001e+00 5.255449237262644e-01
1.476000000000001e+00 5.235930340922375e-01
1.482000000000001e+00 5.215822290681968e-01
1.488000000000001e+00 5.195126993199786e-01
1.494000000000001e+00 5.173846445629972e-01
1.500000000000001e+00 5.151982735299270e-01
1.506000000000001e+00 5.129538039371067e-01
1.512000000000001e+00 5.106514624496707e-01
1.518000000000001e+00 5.082914846454145e-01
1.524000000000001e+00 5.058741149773954e-01
1.530000000000001e+00 5.033996067352783e-01
1.536000000000001e+00 5.008682220054282e-01
1.542000000000001e+00 4.982802316297575e-01
1.548000000000001e+00 4.956359151633322e-01
1.554000000000001e+00 4.929355608307448e-01
1.560000000000001e+00 4.901794654812579e-01
1.566000000000001e+00 4.873679345427269e-01
1.572000000000001e+00 4.845012819743070e-01
1.578000000000001e+00 4.815798302179512e-01
1.584000000000001e+00 4.786039101487076e-01
1.590000000000001e+00 4.755738610238207e-01
1.596000000000001e+00 4.724900304306464e-01
1.602000000000001e+00 4.693527742333856e-01
1.608000000000001e+00 4.661624565186467e-01
1.614000000000001e+00 4.629194495398418e-01
1.620000000000001e+00 4.596241336604272e-01
1.626000000000001e+00 4.562768972959940e-01
1.632000000000001e+00 4.528781368552186e-01
1.638000000000001e+00 4.494282566796809e-01
1.644000000000001e+00 4.459276689825587e-01
1.650000000000001e+00 4.423767937862066e-01
1.656000000000001e+00 4.387760588586299e-01
1.662000000000001e+00 4.351258996488601e-01
1.668000000000001e+00 4.314267592212434e-01
1.674000000000001e+00 4.276790881886505e-01
1.680000000000001e+00 4.238833446446171e-01
1.686000000000001e+00 4.200399940944252e-01
1.692000000000001e+00 4.161495093851345e-01
1.698000000000001e+00 4.122123706345752e-01
1.704000000000001e+00 4.082290651593102e-01
1.710000000000001e+00 4.042000874015785e-01
1.716000000000001e+00 4.001259388552303e-01
1.722000000000001e+00 3.960071279906630e-01
1.728000000000001e+00 3.918441701787705e-01
1.734000000000001e+00 3.876375876139153e-01
1.740000000000001e+00 3.833879092359351e-01
1.746000000000001e+00 3.790956706511950e-01
1.752000000000001e+00 3.747614140526963e-01
1.758000000000001e+00 3.703856881392531e-01
1.764000000000001e+00 3.659690480337491e-01
1.770000000000001e+00 3.615120552004856e-01
1.776000000000001e+00 3.570152773616323e-01
1.782000000000001e+00 3.524792884127936e-01
1.788000000000001e+00 3.479046683377017e-01
1.794000000000001e+00 3.432920031220495e-01
1.800000000000001e+00 3.386418846664742e-01
1.806000000000001e+00 3.339549106987063e-01
1.812000000000001e+00 3.292316846848937e-01
1.818000000000001e+00 3.244728157401167e-01
1.824000000000001e+00 3.196789185381038e-01
1.830000000000001e+00 3.148506132201628e-01
1.836000000000001e+00 3.099885253033408e-01
1.842000000000001e+00 3.050932855878238e-01
1.848000000000001e+00 3.001655300635923e-01
1.854000000000001e+00 2.952058998163433e-01
1.860000000000001e+00 2.902150409326945e-01
1.866000000000001e+00 2.851936044046826e-01
1.872000000000001e+00 2.801422460335704e-01
1.878000000000001e+00 2.750616263329758e-01
1.884000000000001e+00 2.699524104313374e-01
1.890000000000001e+00 2.648152679737292e-01
1.896000000000001e+00 2.596508730230402e-01
1.902000000000001e+00 2.544599039605319e-01
1.908000000000001e+00 2.492430433857879e-01
1.914000000000001e+00 2.440009780160710e-01
1.920000000000001e+00 2.387343985851006e-01
1.926000000000001e+00 2.334439997412666e-01
1.932000000000001e+00 2.281304799452925e-01
1.938000000000001e+00 2.227945413673648e-01
1.944000000000002e+00 2.174368897837405e-01
1.950000000000002e+00 2.120582344728501e-01
1.956000000000002e+00 2.066592881109091e-01
1.962000000000002e+00 2.012407666670548e-01
1.968000000000002e+00 1.958033892980210e-01
1.974000000000002e+00 1.903478782423684e-01
1.980000000000002e+00 1.848749587142832e-01
1.986000000000002e+00 1.793853587969617e-01
1.992000000000002e+00 1.738798093355939e-01
1.998000000000002e+00 1.683590438299627e-01
2.004000000000001e+00 1.628237983266742e-01
2.010000000000001e+00 1.572748113110337e-01
2.016000000000001e+00 1.517128235985833e-01
2.022000000000001e+00 1.461385782263172e-01
2.028000000000000e+00 1.405528203435887e-01
2.034000000000000e+00 1.349562971027274e-01
2.040000000000000e+00 1.293497575493783e-01
2.046000000000000e+00 1.237339525125826e-01
2.052000000000000e+00 1.181096344946127e-01
2.057999999999999e+00 1.124775575605794e-01
2.063999999999999e+00 1.068384772278258e-01
2.069999999999999e+00 1.011931503551242e-01
2.075999999999999e+00 9.554233503169232e-02
2.081999999999999e+00 8.988679046604375e-02
2.087999999999998e+00 8.422727687468964e-02
2.093999999999998e+00 7.856455537070678e-02
2.099999999999998e+00 7.289938785218841e-02
2.105999999999998e+00 6.723253689059376e-02
2.111999999999997e+00 6.156476561901221e-02
2.117999999999997e+00 5.589683762035811e-02
2.123999999999997e+00 5.022951681551237e-02
2.129999999999997e+00 4.456356735142680e-02
2.135999999999997e+00 3.889975348920719e-02
2.141999999999996e+00 3.323883949219133e-02
2.147999999999996e+00 2.758158951403784e-02
2.153999999999996e+00 2.192876748684202e-02
2.159999999999996e+00 1.628113700929465e-02
2.165999999999995e+00 1.063946123489977e-02
2.171999999999995e+00 5.004502760267652e-03
2.177999999999995e+00 -6.229764865012966e-04
2.183999999999995e+00 -6.242215357325456e-03
2.189999999999995e+00 -1.185245359552787e-02
2.195999999999994e+00 -1.745293194708306e-02
2.201999999999994e+00 -2.304289227170885e-02
2.207999999999994e+00 -2.862157765378722e-02
2.213999999999994e+00 -3.418823251309835e-02
2.219999999999994e+00 -3.974210271535188e-02
2.225999999999993e+00 -4.528243568249964e-02
2.231999999999993e+00 -5.080848050281396e-02
2.237999999999993e+00 -5.631948804071572e-02
2.243999999999993e+00 -6.181471104633654e-02
2.249999999999992e+00 -6.729340426479925e-02
2.255999999999992e+00 -7.275482454520102e-02
2.261999999999992e+00 -7.819823094928353e-02
2.267999999999992e+00 -8.362288485977459e-02
2.273999999999992e+00 -8.902805008838562e-02
2.279999999999991e+00 -9.441299298344952e-02
2.285999999999991e+00 -9.977698253718359e-02
2.291999999999991e+00 -1.051192904925619e-01
2.297999999999991e+00 -1.104391914497821e-01
2.303999999999991e+00 -1.157359629723110e-01
2.309999999999990e+00 -1.210088856924937e-01
2.315999999999990e+00 -1.262572434167122e-01
2.321999999999990e+00 -1.314803232300764e-01
2.327999999999990e+00 -1.366774156006346e-01
2.333999999999989e+00 -1.418478144830867e-01
2.339999999999989e+00 -1.469908174219866e-01
2.345999999999989e+00 -1.521057256544183e-01
2.351999999999989e+00 -1.571918442121316e-01
2.357999999999989e+00 -1.622484820231213e-01
2.363999999999988e+00 -1.672749520126371e-01
2.369999999999988e+00 -1.722705712036088e-01
2.375999999999988e+00 -1.772346608164722e-01
2.381999999999988e+00 -1.821665463683824e-01
2.387999999999987e+00 -1.870655577717983e-01
2.393999999999987e+00 -1.919310294324269e-01
2.399999999999987e+00 -1.967623003465110e-01
2.405999999999987e+00 -2.015587141974470e-01
2.411999999999987e+00 -2.063196194517199e-01
2.417999999999986e+00 -2.110443694541407e-01
2.423999999999986e+00 -2.157323225223723e-01
2.429999999999986e+00 -2.203828420407317e-01
2.435999999999986e+00 -2.249952965532536e-01
2.441999999999986e+00 -2.295690598560028e-01
2.447999999999985e+00 -2.341035110886224e-01
2.453999999999985e+00 -2.385980348251035e-01
2.459999999999985e+00 -2.430520211637651e-01
2.465999999999985e+00 -2.474648658164293e-01
2.471999999999984e+00 -2.518359701967814e-01
2.477999999999984e+00 -2.561647415078991e-01
2.483999999999984e+00 -2.604505928289421e-01
2.489999999999984e+00 -2.646929432009855e-01
2.495999999999984e+00 -2.688912177119888e-01
2.501999999999983e+00 -2.730448475808847e-01
2.507999999999983e+00 -2.771532702407777e-01
2.513999999999983e+00 -2.812159294212408e-01
2.519999999999983e+00 -2.852322752296969e-01
2.525999999999982e+00 -2.892017642318744e-01
2.531999999999982e+00 -2.931238595313255e-01
2.537999999999982e+00 -2.969980308479948e-01
2.543999999999982e+00 -3.008237545958283e-01
2.549999999999982e+00 -3.046005139594110e-01
2.555999999999981e+00 -3.083277989696210e-01
2.561999999999981e+00 -3.120051065782919e-01
2.567999999999981e+00 -3.156319407318700e-01
2.573999999999981e+00 -3.192078124440577e-01
2.579999999999981e+00 -3.227322398674315e-01
2.585999999999980e+00 -3.262047483640252e-01
2.591999999999980e+00 -3.296248705748671e-01
2.597999999999980e+00 -3.329921464884629e-01
2.603999999999980e+00 -3.363061235082124e-01
2.609999999999979e+00 -3.395663565187522e-01
2.615999999999979e+00 -3.427724079512139e-01
2.621999999999979e+00 -3.459238478473883e-01
2.627999999999979e+00 -3.490202539227871e-01
2.633999999999979e+00 -3.520612116285927e-01
2.639999999999978e+00 -3.550463142124868e-01
2.645999999999978e+00 -3.579751627783506e-01
2.651999999999978e+00 -3.608473663448252e-01
2.657999999999978e+00 -3.636625419027275e-01
2.663999999999977e+00 -3.664203144713098e-01
2.669999999999977e+00 -3.691203171533579e-01
2.675999999999977e+00 -3.717621911891176e-01
2.681999999999977e+00 -3.743455860090437e-01
2.687999999999977e+00 -3.768701592853624e-01
2.693999999999976e+00 -3.793355769824409e-01
2.699999999999976e+00 -3.817415134059561e-01
2.705999999999976e+00 -3.840876512508565e-01
2.711999999999976e+00 -3.863736816481083e-01
2.717999999999976e+00 -3.885993042102221e-01
2.723999999999975e+00 -3.907642270755505e-01
2.729999999999975e+00 -3.928681669513528e-01
2.735999999999975e+00 -3.949108491556189e-01
2.741999999999975e+00 -3.968920076576472e-01
2.747999999999974e+00 -3.988113851173710e-01
2.753999999999974e+00 -4.006687329234270e-01
2.759999999999974e+00 -4.024638112299607e-01
2.765999999999974e+00 -4.041963889921639e-01
2.771999999999974e+00 -4.058662440005386e-01
2.777999999999973e+00 -4.074731629138824e-01
2.783999999999973e+00 -4.090169412909921e-01
2.789999999999973e+00 -4.104973836210783e-01
2.795999999999973e+00 -4.119143033528893e-01
2.801999999999973e+00 -4.132675229225381e-01
2.807999999999972e+00 -4.145568737800308e-01
2.813999999999972e+00 -4.157821964144897e-01
2.819999999999972e+00 -4.169433403780701e-01
2.825999999999972e+00 -4.180401643085662e-01
2.831999999999971e+00 -4.190725359507025e-01
2.837999999999971e+00 -4.200403321761090e-01
2.843999999999971e+00 -4.209434390019756e-01
2.849999999999971e+00 -4.217817516083853e-01
2.855999999999971e+00 -4.225551743543211e-01
2.861999999999970e+00 -4.232636207923465e-01
2.867999999999970e+00 -4.239070136819565e-01
2.873999999999970e+00 -4.244852850015973e-01
2.879999999999970e+00 -4.249983759593531e-01
2.885999999999969e+00 -4.254462370022987e-01
2.891999999999969e+00 -4.258288278245162e-01
2.897999999999969e+00 -4.261461173737750e-01
2.903999999999969e+00 -4.263980838568737e-01
2.909999999999969e+00 -4.265847147436440e-01
2.915999999999968e+00 -4.267060067696151e-01
2.921999999999968e+00 -4.267619659373388e-01
2.927999999999968e+00 -4.267526075163754e-01
2.933999999999968e+00 -4.266779560419396e-01
2.939999999999968e+00 -4.265380453122072e-01
2.945999999999967e+00 -4.263329183842831e-01
2.951999999999967e+00 -4.260626275688306e-01
2.957999999999967e+00 -4.257272344233641e-01
2.963999999999967e+00 -4.253268097442043e-01
2.969999999999966e+00 -4.248614335570985e-01
2.975999999999966e+00 -4.243311951065073e-01
2.981999999999966e+00 -4.237361928435586e-01
2.987999999999966e+00 -4.230765344126712e-01
2.993999999999966e+00 -4.223523366368495e-01
2.999999999999965e+00 -4.215637255016522e-01
3.005999999999965e+00 -4.207108361378362e-01
3.011999999999965e+00 -4.197938128026799e-01
3.017999999999965e+00 -4.188128088599864e-01
3.023999999999964e+00 -4.177679867587717e-01
3.029999999999964e+00 -4.166595180106394e-01
3.035999999999964e+00 -4.154875831658461e-01
3.041999999999964e+00 -4.142523717880608e-01
3.047999999999964e+00 -4.129540824278212e-01
3.053999999999963e+00 -4.115929225946922e-01
3.059999999999963e+00 -4.101691087281293e-01
3.065999999999963e+00 -4.086828661670519e-01
3.071999999999963e+00 -4.071344291181302e-01
3.077999999999963e+00 -4.055240406227916e-01
3.083999999999962e+00 -4.038519525229495e-01
3.089999999999962e+00 -4.021184254254613e-01
3.095999999999962e+00 -4.003237286653196e-01
3.101999999999962e+00 -3.984681402675821e-01
3.107999999999961e+00 -3.965519469080461e-01
3.113999999999961e+00 -3.945754438726732e-01
3.119999999999961e+00 -3.925389350157694e-01
3.125999999999961e+00 -3.904427327169276e-01
3.131999999999961e+00 -3.882871578367383e-01
3.137999999999960e+00 -3.860725396712745e-01
3.143999999999960e+00 -3.837992159053581e-01
3.149999999999960e+00 -3.814675325646145e-01
3.155999999999960e+00 -3.790778439663212e-01
3.161999999999960e+00 -3.766305126690592e-01
3.167999999999959e+00 -3.741259094211732e-01
3.173999999999959e+00 -3.715644131080486e-01
3.179999999999959e+00 -3.689464106982130e-01
3.185999999999959e+00 -3.662722971882691e-01
3.191999999999958e+00 -3.635424755466686e-01
3.197999999999958e+00 -3.607573566563334e-01
3.203999999999958e+00 -3.579173592561337e-01
3.209999999999958e+00 -3.550229098812310e-01
3.215999999999958e+00 -3.520744428022946e-01
3.221999999999957e+00 -3.490723999635996e-01
3.227999999999957e+00 -3.460172309200177e-01
3.233999999999957e+00 -3.429093927729067e-01
3.239999999999957e+00 -3.397493501049107e-01
3.245999999999956e+00 -3.365375749136785e-01
3.251999999999956e+00 -3.332745465445111e-01
3.257999999999956e+00 -3.299607516219474e-01
3.263999999999956e+00 -3.265966839802975e-01
3.269999999999956e+00 -3.231828445931349e-01
3.275999999999955e+00 -3.197197415017565e-01
3.281999999999955e+00 -3.162078897426215e-01
3.287999999999955e+00 -3.126478112737795e-01
3.293999999999955e+00 -3.090400349002982e-01
3.299999999999955e+00 -3.053850961987016e-01
3.305999999999954e+00 -3.016835374404297e-01
3.311999999999954e+00 -2.979359075143305e-01
3.317999999999954e+00 -2.941427618481959e-01
3.323999999999954e+00 -2.903046623293525e-01
3.329999999999953e+00 -2.864221772243185e-01
3.335999999999953e+00 -2.824958810975388e-01
3.341999999999953e+00 -2.785263547292100e-01
3.347999999999953e+00 -2.745141850322069e-01
3.353999999999953e+00 -2.704599649681220e-01
3.359999999999952e+00 -2.663642934624318e-01
3.365999999999952e+00 -2.622277753187998e-01
3.371999999999952e+00 -2.580510211325304e-01
3.377999999999952e+00 -2.538346472031860e-01
3.383999999999951e+00 -2.495792754463781e-01
3.389999999999951e+00 -2.452855333047477e-01
3.395999999999951e+00 -2.409540536581463e-01
3.401999999999951e+00 -2.365854747330305e-01
3.407999999999951e+00 -2.321804400110834e-01
3.413999999999950e+00 -2.277395981370769e-01
3.419999999999950e+00 -2.232636028259865e-01
3.425999999999950e+00 -2.187531127693735e-01
3.431999999999950e+00 -2.142087915410470e-01
3.437999999999950e+00 -2.096313075020202e-01
3.443999999999949e+00 -2.050213337047741e-01
3.449999999999949e+00 -2.003795477968426e-01
3.455999999999949e+00 -1.957066319237328e-01
3.461999999999949e+00 -1.910032726311951e-01
3.467999999999948e+00 -1.862701607668559e-01
3.473999999999948e+00 -1.815079913812284e-01
3.479999999999948e+00 -1.767174636281152e-01
3.485999999999948e+00 -1.718992806644171e-01
3.491999999999948e+00 -1.670541495493621e-01
3.497999999999947e+00 -1.621827811431704e-01
3.503999999999947e+00 -1.572858900051683e-01
3.509999999999947e+00 -1.523641942913675e-01
3.515999999999947e+00 -1.474184156515226e-01
3.521999999999947e+00 -1.424492791256836e-01
3.527999999999946e+00 -1.374575130402568e-01
3.533999999999946e+00 -1.324438489035902e-01
3.539999999999946e+00 -1.274090213010971e-01
3.545999999999946e+00 -1.223537677899348e-01
3.551999999999945e+00 -1.172788287932521e-01
3.557999999999945e+00 -1.121849474940214e-01
3.563999999999945e+00 -1.070728697284707e-01
3.569999999999945e+00 -1.019433438791310e-01
3.575999999999945e+00 -9.679712076751432e-02
3.581999999999944e+00 -9.163495354643757e-02
3.587999999999944e+00 -8.645759759200840e-02
3.593999999999944e+00 -8.126581039528813e-02
3.599999999999944e+00 -7.606035145364755e-02
3.605999999999943e+00 -7.084198216183116e-02
3.611999999999943e+00 -6.561146570274566e-02
3.617999999999943e+00 -6.036956693798841e-02
3.623999999999943e+00 -5.511705229813147e-02
3.629999999999943e+00 -4.985468967277737e-02
3.635999999999942e+00 -4.458324830040208e-02
3.641999999999942e+00 -3.930349865800135e-02
3.647999999999942e+00 -3.401621235055620e-02
3.653999999999942e+00 -2.872216200033342e-02
3.659999999999942e+00 -2.342212113603724e-02
3.665999999999941e+00 -1.811686408182796e-02
3.671999999999941e+00 -1.280716584622361e-02
3.677999999999941e+00 -7.493802010900630e-03
3.683999999999941e+00 -2.177548619409665e-03
3.689999999999940e+00 3.140817934177587e-03
3.695999999999940e+00 8.460521016674353e-03
3.701999999999940e+00 1.378078386722157e-02
3.707999999999940e+00 1.910082970875138e-02
3.713999999999940e+00 2.441988185945533e-02
3.719999999999939e+00 2.973716384424112e-02
3.725999999999939e+00 3.505189950616192e-02
3.731999999999939e+00 4.036331311780217e-02
3.737999999999939e+00 4.567062949260381e-02
3.743999999999938e+00 5.097307409611684e-02
3.749999999999938e+00 5.626987315715831e-02
3.755999999999938e+00 6.156025377886354e-02
3.761999999999938e+00 6.684344404961375e-02
3.767999999999938e+00 7.211867315382398e-02
3.773999999999937e+00 7.738517148257539e-02
3.779999999999937e+00 8.264217074407597e-02
3.785999999999937e+00 8.788890407393379e-02
3.791999999999937e+00 9.312460614522684e-02
3.797999999999937e+00 9.834851327835359e-02
3.803999999999936e+00 1.035598635506485e-01
3.809999999999936e+00 1.087578969057468e-01
3.815999999999936e+00 1.139418552626822e-01
3.821999999999936e+00 1.191109826247029e-01
3.827999999999935e+00 1.242645251877887e-01
3.833999999999935e+00 1.294017314488555e-01
3.839999999999935e+00 1.345218523136295e-01
3.845999999999935e+00 1.396241412041769e-01
3.851999999999935e+00 1.447078541660740e-01
3.857999999999934e+00 1.497722499752005e-01
3.863999999999934e+00 1.548165902441419e-01
3.869999999999934e+00 1.598401395281862e-01
3.875999999999934e+00 1.648421654308974e-01
3.881999999999934e+00 1.698219387092539e-01
3.887999999999933e+00 1.747787333783328e-01
3.893999999999933e+00 1.797118268155284e-01
3.899999999999933e+00 1.846204998642878e-01
3.905999999999933e+00 1.895040369373497e-01
3.911999999999932e+00 1.943617261194706e-01
3.917999999999932e+00 1.991928592696249e-01
3.923999999999932e+00 2.039967321226628e-01
3.929999999999932e+00 2.087726443904118e-01
3.935999999999932e+00 2.135198998622085e-01
3.941999999999931e+00 2.182378065048436e-01
3.947999999999931e+00 2.229256765619082e-01
3.953999999999931e+00 2.275828266525262e-01
3.959999999999931e+00 2.322085778694573e-01
3.965999999999930e+00 2.368022558765591e-01
3.971999999999930e+00 2.413631910055915e-01
3.977999999999930e+00 2.458907183523518e-01
3.983999999999930e+00 2.503841778721246e-01
3.989999999999930e+00 2.548429144744343e-01
3.995999999999929e+00 2.592662781170860e-01
4.001999999999930e+00 2.636536238994807e-01
4.007999999999930e+00 2.680043121551923e-01
4.013999999999930e+00 2.723177085437925e-01
4.019999999999930e+00 2.765931841419106e-01
4.025999999999931e+00 2.808301155335144e-01
4.031999999999931e+00 2.850278848994008e-01
4.037999999999931e+00 2.891858801058807e-01
4.043999999999931e+00 2.933034947926485e-01
4.049999999999931e+00 2.973801284598206e-01
4.055999999999932e+00 3.014151865541325e-01
4.061999999999932e+00 3.054080805542803e-01
4.067999999999932e+00 3.093582280553966e-01
4.073999999999932e+00 3.132650528526463e-01
4.079999999999933e+00 3.171279850239309e-01
4.085999999999933e+00 3.209464610116910e-01
4.091999999999933e+00 3.247199237037927e-01
4.097999999999933e+00 3.284478225134880e-01
4.103999999999933e+00 3.321296134584372e-01
4.109999999999934e+00 3.357647592387815e-01
4.115999999999934e+00 3.393527293142550e-01
4.121999999999934e+00 3.428929999803253e-01
4.127999999999934e+00 3.463850544433508e-01
4.133999999999935e+00 3.498283828947444e-01
4.139999999999935e+00 3.532224825841332e-01
4.145999999999935e+00 3.565668578915031e-01
4.151999999999935e+00 3.598610203983183e-01
4.157999999999936e+00 3.631044889576050e-01
4.163999999999936e+00 3.662967897629900e-01
4.169999999999936e+00 3.694374564166831e-01
4.175999999999936e+00 3.725260299963948e-01
4.181999999999936e+00 3.755620591211786e-01
4.187999999999937e+00 3.785451000161886e-01
4.193999999999937e+00 3.814747165763440e-01
4.199999999999937e+00 3.843504804288900e-01
4.205999999999937e+00 3.871719709948467e-01
4.211999999999938e+00 3.899387755493376e-01
4.217999999999938e+00 3.926504892807878e-01
4.223999999999938e+00 3.953067153489848e-01
4.229999999999938e+00 3.979070649419926e-01
4.235999999999938e+00 4.004511573319107e-01
4.241999999999939e+00 4.029386199294710e-01
4.247999999999939e+00 4.053690883374639e-01
4.253999999999939e+00 4.077422064029859e-01
4.259999999999939e+00 4.100576262685016e-01
4.265999999999940e+00 4.123150084217126e-01
4.271999999999940e+00 4.145140217442258e-01
4.277999999999940e+00 4.166543435590143e-01
4.283999999999940e+00 4.187356596766645e-01
4.289999999999941e+00 4.207576644404019e-01
4.295999999999941e+00 4.227200607698893e-01
4.301999999999941e+00 4.246225602037921e-01
4.307999999999941e+00 4.264648829411032e-01
4.313999999999941e+00 4.282467578812219e-01
4.319999999999942e+00 4.299679226627816e-01
4.325999999999942e+00 4.316281237012207e-01
4.331999999999942e+00 4.332271162250897e-01
4.337999999999942e+00 4.347646643110921e-01
4.343999999999943e+00 4.362405409178507e-01
4.349999999999943e+00 4.376545279183975e-01
4.355999999999943e+00 4.390064161313808e-01
4.361999999999943e+00 4.402960053509846e-01
4.367999999999943e+00 4.415231043755581e-01
4.373999999999944e+00 4.426875310349487e-01
4.379999999999944e+00 4.437891122165363e-01
4.385999999999944e+00 4.448276838899639e-01
4.391999999999944e+00 4.458030911305623e-01
4.397999999999945e+00 4.467151881414646e-01
4.403999999999945e+00 4.475638382744067e-01
4.409999999999945e+00 4.483489140492126e-01
4.415999999999945e+00 4.490702971719602e-01
4.421999999999946e+00 4.497278785518256e-01
4.427999999999946e+00 4.503215583166028e-01
4.433999999999946e+00 4.508512458268976e-01
4.439999999999946e+00 4.513168596889935e-01
4.445999999999946e+00 4.517183277663859e-01
4.451999999999947e+00 4.520555871899862e-01
4.457999999999947e+00 4.523285843669911e-01
4.463999999999947e+00 4.525372749884181e-01
4.469999999999947e+00 4.526816240353044e-01
4.475999999999948e+00 4.527616057835703e-01
4.481999999999948e+00 4.527772038075443e-01
4.487999999999948e+00 4.527284109821504e-01
4.493999999999948e+00 4.526152294837576e-01
4.499999999999948e+00 4.524376707896909e-01
4.505999999999949e+00 4.521957556764039e-01
4.511999999999949e+00 4.518895142163134e-01
4.517999999999949e+00 4.515189857732969e-01
4.523999999999949e+00 4.510842189968521e-01
4.529999999999950e+00 4.505852718149220e-01
4.535999999999950e+00 4.500222114253830e-01
4.541999999999950e+00 4.493951142862007e-01
4.547999999999950e+00 4.487040661042526e-01
4.553999999999951e+00 4.479491618228197e-01
4.559999999999951e+00 4.471305056077503e-01
4.565999999999951e+00 4.462482108322949e-01
4.571999999999951e+00 4.453024000606178e-01
4.577999999999951e+00 4.442932050299858e-01
4.583999999999952e+00 4.432207666316362e-01
4.589999999999952e+00 4.420852348903289e-01
4.595999999999952e+00 4.408867689425830e-01
4.601999999999952e+00 4.396255370136034e-01
4.607999999999953e+00 4.383017163928984e-01
4.613999999999953e+00 4.369154934085944e-01
4.619999999999953e+00 4.354670634004486e-01
4.625999999999953e+00 4.339566306915659e-01
4.631999999999953e+00 4.323844085588230e-01
4.637999999999954e+00 4.307506192020037e-01
4.643999999999954e+00 4.290554937116507e-01
4.649999999999954e+00 4.272992720356375e-01
4.655999999999954e+00 4.254822029444666e-01
4.661999999999955e+00 4.236045439952973e-01
4.667999999999955e+00 4.216665614947099e-01
4.673999999999955e+00 4.196685304602099e-01
4.679999999999955e+00 4.176107345804799e-01
4.685999999999956e+00 4.154934661743830e-01
4.691999999999956e+00 4.133170261487242e-01
4.697999999999956e+00 4.110817239547768e-01
4.703999999999956e+00 4.087878775435785e-01
4.709999999999956e+00 4.064358133200049e-01
4.715999999999957e+00 4.040258660956261e-01
4.721999999999957e+00 4.015583790403542e-01
4.727999999999957e+00 3.990337036328873e-01
4.733999999999957e+00 3.964521996099584e-01
4.739999999999958e+00 3.938142349143960e-01
4.745999999999958e+00 3.911201856420037e-01
4.751999999999958e+00 3.883704359872664e-01
4.757999999999958e+00 3.855653781878917e-01
4.763999999999958e+00 3.827054124681933e-01
4.769999999999959e+00 3.797909469813255e-01
4.775999999999959e+00 3.768223977503768e-01
4.781999999999959e+00 3.738001886083308e-01
4.787999999999959e+00 3.707247511369033e-01
4.793999999999960e+00 3.675965246042648e-01
4.799999999999960e+00 3.644159559016564e-01
4.805999999999960e+00 3.611834994789090e-01
4.811999999999960e+00 3.578996172788751e-01
4.817999999999961e+00 3.545647786707819e-01
4.823999999999961e+00 3.511794603825160e-01
4.829999999999961e+00 3.477441464318495e-01
4.835999999999961e+00 3.442593280566167e-01
4.841999999999961e+00 3.407255036438523e-01
4.847999999999962e+00 3.371431786579003e-01
4.853999999999962e+00 3.335128655675050e-01
4.859999999999962e+00 3.298350837718941e-01
4.865999999999962e+00 3.261103595258643e-01
4.871999999999963e+00 3.223392258638804e-01
4.877999999999963e+00 3.185222225231997e-01
4.883999999999963e+00 3.146598958660303e-01
4.889999999999963e+00 3.107527988007380e-01
4.895999999999963e+00 3.068014907021098e-01
4.901999999999964e+00 3.028065373306879e-01
4.907999999999964e+00 2.987685107511840e-01
4.913999999999964e+00 2.946879892499878e-01
4.919999999999964e+00 2.905655572517788e-01
4.925999999999965e+00 2.864018052352559e-01
4.931999999999965e+00 2.821973296479955e-01
4.937999999999965e+00 2.779527328204511e-01
4.943999999999965e+00 2.736686228791057e-01
4.949999999999966e+00 2.693456136587916e-01
4.955999999999966e+00 2.649843246141872e-01
4.961999999999966e+00 2.605853807305070e-01
4.967999999999966e+00 2.561494124333942e-01
4.973999999999966e+00 2.516770554980315e-01
4.979999999999967e+00 2.471689509574824e-01
4.985999999999967e+00 2.426257450102753e-01
4.991999999999967e+00 2.380480889272450e-01
4.997999999999967e+00 2.334366389576440e-01
5.003999999999968e+00 2.287920562345380e-01
5.009999999999968e+00 2.241150066794987e-01
5.015999999999968e+00 2.194061609066071e-01
5.021999999999968e+00 2.146661941257827e-01
5.027999999999968e+00 2.098957860454506e-01
5.033999999999969e+00 2.050956207745623e-01
5.039999999999969e+00 2.002663867239823e-01
5.045999999999969e+00 1.954087765072573e-01
5.051999999999969e+00 1.905234868407798e-01
5.057999999999970e+00 1.856112184433615e-01
5.063999999999970e+00 1.806726759352317e-01
5.069999999999970e+00 1.757085677364737e-01
5.075999999999970e+00 1.707196059649152e-01
5.081999999999971e+00 1.657065063334864e-01
5.087999999999971e+00 1.606699880470614e-01
5.093999999999971e+00 1.556107736987968e-01
5.099999999999971e+00 1.505295891659837e-01
5.105999999999971e+00 1.454271635054268e-01
5.111999999999972e+00 1.403042288483664e-01
5.117999999999972e+00 1.351615202949581e-01
5.123999999999972e+00 1.299997758083262e-01
5.129999999999972e+00 1.248197361082045e-01
5.135999999999973e+00 1.196221445641811e-01
5.141999999999973e+00 1.144077470885626e-01
5.147999999999973e+00 1.091772920288719e-01
5.153999999999973e+00 1.039315300599965e-01
5.159999999999973e+00 9.867121407600213e-02
5.165999999999974e+00 9.339709908162692e-02
5.171999999999974e+00 8.810994208347281e-02
5.177999999999974e+00 8.281050198090875e-02
5.183999999999974e+00 7.749953945670215e-02
5.189999999999975e+00 7.217781686739393e-02
5.195999999999975e+00 6.684609813343306e-02
5.201999999999975e+00 6.150514862908657e-02
5.207999999999975e+00 5.615573507214054e-02
5.213999999999976e+00 5.079862541340829e-02
5.219999999999976e+00 4.543458872606149e-02
5.225999999999976e+00 4.006439509480009e-02
5.231999999999976e+00 3.468881550487724e-02
5.237999999999976e+00 2.930862173099493e-02
5.243999999999977e+00 2.392458622608649e-02
5.249999999999977e+00 1.853748201000189e-02
5.255999999999977e+00 1.314808255811199e-02
5.261999999999977e+00 7.757161689847594e-03
5.267999999999978e+00 2.365493457189504e-03
5.273999999999978e+00 -3.026147966874448e-03
5.279999999999978e+00 -8.416988399909297e-03
5.285999999999978e+00 -1.380625376159372e-02
5.291999999999978e+00 -1.919317018526562e-02
5.297999999999979e+00 -2.457696412943652e-02
5.303999999999979e+00 -2.995686248925856e-02
5.309999999999979e+00 -3.533209270792825e-02
5.315999999999979e+00 -4.070188288801077e-02
5.321999999999980e+00 -4.606546190266888e-02
5.327999999999980e+00 -5.142205950678042e-02
5.333999999999980e+00 -5.677090644792834e-02
5.339999999999980e+00 -6.211123457724740e-02
5.345999999999981e+00 -6.744227696011143e-02
5.351999999999981e+00 -7.276326798664530e-02
5.357999999999981e+00 -7.807344348204574e-02
5.363999999999981e+00 -8.337204081669504e-02
5.369999999999981e+00 -8.865829901605173e-02
5.375999999999982e+00 -9.393145887030259e-02
5.381999999999982e+00 -9.919076304376008e-02
5.387999999999982e+00 -1.044354561839894e-01
5.393999999999982e+00 -1.096647850306497e-01
5.399999999999983e+00 -1.148779985240334e-01
5.405999999999983e+00 -1.200743479132881e-01
5.411999999999983e+00 -1.252530868643062e-01
5.417999999999983e+00 -1.304134715672652e-01
5.423999999999984e+00 -1.355547608438050e-01
5.429999999999984e+00 -1.406762162538251e-01
5.435999999999984e+00 -1.457771022018874e-01
5.441999999999984e+00 -1.508566860432091e-01
5.447999999999984e+00 -1.559142381892301e-01
5.453999999999985e+00 -1.609490322127400e-01
5.459999999999985e+00 -1.659603449525491e-01
5.465999999999985e+00 -1.709474566176896e-01
5.471999999999985e+00 -1.759096508911300e-01
5.477999999999986e+00 -1.808462150329896e-01
5.483999999999986e+00 -1.857564399832373e-01
5.489999999999986e+00 -1.906396204638599e-01
5.495999999999986e+00 -1.954950550804858e-01
5.501999999999986e+00 -2.003220464234489e-01
5.507999999999987e+00 -2.051199011682781e-01
5.513999999999987e+00 -2.098879301755983e-01
5.519999999999987e+00 -2.146254485904287e-01
5.525999999999987e+00 -2.193317759408634e-01
5.531999999999988e+00 -2.240062362361204e-01
5.537999999999988e+00 -2.286481580639453e-01
5.543999999999988e+00 -2.332568746873551e-01
5.549999999999988e+00 -2.378317241407083e-01
5.555999999999989e+00 -2.423720493250880e-01
5.561999999999989e+00 -2.468771981029833e-01
5.567999999999989e+00 -2.513465233922562e-01
5.573999999999989e+00 -2.557793832593802e-01
5.579999999999989e+00 -2.601751410119370e-01
5.585999999999990e+00 -2.645331652903582e-01
5.591999999999990e+00 -2.688528301588989e-01
5.597999999999990e+00 -2.731335151958295e-01
5.603999999999990e+00 -2.773746055828335e-01
5.609999999999991e+00 -2.815754921935980e-01
5.615999999999991e+00 -2.857355716815841e-01
5.621999999999991e+00 -2.898542465669650e-01
5.627999999999991e+00 -2.939309253227183e-01
5.633999999999991e+00 -2.979650224598617e-01
5.639999999999992e+00 -3.019559586118180e-01
5.645999999999992e+00 -3.059031606178985e-01
5.651999999999992e+00 -3.098060616058927e-01
5.657999999999992e+00 -3.136641010737520e-01
5.663999999999993e+00 -3.174767249703553e-01
5.669999999999993e+00 -3.212433857753458e-01
5.675999999999993e+00 -3.249635425780274e-01
5.681999999999993e+00 -3.286366611553080e-01
5.687999999999994e+00 -3.322622140486804e-01
5.693999999999994e+00 -3.358396806402284e-01
5.699999999999994e+00 -3.393685472276475e-01
5.705999999999994e+00 -3.428483070982697e-01
5.711999999999994e+00 -3.462784606020812e-01
5.717999999999995e+00 -3.496585152237227e-01
5.723999999999995e+00 -3.529879856534628e-01
5.729999999999995e+00 -3.562663938571324e-01
5.735999999999995e+00 -3.594932691450118e-01
5.741999999999996e+00 -3.626681482396598e-01
5.747999999999996e+00 -3.657905753426749e-01
5.753999999999996e+00 -3.688601022003797e-01
5.759999999999996e+00 -3.718762881684180e-01
5.765999999999996e+00 -3.748387002752565e-01
5.771999999999997e+00 -3.777469132845805e-01
5.777999999999997e+00 -3.806005097565765e-01
5.783999999999997e+00 -3.833990801080908e-01
5.789999999999997e+00 -3.861422226716573e-01
5.795999999999998e+00 -3.888295437533844e-01
5.801999999999998e+00 -3.914606576896942e-01
5.807999999999998e+00 -3.940351869029045e-01
5.813999999999998e+00 -3.965527619556463e-01
5.819999999999999e+00 -3.990130216041090e-01
5.825999999999999e+00 -4.014156128501055e-01
5.831999999999999e+00 -4.037601909919489e-01
5.837999999999999e+00 -4.060464196741355e-01
5.843999999999999e+00 -4.082739709358248e-01
5.850000000000000e+00 -4.104425252581106e-01
5.856000000000000e+00 -4.125517716100761e-01
5.862000000000000e+00 -4.146014074936271e-01
5.868000000000000e+00 -4.165911389870950e-01
5.874000000000001e+00 -4.185206807876062e-01
5.880000000000001e+00 -4.203897562522085e-01
5.886000000000001e+00 -4.221980974377511e-01
5.892000000000001e+00 -4.239454451395115e-01
5.898000000000001e+00 -4.256315489285642e-01
5.904000000000002e+00 -4.272561671878840e-01
5.910000000000002e+00 -4.288190671471820e-01
5.916000000000002e+00 -4.303200249164662e-01
5.922000000000002e+00 -4.317588255183235e-01
5.928000000000003e+00 -4.331352629189180e-01
5.934000000000003e+00 -4.344491400577014e-01
5.940000000000003e+00 -4.357002688758303e-01
5.946000000000003e+00 -4.368884703432883e-01
5.952000000000004e+00 -4.380135744847062e-01
5.958000000000004e+00 -4.390754204038794e-01
5.964000000000004e+00 -4.400738563069767e-01
5.970000000000004e+00 -4.410087395244390e-01
5.976000000000004e+00 -4.418799365315630e-01
5.982000000000005e+00 -4.426873229677686e-01
5.988000000000005e+00 -4.434307836545458e-01
5.994000000000005e+00 -4.441102126120797e-01
