0.000000000000000e+00 0.000000000000000e+00
6.000000000000000e-03 3.599978400038880e-05
1.200000000000000e-02 1.435626065709388e-04
1.800000000000000e-02 3.222448577442111e-04
2.400000000000000e-02 5.715952474984027e-04
3.000000000000000e-02 8.911548554223060e-04
3.600000000000000e-02 1.280457181570675e-03
4.200000000000000e-02 1.739028198502126e-03
4.799999999999999e-02 2.266386404491540e-03
5.399999999999999e-02 2.862042877908753e-03
5.999999999999999e-02 3.525501332755179e-03
6.599999999999999e-02 4.256258175349812e-03
7.199999999999999e-02 5.053802562155942e-03
7.800000000000000e-02 5.917616458739700e-03
8.400000000000001e-02 6.847174699851433e-03
9.000000000000001e-02 7.841945050620736e-03
9.600000000000002e-02 8.901388268855797e-03
1.020000000000000e-01 1.002495816843758e-02
1.080000000000000e-01 1.121210168379918e-02
1.140000000000000e-01 1.246225893548064e-02
1.200000000000000e-01 1.377486329674913e-02
1.260000000000000e-01 1.514934146127450e-02
1.320000000000000e-01 1.658511351185003e-02
1.380000000000000e-01 1.808159299014774e-02
1.440000000000000e-01 1.963818696749801e-02
1.500000000000000e-01 2.125429611668261e-02
1.560000000000001e-01 2.292931478473039e-02
1.620000000000001e-01 2.466263106670473e-02
1.680000000000001e-01 2.645362688047150e-02
1.740000000000001e-01 2.830167804243639e-02
1.800000000000001e-01 3.020615434424020e-02
1.860000000000001e-01 3.216641963040054e-02
1.920000000000001e-01 3.418183187688834e-02
1.980000000000001e-01 3.625174327062735e-02
2.040000000000001e-01 3.837550028990470e-02
2.100000000000001e-01 4.055244378568053e-02
2.160000000000001e-01 4.278190906378451e-02
2.220000000000001e-01 4.506322596798688e-02
2.280000000000001e-01 4.739571896393174e-02
2.340000000000001e-01 4.977870722391985e-02
2.400000000000001e-01 5.221150471252847e-02
2.460000000000001e-01 5.469342027305543e-02
2.520000000000001e-01 5.722375771477437e-02
2.580000000000001e-01 5.980181590098839e-02
2.640000000000001e-01 6.242688883786878e-02
2.700000000000001e-01 6.509826576406580e-02
2.760000000000001e-01 6.781523124107793e-02
2.820000000000001e-01 7.057706524436638e-02
2.880000000000001e-01 7.338304325520122e-02
2.940000000000002e-01 7.623243635322535e-02
3.000000000000002e-01 7.912451130972288e-02
3.060000000000002e-01 8.205853068157762e-02
3.120000000000002e-01 8.503375290590817e-02
3.180000000000002e-01 8.804943239536531e-02
3.240000000000002e-01 9.110481963407760e-02
3.300000000000002e-01 9.419916127423099e-02
3.360000000000002e-01 9.733170023326815e-02
3.420000000000002e-01 1.005016757916930e-01
3.480000000000002e-01 1.037083236914662e-01
3.540000000000002e-01 1.069508762349766e-01
3.600000000000002e-01 1.102285623845745e-01
3.660000000000002e-01 1.135406078626517e-01
3.720000000000002e-01 1.168862352522536e-01
3.780000000000002e-01 1.202646640982082e-01
3.840000000000002e-01 1.236751110087578e-01
3.900000000000002e-01 1.271167897576775e-01
3.960000000000002e-01 1.305889113868660e-01
4.020000000000002e-01 1.340906843093929e-01
4.080000000000003e-01 1.376213144129886e-01
4.140000000000003e-01 1.411800051639598e-01
4.200000000000003e-01 1.447659577115166e-01
4.260000000000003e-01 1.483783709924949e-01
4.320000000000003e-01 1.520164418364594e-01
4.380000000000003e-01 1.556793650711713e-01
4.440000000000003e-01 1.593663336284052e-01
4.500000000000003e-01 1.630765386500993e-01
4.560000000000003e-01 1.668091695948238e-01
4.620000000000003e-01 1.705634143445518e-01
4.680000000000003e-01 1.743384593117162e-01
4.740000000000003e-01 1.781334895465378e-01
4.800000000000003e-01 1.819476888446079e-01
4.860000000000003e-01 1.857802398547106e-01
4.920000000000003e-01 1.896303241868676e-01
4.980000000000003e-01 1.934971225205911e-01
5.040000000000003e-01 1.973798147133273e-01
5.100000000000003e-01 2.012775799090759e-01
5.160000000000003e-01 2.051895966471688e-01
5.220000000000004e-01 2.091150429711925e-01
5.280000000000004e-01 2.130530965380372e-01
5.340000000000004e-01 2.170029347270585e-01
5.400000000000004e-01 2.209637347493330e-01
5.460000000000004e-01 2.249346737569944e-01
5.520000000000004e-01 2.289149289526319e-01
5.580000000000004e-01 2.329036776987365e-01
5.640000000000004e-01 2.369000976271775e-01
5.700000000000004e-01 2.409033667486944e-01
5.760000000000004e-01 2.449126635623880e-01
5.820000000000004e-01 2.489271671651933e-01
5.880000000000004e-01 2.529460573613201e-01
5.940000000000004e-01 2.569685147716433e-01
6.000000000000004e-01 2.609937209430286e-01
6.060000000000004e-01 2.650208584575761e-01
6.120000000000004e-01 2.690491110417664e-01
6.180000000000004e-01 2.730776636754934e-01
6.240000000000004e-01 2.771057027009672e-01
6.300000000000004e-01 2.811324159314720e-01
6.360000000000005e-01 2.851569927599613e-01
6.420000000000005e-01 2.891786242674769e-01
6.480000000000005e-01 2.931965033313741e-01
6.540000000000005e-01 2.972098247333371e-01
6.600000000000005e-01 3.012177852671699e-01
6.660000000000005e-01 3.052195838463458e-01
6.720000000000005e-01 3.092144216113012e-01
6.780000000000005e-01 3.132015020364552e-01
6.840000000000005e-01 3.171800310369428e-01
6.900000000000005e-01 3.211492170750431e-01
6.960000000000005e-01 3.251082712662888e-01
7.020000000000005e-01 3.290564074852405e-01
7.080000000000005e-01 3.329928424709100e-01
7.140000000000005e-01 3.369167959318186e-01
7.200000000000005e-01 3.408274906506732e-01
7.260000000000005e-01 3.447241525886463e-01
7.320000000000005e-01 3.486060109892434e-01
7.380000000000005e-01 3.524722984817437e-01
7.440000000000005e-01 3.563222511841984e-01
7.500000000000006e-01 3.601551088059706e-01
7.560000000000006e-01 3.639701147498042e-01
7.620000000000006e-01 3.677665162134038e-01
7.680000000000006e-01 3.715435642905134e-01
7.740000000000006e-01 3.753005140714769e-01
7.800000000000006e-01 3.790366247432673e-01
7.860000000000006e-01 3.827511596889691e-01
7.920000000000006e-01 3.864433865866994e-01
7.980000000000006e-01 3.901125775079536e-01
8.040000000000006e-01 3.937580090153605e-01
8.100000000000006e-01 3.973789622598332e-01
8.160000000000006e-01 4.009747230771016e-01
8.220000000000006e-01 4.045445820836116e-01
8.280000000000006e-01 4.080878347717773e-01
8.340000000000006e-01 4.116037816045732e-01
8.400000000000006e-01 4.150917281094503e-01
8.460000000000006e-01 4.185509849715652e-01
8.520000000000006e-01 4.219808681263056e-01
8.580000000000007e-01 4.253806988511012e-01
8.640000000000007e-01 4.287498038565049e-01
8.700000000000007e-01 4.320875153765309e-01
8.760000000000007e-01 4.353931712582385e-01
8.820000000000007e-01 4.386661150505451e-01
8.880000000000007e-01 4.419056960922588e-01
8.940000000000007e-01 4.451112695993153e-01
9.000000000000007e-01 4.482821967512071e-01
9.060000000000007e-01 4.514178447765927e-01
9.120000000000007e-01 4.545175870380730e-01
9.180000000000007e-01 4.575808031161216e-01
9.240000000000007e-01 4.606068788921586e-01
9.300000000000007e-01 4.635952066307533e-01
9.360000000000007e-01 4.665451850609461e-01
9.420000000000007e-01 4.694562194566758e-01
9.480000000000007e-01 4.723277217163015e-01
9.540000000000007e-01 4.751591104412077e-01
9.600000000000007e-01 4.779498110134795e-01
9.660000000000007e-01 4.806992556726385e-01
9.720000000000008e-01 4.834068835914268e-01
9.780000000000008e-01 4.860721409506281e-01
9.840000000000008e-01 4.886944810129160e-01
9.900000000000008e-01 4.912733641957165e-01
9.960000000000008e-01 4.938082581430768e-01
1.002000000000001e+00 4.962986377965273e-01
1.008000000000001e+00 4.987439854649278e-01
1.014000000000001e+00 5.011437908932873e-01
1.020000000000001e+00 5.034975513305474e-01
1.026000000000001e+00 5.058047715963186e-01
1.032000000000001e+00 5.080649641465614e-01
1.038000000000001e+00 5.102776491382002e-01
1.044000000000001e+00 5.124423544926622e-01
1.050000000000001e+00 5.145586159583322e-01
1.056000000000001e+00 5.166259771719121e-01
1.062000000000001e+00 5.186439897186781e-01
1.068000000000001e+00 5.206122131916261e-01
1.074000000000001e+00 5.225302152494958e-01
1.080000000000001e+00 5.243975716736664e-01
1.086000000000001e+00 5.262138664239140e-01
1.092000000000001e+00 5.279786916930237e-01
1.098000000000001e+00 5.296916479602477e-01
1.104000000000001e+00 5.313523440436015e-01
1.110000000000001e+00 5.329603971509910e-01
1.116000000000001e+00 5.345154329301620e-01
1.122000000000001e+00 5.360170855174664e-01
1.128000000000001e+00 5.374649975854352e-01
1.134000000000001e+00 5.388588203891544e-01
1.140000000000001e+00 5.401982138114347e-01
1.146000000000001e+00 5.414828464067688e-01
1.152000000000001e+00 5.427123954440705e-01
1.158000000000001e+00 5.438865469481887e-01
1.164000000000001e+00 5.450049957401901e-01
1.170000000000001e+00 5.460674454764046e-01
1.176000000000001e+00 5.470736086862281e-01
1.182000000000001e+00 5.480232068086764e-01
1.188000000000001e+00 5.489159702276855e-01
1.194000000000001e+00 5.497516383061518e-01
1.200000000000001e+00 5.505299594187093e-01
1.206000000000001e+00 5.512506909832362e-01
1.212000000000001e+00 5.519135994910884e-01
1.218000000000001e+00 5.525184605360542e-01
1.224000000000001e+00 5.530650588420266e-01
1.230000000000001e+00 5.535531882893878e-01
1.236000000000001e+00 5.539826519401039e-01
1.242000000000001e+00 5.543532620615239e-01
1.248000000000001e+00 5.546648401488813e-01
1.254000000000001e+00 5.549172169464932e-01
1.260000000000001e+00 5.551102324676549e-01
1.266000000000001e+00 5.552437360132267e-01
1.272000000000001e+00 5.553175861889097e-01
1.278000000000001e+00 5.553316509212082e-01
1.284000000000001e+00 5.552858074720762e-01
1.290000000000001e+00 5.551799424522463e-01
1.296000000000001e+00 5.550139518332373e-01
1.302000000000001e+00 5.547877409580407e-01
1.308000000000001e+00 5.545012245504831e-01
1.314000000000001e+00 5.541543267232630e-01
1.320000000000001e+00 5.537469809846615e-01
1.326000000000001e+00 5.532791302439248e-01
1.332000000000001e+00 5.527507268153187e-01
1.338000000000001e+00 5.521617324208525e-01
1.344000000000001e+00 5.515121181916749e-01
1.350000000000001e+00 5.508018646681375e-01
1.356000000000001e+00 5.500309617985295e-01
1.362000000000001e+00 5.491994089364811e-01
1.368000000000001e+00 5.483072148370370e-01
1.374000000000001e+00 5.473543976514007e-01
1.380000000000001e+00 5.463409849203483e-01
1.386000000000001e+00 5.452670135663157e-01
1.392000000000001e+00 5.441325298841569e-01
1.398000000000001e+00 5.429375895305775e-01
1.404000000000001e+00 5.416822575122421e-01
1.410000000000001e+00 5.403666081725599e-01
1.416000000000001e+00 5.389907251771480e-01
1.422000000000001e+00 5.375547014979751e-01
1.428000000000001e+00 5.360586393961889e-01
1.434000000000001e+00 5.345026504036272e-01
1.440000000000001e+00 5.328868553030175e-01
1.446000000000001e+00 5.312113841068664e-01
1.452000000000001e+00 5.294763760350428e-01
1.458000000000001e+00 5.276819794910562e-01
1.464000000000001e+00 5.258283520370358e-01
1.470000000000001e+00 5.239156603674117e-01
1.476000000000001e+00 5.219440802813031e-01
1.482000000000001e+00 5.199137966536177e-01
1.488000000000001e+00 5.178250034048640e-01
1.494000000000001e+00 5.156779034696843e-01
1.500000000000001e+00 5.134727087641094e-01
1.506000000000001e+00 5.112096401515419e-01
1.512000000000001e+00 5.088889274074716e-01
1.518000000000001e+00 5.065108091829287e-01
1.524000000000001e+00 5.040755329666794e-01
1.530000000000001e+00 5.015833550461699e-01
1.536000000000001e+00 4.990345404672229e-01
1.542000000000001e+00 4.964293629924943e-01
1.548000000000001e+00 4.937681050586943e-01
1.554000000000001e+00 4.910510577325798e-01
1.560000000000001e+00 4.882785206657236e-01
1.566000000000001e+00 4.854508020480680e-01
1.572000000000001e+00 4.825682185602677e-01
1.578000000000001e+00 4.796310953248308e-01
1.584000000000001e+00 4.766397658560624e-01
1.590000000000001e+00 4.735945720088202e-01
1.596000000000001e+00 4.704958639260874e-01
1.602000000000001e+00 4.673439999853728e-01
1.608000000000001e+00 4.641393467439420e-01
1.614000000000001e+00 4.608822788828917e-01
1.620000000000001e+00 4.575731791500715e-01
1.626000000000001e+00 4.542124383018637e-01
1.632000000000001e+00 4.508004550438282e-01
1.638000000000001e+00 4.473376359702210e-01
1.644000000000001e+00 4.438243955023951e-01
1.650000000000001e+00 4.402611558260929e-01
1.656000000000001e+00 4.366483468276387e-01
1.662000000000001e+00 4.329864060290395e-01
1.668000000000001e+00 4.292757785220055e-01
1.674000000000001e+00 4.255169169008973e-01
1.680000000000001e+00 4.217102811946110e-01
1.686000000000001e+00 4.178563387974100e-01
1.692000000000001e+00 4.139555643987144e-01
1.698000000000001e+00 4.100084399118562e-01
1.704000000000001e+00 4.060154544018125e-01
1.710000000000001e+00 4.019771040119255e-01
1.716000000000001e+00 3.978938918896208e-01
1.722000000000001e+00 3.937663281111335e-01
1.728000000000001e+00 3.895949296052540e-01
1.734000000000001e+00 3.853802200761033e-01
1.740000000000001e+00 3.811227299249499e-01
1.746000000000001e+00 3.768229961710785e-01
1.752000000000001e+00 3.724815623717223e-01
1.758000000000001e+00 3.680989785410702e-01
1.764000000000001e+00 3.636758010683606e-01
1.770000000000001e+00 3.592125926350731e-01
1.776000000000001e+00 3.547099221312308e-01
1.782000000000001e+00 3.501683645708239e-01
1.788000000000001e+00 3.455885010063676e-01
1.794000000000001e+00 3.409709184426065e-01
1.800000000000001e+00 3.363162097493773e-01
1.806000000000001e+00 3.316249735736426e-01
1.812000000000001e+00 3.268978142507086e-01
1.818000000000001e+00 3.221353417146385e-01
1.824000000000001e+00 3.173381714078757e-01
1.830000000000001e+00 3.125069241900886e-01
1.836000000000001e+00 3.076422262462506e-01
1.842000000000001e+00 3.027447089939687e-01
1.848000000000001e+00 2.978150089900724e-01
1.854000000000001e+00 2.928537678364793e-01
1.860000000000001e+00 2.878616320853471e-01
1.866000000000001e+00 2.828392531435289e-01
1.872000000000001e+00 2.777872871763431e-01
1.878000000000001e+00 2.727063950106733e-01
1.884000000000001e+00 2.675972420374110e-01
1.890000000000001e+00 2.624604981132553e-01
1.896000000000001e+00 2.572968374618843e-01
1.902000000000001e+00 2.521069385745116e-01
1.908000000000001e+00 2.468914841098420e-01
1.914000000000001e+00 2.416511607934418e-01
1.920000000000001e+00 2.363866593165370e-01
1.926000000000001e+00 2.310986742342542e-01
1.932000000000001e+00 2.257879038633190e-01
1.938000000000001e+00 2.204550501792267e-01
1.944000000000002e+00 2.151008187128991e-01
1.950000000000002e+00 2.097259184468437e-01
1.956000000000002e+00 2.043310617108284e-01
1.962000000000002e+00 1.989169640770881e-01
1.968000000000002e+00 1.934843442550778e-01
1.974000000000002e+00 1.880339239857864e-01
1.980000000000002e+00 1.825664279356281e-01
1.986000000000002e+00 1.770825835899247e-01
1.992000000000002e+00 1.715831211459956e-01
1.998000000000002e+00 1.660687734058696e-01
2.004000000000001e+00 1.605402756686347e-01
2.010000000000001e+00 1.549983656224413e-01
2.016000000000001e+00 1.494437832361736e-01
2.022000000000001e+00 1.438772706508053e-01
2.028000000000000e+00 1.382995720704551e-01
2.034000000000000e+00 1.327114336531577e-01
2.040000000000000e+00 1.271136034013653e-01
2.046000000000000e+00 1.215068310521964e-01
2.052000000000000e+00 1.158918679674462e-01
2.057999999999999e+00 1.102694670233764e-01
2.063999999999999e+00 1.046403825002976e-01
2.069999999999999e+00 9.900536997196258e-02
2.075999999999999e+00 9.336518619478459e-02
2.081999999999999e+00 8.772058899689765e-02
2.087999999999998e+00 8.207233716707388e-02
2.093999999999998e+00 7.642119034351454e-02
2.099999999999998e+00 7.076790890253015e-02
2.105999999999998e+00 6.511325384712606e-02
2.111999999999997e+00 5.945798669550914e-02
2.117999999999997e+00 5.380286936953182e-02
2.123999999999997e+00 4.814866408308928e-02
2.129999999999997e+00 4.249613323048589e-02
2.135999999999997e+00 3.684603927478696e-02
2.141999999999996e+00 3.119914463617165e-02
2.147999999999996e+00 2.555621158030320e-02
2.153999999999996e+00 1.991800210673246e-02
2.159999999999996e+00 1.428527783735059e-02
2.165999999999995e+00 8.658799904907168e-03
2.171999999999995e+00 3.039328841609434e-03
2.177999999999995e+00 -2.572375532181126e-03
2.183999999999995e+00 -8.175554219139059e-03
2.189999999999995e+00 -1.376944915603605e-02
2.195999999999994e+00 -1.935330332465696e-02
2.201999999999994e+00 -2.492636086255485e-02
2.207999999999994e+00 -3.048786717362920e-02
2.213999999999994e+00 -3.603706903851130e-02
2.219999999999994e+00 -4.157321472474118e-02
2.225999999999993e+00 -4.709555409672007e-02
2.231999999999993e+00 -5.260333872542280e-02
2.237999999999993e+00 -5.809582199785428e-02
2.243999999999993e+00 -6.357225922623440e-02
2.249999999999992e+00 -6.903190775689572e-02
2.255999999999992e+00 -7.447402707887826e-02
2.261999999999992e+00 -7.989787893220590e-02
2.267999999999992e+00 -8.530272741582873e-02
2.273999999999992e+00 -9.068783909521601e-02
2.279999999999991e+00 -9.605248310958421e-02
2.285999999999991e+00 -1.013959312787448e-01
2.291999999999991e+00 -1.067174582095564e-01
2.297999999999991e+00 -1.120163414019661e-01
2.303999999999991e+00 -1.172918613546245e-01
2.309999999999990e+00 -1.225433016700602e-01
2.315999999999990e+00 -1.277699491593965e-01
2.321999999999990e+00 -1.329710939465988e-01
2.327999999999990e+00 -1.381460295722337e-01
2.333999999999989e+00 -1.432940530967282e-01
2.339999999999989e+00 -1.484144652031127e-01
2.345999999999989e+00 -1.535065702992324e-01
2.351999999999989e+00 -1.585696766194146e-01
2.357999999999989e+00 -1.636030963255747e-01
2.363999999999988e+00 -1.686061456077492e-01
2.369999999999988e+00 -1.735781447840379e-01
2.375999999999988e+00 -1.785184183999446e-01
2.381999999999988e+00 -1.834262953270994e-01
2.387999999999987e+00 -1.883011088613492e-01
2.393999999999987e+00 -1.931421968202028e-01
2.399999999999987e+00 -1.979489016396164e-01
2.405999999999987e+00 -2.027205704701052e-01
2.411999999999987e+00 -2.074565552721673e-01
2.417999999999986e+00 -2.121562129110074e-01
2.423999999999986e+00 -2.168189052505450e-01
2.429999999999986e+00 -2.214439992466947e-01
2.435999999999986e+00 -2.260308670399049e-01
2.441999999999986e+00 -2.305788860469420e-01
2.447999999999985e+00 -2.350874390519062e-01
2.453999999999985e+00 -2.395559142964663e-01
2.459999999999985e+00 -2.439837055693007e-01
2.465999999999985e+00 -2.483702122947313e-01
2.471999999999984e+00 -2.527148396205383e-01
2.477999999999984e+00 -2.570169985049423e-01
2.483999999999984e+00 -2.612761058027422e-01
2.489999999999984e+00 -2.654915843505961e-01
2.495999999999984e+00 -2.696628630514325e-01
2.501999999999983e+00 -2.737893769579810e-01
2.507999999999983e+00 -2.778705673554090e-01
2.513999999999983e+00 -2.819058818430535e-01
2.519999999999983e+00 -2.858947744152364e-01
2.525999999999982e+00 -2.898367055411503e-01
2.531999999999982e+00 -2.937311422438058e-01
2.537999999999982e+00 -2.975775581780263e-01
2.543999999999982e+00 -3.013754337074812e-01
2.549999999999982e+00 -3.051242559807449e-01
2.555999999999981e+00 -3.088235190063723e-01
2.561999999999981e+00 -3.124727237269783e-01
2.567999999999981e+00 -3.160713780923119e-01
2.573999999999981e+00 -3.196189971313142e-01
2.579999999999981e+00 -3.231151030231494e-01
2.585999999999980e+00 -3.265592251671996e-01
2.591999999999980e+00 -3.299509002520119e-01
2.597999999999980e+00 -3.332896723231898e-01
2.603999999999980e+00 -3.365750928502177e-01
2.609999999999979e+00 -3.398067207922090e-01
2.615999999999979e+00 -3.429841226625694e-01
2.621999999999979e+00 -3.461068725925656e-01
2.627999999999979e+00 -3.491745523937891e-01
2.633999999999979e+00 -3.521867516195086e-01
2.639999999999978e+00 -3.551430676248998e-01
2.645999999999978e+00 -3.580431056261456e-01
2.651999999999978e+00 -3.608864787583973e-01
2.657999999999978e+00 -3.636728081325890e-01
2.663999999999977e+00 -3.664017228910968e-01
2.669999999999977e+00 -3.690728602622351e-01
2.675999999999977e+00 -3.716858656135814e-01
2.681999999999977e+00 -3.742403925041234e-01
2.687999999999977e+00 -3.767361027352196e-01
2.693999999999976e+00 -3.791726664003665e-01
2.699999999999976e+00 -3.815497619337656e-01
2.705999999999976e+00 -3.838670761576831e-01
2.711999999999976e+00 -3.861243043285951e-01
2.717999999999976e+00 -3.883211501821121e-01
2.723999999999975e+00 -3.904573259766765e-01
2.729999999999975e+00 -3.925325525360267e-01
2.735999999999975e+00 -3.945465592904209e-01
2.741999999999975e+00 -3.964990843166164e-01
2.747999999999974e+00 -3.983898743765974e-01
2.753999999999974e+00 -4.002186849550456e-01
2.759999999999974e+00 -4.019852802955498e-01
2.765999999999974e+00 -4.036894334355468e-01
2.771999999999974e+00 -4.053309262399917e-01
2.777999999999973e+00 -4.069095494337499e-01
2.783999999999973e+00 -4.084251026327076e-01
2.789999999999973e+00 -4.098773943735970e-01
2.795999999999973e+00 -4.112662421425303e-01
2.801999999999973e+00 -4.125914724022390e-01
2.807999999999972e+00 -4.138529206180161e-01
2.813999999999972e+00 -4.150504312823549e-01
2.819999999999972e+00 -4.161838579382829e-01
2.825999999999972e+00 -4.172530632013872e-01
2.831999999999971e+00 -4.182579187805264e-01
2.837999999999971e+00 -4.191983054972296e-01
2.843999999999971e+00 -4.200741133037756e-01
2.849999999999971e+00 -4.208852412999537e-01
2.855999999999971e+00 -4.216315977485000e-01
2.861999999999970e+00 -4.223131000892102e-01
2.867999999999970e+00 -4.229296749517250e-01
2.873999999999970e+00 -4.234812581669867e-01
2.879999999999970e+00 -4.239677947773655e-01
2.885999999999969e+00 -4.243892390454546e-01
2.891999999999969e+00 -4.247455544615315e-01
2.897999999999969e+00 -4.250367137496859e-01
2.903999999999969e+00 -4.252626988726127e-01
2.909999999999969e+00 -4.254235010350690e-01
2.915999999999968e+00 -4.255191206859960e-01
2.921999999999968e+00 -4.255495675193032e-01
2.927999999999968e+00 -4.255148604733183e-01
2.933999999999968e+00 -4.254150277288987e-01
2.939999999999968e+00 -4.252501067062087e-01
2.945999999999967e+00 -4.250201440601604e-01
2.951999999999967e+00 -4.247251956745204e-01
2.957999999999967e+00 -4.243653266546817e-01
2.963999999999967e+00 -4.239406113191042e-01
2.969999999999966e+00 -4.234511331894223e-01
2.975999999999966e+00 -4.228969849792233e-01
2.981999999999966e+00 -4.222782685814969e-01
2.987999999999966e+00 -4.215950950547586e-01
2.993999999999966e+00 -4.208475846078475e-01
2.999999999999965e+00 -4.200358665834031e-01
3.005999999999965e+00 -4.191600794400213e-01
3.011999999999965e+00 -4.182203707330929e-01
3.017999999999965e+00 -4.172168970943280e-01
3.023999999999964e+00 -4.161498242099689e-01
3.029999999999964e+00 -4.150193267976940e-01
3.035999999999964e+00 -4.138255885822171e-01
3.041999999999964e+00 -4.125688022695849e-01
3.047999999999964e+00 -4.112491695201769e-01
3.053999999999963e+00 -4.098669009204114e-01
3.059999999999963e+00 -4.084222159531615e-01
3.065999999999963e+00 -4.069153429668855e-01
3.071999999999963e+00 -4.053465191434772e-01
3.077999999999963e+00 -4.037159904648384e-01
3.083999999999962e+00 -4.020240116781808e-01
3.089999999999962e+00 -4.002708462600615e-01
3.095999999999962e+00 -3.984567663791563e-01
3.101999999999962e+00 -3.965820528577783e-01
3.107999999999961e+00 -3.946469951321449e-01
3.113999999999961e+00 -3.926518912114011e-01
3.119999999999961e+00 -3.905970476354037e-01
3.125999999999961e+00 -3.884827794312732e-01
3.131999999999961e+00 -3.863094100687189e-01
3.137999999999960e+00 -3.840772714141447e-01
3.143999999999960e+00 -3.817867036835417e-01
3.149999999999960e+00 -3.794380553941736e-01
3.155999999999960e+00 -3.770316833150638e-01
3.161999999999960e+00 -3.745679524162896e-01
3.167999999999959e+00 -3.720472358170913e-01
3.173999999999959e+00 -3.694699147328045e-01
3.179999999999959e+00 -3.668363784206220e-01
3.185999999999959e+00 -3.641470241241942e-01
3.191999999999958e+00 -3.614022570170752e-01
3.197999999999958e+00 -3.586024901450234e-01
3.203999999999958e+00 -3.557481443671646e-01
3.209999999999958e+00 -3.528396482960260e-01
3.215999999999958e+00 -3.498774382364502e-01
3.221999999999957e+00 -3.468619581233974e-01
3.227999999999957e+00 -3.437936594586454e-01
3.233999999999957e+00 -3.406730012463960e-01
3.239999999999957e+00 -3.375004499277976e-01
3.245999999999956e+00 -3.342764793143929e-01
3.251999999999956e+00 -3.310015705205019e-01
3.257999999999956e+00 -3.276762118945495e-01
3.263999999999956e+00 -3.243008989493475e-01
3.269999999999956e+00 -3.208761342913423e-01
3.275999999999955e+00 -3.174024275488361e-01
3.281999999999955e+00 -3.138802952991944e-01
3.287999999999955e+00 -3.103102609950493e-01
3.293999999999955e+00 -3.066928548895089e-01
3.299999999999955e+00 -3.030286139603836e-01
3.305999999999954e+00 -2.993180818334418e-01
3.311999999999954e+00 -2.955618087047033e-01
3.317999999999954e+00 -2.917603512617843e-01
3.323999999999954e+00 -2.879142726043040e-01
3.329999999999953e+00 -2.840241421633635e-01
3.335999999999953e+00 -2.800905356201115e-01
3.341999999999953e+00 -2.761140348234045e-01
3.347999999999953e+00 -2.720952277065773e-01
3.353999999999953e+00 -2.680347082033329e-01
3.359999999999952e+00 -2.639330761627653e-01
3.365999999999952e+00 -2.597909372635278e-01
3.371999999999952e+00 -2.556089029271579e-01
3.377999999999952e+00 -2.513875902305721e-01
3.383999999999951e+00 -2.471276218177434e-01
3.389999999999951e+00 -2.428296258105741e-01
3.395999999999951e+00 -2.384942357189755e-01
3.401999999999951e+00 -2.341220903501702e-01
3.407999999999951e+00 -2.297138337172272e-01
3.413999999999950e+00 -2.252701149468448e-01
3.419999999999950e+00 -2.207915881863937e-01
3.425999999999950e+00 -2.162789125102347e-01
3.431999999999950e+00 -2.117327518253229e-01
3.437999999999950e+00 -2.071537747761137e-01
3.443999999999949e+00 -2.025426546487834e-01
3.449999999999949e+00 -1.979000692747781e-01
3.455999999999949e+00 -1.932267009337056e-01
3.461999999999949e+00 -1.885232362555832e-01
3.467999999999948e+00 -1.837903661224566e-01
3.473999999999948e+00 -1.790287855694034e-01
3.479999999999948e+00 -1.742391936849351e-01
3.485999999999948e+00 -1.694222935108139e-01
3.491999999999948e+00 -1.645787919412958e-01
3.497999999999947e+00 -1.597093996218167e-01
3.503999999999947e+00 -1.548148308471358e-01
3.509999999999947e+00 -1.498958034589503e-01
3.515999999999947e+00 -1.449530387429966e-01
3.521999999999947e+00 -1.399872613256526e-01
3.527999999999946e+00 -1.349991990700564e-01
3.533999999999946e+00 -1.299895829717563e-01
3.539999999999946e+00 -1.249591470539061e-01
3.545999999999946e+00 -1.199086282620230e-01
3.551999999999945e+00 -1.148387663583211e-01
3.557999999999945e+00 -1.097503038156366e-01
3.563999999999945e+00 -1.046439857109600e-01
3.569999999999945e+00 -9.952055961859155e-02
3.575999999999945e+00 -9.438077550293281e-02
3.581999999999944e+00 -8.922538561093278e-02
3.587999999999944e+00 -8.405514436420206e-02
3.593999999999944e+00 -7.887080825081136e-02
3.599999999999944e+00 -7.367313571678996e-02
3.605999999999943e+00 -6.846288705733954e-02
3.611999999999943e+00 -6.324082430777914e-02
3.617999999999943e+00 -5.800771113423713e-02
3.623999999999943e+00 -5.276431272410572e-02
3.629999999999943e+00 -4.751139567627388e-02
3.635999999999942e+00 -4.224972789115453e-02
3.641999999999942e+00 -3.698007846052188e-02
3.647999999999942e+00 -3.170321755717459e-02
3.653999999999942e+00 -2.641991632444100e-02
3.659999999999942e+00 -2.113094676554199e-02
3.665999999999941e+00 -1.583708163282767e-02
3.671999999999941e+00 -1.053909431690381e-02
3.677999999999941e+00 -5.237758735663879e-03
3.683999999999941e+00 6.615077675719682e-05
3.689999999999940e+00 5.371859581091545e-03
3.695999999999940e+00 1.067859284409321e-02
3.701999999999940e+00 1.598557564972328e-02
3.707999999999940e+00 2.129203311034924e-02
3.713999999999940e+00 2.659719047794257e-02
3.719999999999939e+00 3.190027325525858e-02
3.725999999999939e+00 3.720050730698231e-02
3.731999999999939e+00 4.249711897082475e-02
3.737999999999939e+00 4.778933516855303e-02
3.743999999999938e+00 5.307638351693893e-02
3.749999999999938e+00 5.835749243860937e-02
3.755999999999938e+00 6.363189127278324e-02
3.761999999999938e+00 6.889881038587831e-02
3.767999999999938e+00 7.415748128197254e-02
3.773999999999937e+00 7.940713671310368e-02
3.779999999999937e+00 8.464701078939131e-02
3.785999999999937e+00 8.987633908896560e-02
3.791999999999937e+00 9.509435876768665e-02
3.797999999999937e+00 1.003003086686389e-01
3.803999999999936e+00 1.054934294313847e-01
3.809999999999936e+00 1.106729636009610e-01
3.815999999999936e+00 1.158381557366044e-01
3.821999999999936e+00 1.209882525201876e-01
3.827999999999935e+00 1.261225028643524e-01
3.833999999999935e+00 1.312401580203237e-01
3.839999999999935e+00 1.363404716853890e-01
3.845999999999935e+00 1.414227001100270e-01
3.851999999999935e+00 1.464861022046710e-01
3.857999999999934e+00 1.515299396460916e-01
3.863999999999934e+00 1.565534769833824e-01
3.869999999999934e+00 1.615559817435345e-01
3.875999999999934e+00 1.665367245365838e-01
3.881999999999934e+00 1.714949791603170e-01
3.887999999999933e+00 1.764300227045195e-01
3.893999999999933e+00 1.813411356547522e-01
3.899999999999933e+00 1.862276019956404e-01
3.905999999999933e+00 1.910887093136614e-01
3.911999999999932e+00 1.959237488994151e-01
3.917999999999932e+00 2.007320158493627e-01
3.923999999999932e+00 2.055128091670201e-01
3.929999999999932e+00 2.102654318635896e-01
3.935999999999932e+00 2.149891910580172e-01
3.941999999999931e+00 2.196833980764597e-01
3.947999999999931e+00 2.243473685511480e-01
3.953999999999931e+00 2.289804225186320e-01
3.959999999999931e+00 2.335818845173933e-01
3.965999999999930e+00 2.381510836848115e-01
3.971999999999930e+00 2.426873538534696e-01
3.977999999999930e+00 2.471900336467855e-01
3.983999999999930e+00 2.516584665739555e-01
3.989999999999930e+00 2.560920011241954e-01
3.995999999999929e+00 2.604899908602668e-01
4.001999999999930e+00 2.648517945112745e-01
4.007999999999930e+00 2.691767760647213e-01
4.013999999999930e+00 2.734643048578079e-01
4.019999999999930e+00 2.777137556679634e-01
4.025999999999931e+00 2.819245088025948e-01
4.031999999999931e+00 2.860959501880419e-01
4.037999999999931e+00 2.902274714577238e-01
4.043999999999931e+00 2.943184700394665e-01
4.049999999999931e+00 2.983683492419971e-01
4.055999999999932e+00 3.023765183405926e-01
4.061999999999932e+00 3.063423926618720e-01
4.067999999999932e+00 3.102653936677174e-01
4.073999999999932e+00 3.141449490383147e-01
4.079999999999933e+00 3.179804927542996e-01
4.085999999999933e+00 3.217714651779974e-01
4.091999999999933e+00 3.255173131337470e-01
4.097999999999933e+00 3.292174899872948e-01
4.103999999999933e+00 3.328714557242481e-01
4.109999999999934e+00 3.364786770275778e-01
4.115999999999934e+00 3.400386273541574e-01
4.121999999999934e+00 3.435507870103282e-01
4.127999999999934e+00 3.470146432264800e-01
4.133999999999935e+00 3.504296902306364e-01
4.139999999999935e+00 3.537954293210334e-01
4.145999999999935e+00 3.571113689376816e-01
4.151999999999935e+00 3.603770247329023e-01
4.157999999999936e+00 3.635919196408249e-01
4.163999999999936e+00 3.667555839458388e-01
4.169999999999936e+00 3.698675553499878e-01
4.175999999999936e+00 3.729273790392970e-01
4.181999999999936e+00 3.759346077490248e-01
4.187999999999937e+00 3.788888018278285e-01
4.193999999999937e+00 3.817895293008352e-01
4.199999999999937e+00 3.846363659316085e-01
4.205999999999937e+00 3.874288952830028e-01
4.211999999999938e+00 3.901667087768956e-01
4.217999999999938e+00 3.928494057527890e-01
4.223999999999938e+00 3.954765935252738e-01
4.229999999999938e+00 3.980478874403452e-01
4.235999999999938e+00 4.005629109305641e-01
4.241999999999939e+00 4.030212955690553e-01
4.247999999999939e+00 4.054226811223345e-01
4.253999999999939e+00 4.077667156019572e-01
4.259999999999939e+00 4.100530553149812e-01
4.265999999999940e+00 4.122813649132365e-01
4.271999999999940e+00 4.144513174413945e-01
4.277999999999940e+00 4.165625943838297e-01
4.283999999999940e+00 4.186148857102682e-01
4.289999999999941e+00 4.206078899202148e-01
4.295999999999941e+00 4.225413140861536e-01
4.301999999999941e+00 4.244148738955157e-01
4.307999999999941e+00 4.262282936914064e-01
4.313999999999941e+00 4.279813065120886e-01
4.319999999999942e+00 4.296736541292149e-01
4.325999999999942e+00 4.313050870848033e-01
4.331999999999942e+00 4.328753647269509e-01
4.337999999999942e+00 4.343842552442815e-01
4.343999999999943e+00 4.358315356991211e-01
4.349999999999943e+00 4.372169920593965e-01
4.355999999999943e+00 4.385404192292531e-01
4.361999999999943e+00 4.398016210783873e-01
4.367999999999943e+00 4.410004104700883e-01
4.373999999999944e+00 4.421366092879869e-01
4.379999999999944e+00 4.432100484615062e-01
4.385999999999944e+00 4.442205679900108e-01
4.391999999999944e+00 4.451680169656510e-01
4.397999999999945e+00 4.460522535948997e-01
4.403999999999945e+00 4.468731452187767e-01
4.409999999999945e+00 4.476305683317601e-01
4.415999999999945e+00 4.483244085993795e-01
4.421999999999946e+00 4.489545608744907e-01
4.427999999999946e+00 4.495209292122283e-01
4.433999999999946e+00 4.500234268836341e-01
4.439999999999946e+00 4.504619763879598e-01
4.445999999999946e+00 4.508365094636418e-01
4.451999999999947e+00 4.511469670979467e-01
4.457999999999947e+00 4.513932995352862e-01
4.463999999999947e+00 4.515754662842001e-01
4.469999999999947e+00 4.516934361230062e-01
4.475999999999948e+00 4.517471871041162e-01
4.481999999999948e+00 4.517367065570183e-01
4.487999999999948e+00 4.516619910899234e-01
4.493999999999948e+00 4.515230465900779e-01
4.499999999999948e+00 4.513198882227398e-01
4.505999999999949e+00 4.510525404288212e-01
4.511999999999949e+00 4.507210369211951e-01
4.517999999999949e+00 4.503254206796690e-01
4.523999999999949e+00 4.498657439446241e-01
4.529999999999950e+00 4.493420682093234e-01
4.535999999999950e+00 4.487544642108866e-01
4.541999999999950e+00 4.481030119199368e-01
4.547999999999950e+00 4.473878005289171e-01
4.553999999999951e+00 4.466089284390814e-01
4.559999999999951e+00 4.457665032461590e-01
4.565999999999951e+00 4.448606417246974e-01
4.571999999999951e+00 4.438914698110835e-01
4.577999999999951e+00 4.428591225852468e-01
4.583999999999952e+00 4.417637442510468e-01
4.589999999999952e+00 4.406054881153478e-01
4.595999999999952e+00 4.393845165657834e-01
4.601999999999952e+00 4.381010010472149e-01
4.607999999999953e+00 4.367551220368859e-01
4.613999999999953e+00 4.353470690182773e-01
4.619999999999953e+00 4.338770404536668e-01
4.625999999999953e+00 4.323452437553956e-01
4.631999999999953e+00 4.307518952558484e-01
4.637999999999954e+00 4.290972201761483e-01
4.643999999999954e+00 4.273814525935739e-01
4.649999999999954e+00 4.256048354077019e-01
4.655999999999954e+00 4.237676203052794e-01
4.661999999999955e+00 4.218700677238326e-01
4.667999999999955e+00 4.199124468140160e-01
4.673999999999955e+00 4.178950354007076e-01
4.679999999999955e+00 4.158181199428564e-01
4.685999999999956e+00 4.136819954920869e-01
4.691999999999956e+00 4.114869656500676e-01
4.697999999999956e+00 4.092333425246492e-01
4.703999999999956e+00 4.069214466847779e-01
4.709999999999956e+00 4.045516071141929e-01
4.715999999999957e+00 4.021241611639109e-01
4.721999999999957e+00 3.996394545035087e-01
4.727999999999957e+00 3.970978410712069e-01
4.733999999999957e+00 3.944996830227653e-01
4.739999999999958e+00 3.918453506791946e-01
4.745999999999958e+00 3.891352224732941e-01
4.751999999999958e+00 3.863696848950213e-01
4.757999999999958e+00 3.835491324357029e-01
4.763999999999958e+00 3.806739675310939e-01
4.769999999999959e+00 3.777446005032938e-01
4.775999999999959e+00 3.747614495015273e-01
4.781999999999959e+00 3.717249404418002e-01
4.787999999999959e+00 3.686355069454356e-01
4.793999999999960e+00 3.654935902765037e-01
4.799999999999960e+00 3.622996392781495e-01
4.805999999999960e+00 3.590541103078317e-01
4.811999999999960e+00 3.557574671714794e-01
4.817999999999961e+00 3.524101810565775e-01
4.823999999999961e+00 3.490127304641890e-01
4.829999999999961e+00 3.455656011399266e-01
4.835999999999961e+00 3.420692860038798e-01
4.841999999999961e+00 3.385242850795115e-01
4.847999999999962e+00 3.349311054215313e-01
4.853999999999962e+00 3.312902610427572e-01
4.859999999999962e+00 3.276022728399767e-01
4.865999999999962e+00 3.238676685188168e-01
4.871999999999963e+00 3.200869825176341e-01
4.877999999999963e+00 3.162607559304368e-01
4.883999999999963e+00 3.123895364288488e-01
4.889999999999963e+00 3.084738781831265e-01
4.895999999999963e+00 3.045143417822418e-01
4.901999999999964e+00 3.005114941530409e-01
4.907999999999964e+00 2.964659084784907e-01
4.913999999999964e+00 2.923781641150262e-01
4.919999999999964e+00 2.882488465090084e-01
4.925999999999965e+00 2.840785471123068e-01
4.931999999999965e+00 2.798678632970173e-01
4.937999999999965e+00 2.756173982693287e-01
4.943999999999965e+00 2.713277609825493e-01
4.949999999999966e+00 2.669995660493071e-01
4.955999999999966e+00 2.626334336529353e-01
4.961999999999966e+00 2.582299894580564e-01
4.967999999999966e+00 2.537898645203781e-01
4.973999999999966e+00 2.493136951957128e-01
4.979999999999967e+00 2.448021230482353e-01
4.985999999999967e+00 2.402557947579904e-01
4.991999999999967e+00 2.356753620276653e-01
4.997999999999967e+00 2.310614814886385e-01
5.003999999999968e+00 2.264148146063205e-01
5.009999999999968e+00 2.217360275847982e-01
5.015999999999968e+00 2.170257912707984e-01
5.021999999999968e+00 2.122847810569827e-01
5.027999999999968e+00 2.075136767845887e-01
5.033999999999969e+00 2.027131626454312e-01
5.039999999999969e+00 1.978839270832778e-01
5.045999999999969e+00 1.930266626946123e-01
5.051999999999969e+00 1.881420661288012e-01
5.057999999999970e+00 1.832308379876769e-01
5.063999999999970e+00 1.782936827245526e-01
5.069999999999970e+00 1.733313085426831e-01
5.075999999999970e+00 1.683444272931858e-01
5.081999999999971e+00 1.633337543724378e-01
5.087999999999971e+00 1.583000086189623e-01
5.093999999999971e+00 1.532439122098208e-01
5.099999999999971e+00 1.481661905565239e-01
5.105999999999971e+00 1.430675722004781e-01
5.111999999999972e+00 1.379487887079817e-01
5.117999999999972e+00 1.328105745647866e-01
5.123999999999972e+00 1.276536670702386e-01
5.129999999999972e+00 1.224788062310151e-01
5.135999999999973e+00 1.172867346544723e-01
5.141999999999973e+00 1.120781974416183e-01
5.147999999999973e+00 1.068539420797290e-01
5.153999999999973e+00 1.016147183346190e-01
5.159999999999973e+00 9.636127814258671e-02
5.165999999999974e+00 9.109437550204651e-02
5.171999999999974e+00 8.581476636486460e-02
5.177999999999974e+00 8.052320852741435e-02
5.183999999999974e+00 7.522046152136638e-02
5.189999999999975e+00 6.990728650422935e-02
5.195999999999975e+00 6.458444614965718e-02
5.201999999999975e+00 5.925270453753839e-02
5.207999999999975e+00 5.391282704388357e-02
5.213999999999976e+00 4.856558023052669e-02
5.219999999999976e+00 4.321173173465609e-02
5.225999999999976e+00 3.785205015819124e-02
5.231999999999976e+00 3.248730495702105e-02
5.237999999999976e+00 2.711826633011970e-02
5.243999999999977e+00 2.174570510855594e-02
5.249999999999977e+00 1.637039264441198e-02
5.255999999999977e+00 1.099310069962770e-02
5.261999999999977e+00 5.614601334786453e-03
5.267999999999978e+00 2.356667978583070e-04
5.273999999999978e+00 -5.142930587083223e-03
5.279999999999978e+00 -1.052041853115489e-02
5.285999999999978e+00 -1.589602489195189e-02
5.291999999999978e+00 -2.126897778481449e-02
5.297999999999979e+00 -2.663850569405703e-02
5.303999999999979e+00 -3.200383758414331e-02
5.309999999999979e+00 -3.736420301079246e-02
5.315999999999979e+00 -4.271883223199909e-02
5.321999999999980e+00 -4.806695631895189e-02
5.327999999999980e+00 -5.340780726683469e-02
5.333999999999980e+00 -5.874061810549404e-02
5.339999999999980e+00 -6.406462300995720e-02
5.345999999999981e+00 -6.937905741078497e-02
5.351999999999981e+00 -7.468315810424311e-02
5.357999999999981e+00 -7.997616336227679e-02
5.363999999999981e+00 -8.525731304227195e-02
5.369999999999981e+00 -9.052584869658804e-02
5.375999999999982e+00 -9.578101368184623e-02
5.381999999999982e+00 -1.010220532679573e-01
5.387999999999982e+00 -1.062482147468737e-01
5.393999999999982e+00 -1.114587475410497e-01
5.399999999999983e+00 -1.166529033115951e-01
5.405999999999983e+00 -1.218299360661051e-01
5.411999999999983e+00 -1.269891022661524e-01
5.417999999999983e+00 -1.321296609344258e-01
5.423999999999984e+00 -1.372508737614990e-01
5.429999999999984e+00 -1.423520052122153e-01
5.435999999999984e+00 -1.474323226316720e-01
5.441999999999984e+00 -1.524910963507896e-01
5.447999999999984e+00 -1.575275997914515e-01
5.453999999999985e+00 -1.625411095711969e-01
5.459999999999985e+00 -1.675309056074540e-01
5.465999999999985e+00 -1.724962712212976e-01
5.471999999999985e+00 -1.774364932407157e-01
5.477999999999986e+00 -1.823508621033710e-01
5.483999999999986e+00 -1.872386719588424e-01
5.489999999999986e+00 -1.920992207703314e-01
5.495999999999986e+00 -1.969318104158187e-01
5.501999999999986e+00 -2.017357467886571e-01
5.507999999999987e+00 -2.065103398975859e-01
5.513999999999987e+00 -2.112549039661516e-01
5.519999999999987e+00 -2.159687575315222e-01
5.525999999999987e+00 -2.206512235426793e-01
5.531999999999988e+00 -2.253016294579748e-01
5.537999999999988e+00 -2.299193073420379e-01
5.543999999999988e+00 -2.345035939620182e-01
5.549999999999988e+00 -2.390538308831519e-01
5.555999999999989e+00 -2.435693645636356e-01
5.561999999999989e+00 -2.480495464487966e-01
5.567999999999989e+00 -2.524937330645431e-01
5.573999999999989e+00 -2.569012861100841e-01
5.579999999999989e+00 -2.612715725499025e-01
5.585999999999990e+00 -2.656039647049707e-01
5.591999999999990e+00 -2.698978403431942e-01
5.597999999999990e+00 -2.741525827690700e-01
5.603999999999990e+00 -2.783675809125482e-01
5.609999999999991e+00 -2.825422294170828e-01
5.615999999999991e+00 -2.866759287268594e-01
5.621999999999991e+00 -2.907680851731873e-01
5.627999999999991e+00 -2.948181110600434e-01
5.633999999999991e+00 -2.988254247487561e-01
5.639999999999992e+00 -3.027894507418163e-01
5.645999999999992e+00 -3.067096197658036e-01
5.651999999999992e+00 -3.105853688534163e-01
5.657999999999992e+00 -3.144161414245925e-01
5.663999999999993e+00 -3.182013873667121e-01
5.669999999999993e+00 -3.219405631138657e-01
5.675999999999993e+00 -3.256331317251818e-01
5.681999999999993e+00 -3.292785629621990e-01
5.687999999999994e+00 -3.328763333652727e-01
5.693999999999994e+00 -3.364259263290059e-01
5.699999999999994e+00 -3.399268321766918e-01
5.705999999999994e+00 -3.433785482337594e-01
5.711999999999994e+00 -3.467805789002096e-01
5.717999999999995e+00 -3.501324357220327e-01
5.723999999999995e+00 -3.534336374615966e-01
5.729999999999995e+00 -3.566837101669955e-01
5.735999999999995e+00 -3.598821872403489e-01
5.741999999999996e+00 -3.630286095050415e-01
5.747999999999996e+00 -3.661225252718946e-01
5.753999999999996e+00 -3.691634904042583e-01
5.759999999999996e+00 -3.721510683820159e-01
5.765999999999996e+00 -3.750848303644922e-01
5.771999999999997e+00 -3.779643552522544e-01
5.777999999999997e+00 -3.807892297477985e-01
5.783999999999997e+00 -3.835590484151125e-01
5.789999999999997e+00 -3.862734137381063e-01
5.795999999999998e+00 -3.889319361779016e-01
5.801999999999998e+00 -3.915342342289722e-01
5.807999999999998e+00 -3.940799344741279e-01
5.813999999999998e+00 -3.965686716383331e-01
5.819999999999999e+00 -3.990000886413521e-01
5.825999999999999e+00 -4.013738366492152e-01
5.831999999999999e+00 -4.036895751244962e-01
5.837999999999999e+00 -4.059469718753950e-01
5.843999999999999e+00 -4.081457031036191e-01
5.850000000000000e+00 -4.102854534510545e-01
5.856000000000000e+00 -4.123659160452228e-01
5.862000000000000e+00 -4.143867925435146e-01
5.868000000000000e+00 -4.163477931761953e-01
5.874000000000001e+00 -4.182486367881758e-01
5.880000000000001e+00 -4.200890508795422e-01
5.886000000000001e+00 -4.218687716448396e-01
5.892000000000001e+00 -4.235875440111030e-01
5.898000000000001e+00 -4.252451216746306e-01
5.904000000000002e+00 -4.268412671364943e-01
5.910000000000002e+00 -4.283757517367821e-01
5.916000000000002e+00 -4.298483556875669e-01
5.922000000000002e+00 -4.312588681045984e-01
5.928000000000003e+00 -4.326070870377117e-01
5.934000000000003e+00 -4.338928194999496e-01
5.940000000000003e+00 -4.351158814953944e-01
5.946000000000003e+00 -4.362760980457036e-01
5.952000000000004e+00 -4.373733032153482e-01
5.958000000000004e+00 -4.384073401355475e-01
5.964000000000004e+00 -4.393780610268986e-01
5.970000000000004e+00 -4.402853272206969e-01
5.976000000000004e+00 -4.411290091789439e-01
5.982000000000005e+00 -4.419089865130407e-01
5.988000000000005e+00 -4.426251480011629e-01
5.994000000000005e+00 -4.432773916043160e-01
