0.000000000000000e+00 0.000000000000000e+00
6.000000000000000e-03 1.196378400064800e-02
1.200000000000000e-02 2.385427528921245e-02
1.800000000000000e-02 3.567018978692258e-02
2.400000000000000e-02 4.741025159285441e-02
3.000000000000000e-02 5.907319318297872e-02
3.600000000000000e-02 7.065775560791102e-02
4.200000000000000e-02 8.216268868933575e-02
4.799999999999999e-02 9.358675121507694e-02
5.399999999999999e-02 1.049287111327876e-01
5.999999999999999e-02 1.161873457422309e-01
6.599999999999999e-02 1.273614418861253e-01
7.199999999999999e-02 1.384497961395277e-01
7.800000000000000e-02 1.494512149977266e-01
8.400000000000001e-02 1.603645150626201e-01
9.000000000000001e-02 1.711885232275512e-01
9.600000000000002e-02 1.819220768605750e-01
1.020000000000000e-01 1.925640239861317e-01
1.080000000000000e-01 2.031132234651003e-01
1.140000000000000e-01 2.135685451732064e-01
1.200000000000000e-01 2.239288701777599e-01
1.260000000000000e-01 2.341930909126976e-01
1.320000000000000e-01 2.443601113519057e-01
1.380000000000000e-01 2.544288471807971e-01
1.440000000000000e-01 2.643982259661213e-01
1.500000000000000e-01 2.742671873239803e-01
1.560000000000001e-01 2.840346830860293e-01
1.620000000000001e-01 2.936996774638365e-01
1.680000000000001e-01 3.032611472113809e-01
1.740000000000001e-01 3.127180817856633e-01
1.800000000000001e-01 3.220694835054095e-01
1.860000000000001e-01 3.313143677078419e-01
1.920000000000001e-01 3.404517629034985e-01
1.980000000000001e-01 3.494807109290771e-01
2.040000000000001e-01 3.584002670982821e-01
2.100000000000001e-01 3.672095003506554e-01
2.160000000000001e-01 3.759074933983667e-01
2.220000000000001e-01 3.844933428709461e-01
2.280000000000001e-01 3.929661594579358e-01
2.340000000000001e-01 4.013250680494428e-01
2.400000000000001e-01 4.095692078745717e-01
2.460000000000001e-01 4.176977326377181e-01
2.520000000000001e-01 4.257098106527044e-01
2.580000000000001e-01 4.336046249747377e-01
2.640000000000001e-01 4.413813735301733e-01
2.700000000000001e-01 4.490392692440622e-01
2.760000000000001e-01 4.565775401654689e-01
2.820000000000001e-01 4.639954295905383e-01
2.880000000000001e-01 4.712921961832961e-01
2.940000000000002e-01 4.784671140941659e-01
3.000000000000002e-01 4.855194730761852e-01
3.060000000000002e-01 4.924485785989055e-01
3.120000000000002e-01 4.992537519599590e-01
3.180000000000002e-01 5.059343303942772e-01
3.240000000000002e-01 5.124896671809459e-01
3.300000000000002e-01 5.189191317476819e-01
3.360000000000002e-01 5.252221097729156e-01
3.420000000000002e-01 5.313980032854666e-01
3.480000000000002e-01 5.374462307617979e-01
3.540000000000002e-01 5.433662272208345e-01
3.600000000000002e-01 5.491574443163343e-01
3.660000000000002e-01 5.548193504267971e-01
3.720000000000002e-01 5.603514307428998e-01
3.780000000000002e-01 5.657531873524464e-01
3.840000000000002e-01 5.710241393228188e-01
3.900000000000002e-01 5.761638227809196e-01
3.960000000000002e-01 5.811717909905932e-01
4.020000000000002e-01 5.860476144275168e-01
4.080000000000003e-01 5.907908808515488e-01
4.140000000000003e-01 5.954011953765260e-01
4.200000000000003e-01 5.998781805374993e-01
4.260000000000003e-01 6.042214763553989e-01
4.320000000000003e-01 6.084307403991196e-01
4.380000000000003e-01 6.125056478450179e-01
4.440000000000003e-01 6.164458915338135e-01
4.500000000000003e-01 6.202511820248848e-01
4.560000000000003e-01 6.239212476479553e-01
4.620000000000003e-01 6.274558345521586e-01
4.680000000000003e-01 6.308547067524797e-01
4.740000000000003e-01 6.341176461735641e-01
4.800000000000003e-01 6.372444526908887e-01
4.860000000000003e-01 6.402349441692897e-01
4.920000000000003e-01 6.430889564988423e-01
4.980000000000003e-01 6.458063436280864e-01
5.040000000000003e-01 6.483869775945950e-01
5.100000000000003e-01 6.508307485528803e-01
5.160000000000003e-01 6.531375647996350e-01
5.220000000000004e-01 6.553073527963043e-01
5.280000000000004e-01 6.573400571889859e-01
5.340000000000004e-01 6.592356408256566e-01
5.400000000000004e-01 6.609940847707214e-01
5.460000000000004e-01 6.626153883168857e-01
5.520000000000004e-01 6.640995689943466e-01
5.580000000000004e-01 6.654466625773048e-01
5.640000000000004e-01 6.666567230877944e-01
5.700000000000004e-01 6.677298227968325e-01
5.760000000000004e-01 6.686660522228860e-01
5.820000000000004e-01 6.694655201276593e-01
5.880000000000004e-01 6.701283535092010e-01
5.940000000000004e-01 6.706546975923329e-01
6.000000000000004e-01 6.710447158164020e-01
6.060000000000004e-01 6.712985898203576e-01
6.120000000000004e-01 6.714165194251563e-01
6.180000000000004e-01 6.713987226134982e-01
6.240000000000004e-01 6.712454355068957e-01
6.300000000000004e-01 6.709569123400810e-01
6.360000000000005e-01 6.705334254327543e-01
6.420000000000005e-01 6.699752651586777e-01
6.480000000000005e-01 6.692827399121203e-01
6.540000000000005e-01 6.684561760716585e-01
6.600000000000005e-01 6.674959179613378e-01
6.660000000000005e-01 6.664023278092009e-01
6.720000000000005e-01 6.651757857031905e-01
6.780000000000005e-01 6.638166895444303e-01
6.840000000000005e-01 6.623254549978950e-01
6.900000000000005e-01 6.607025154404728e-01
6.960000000000005e-01 6.589483219064316e-01
7.020000000000005e-01 6.570633430302945e-01
7.080000000000005e-01 6.550480649871340e-01
7.140000000000005e-01 6.529029914302950e-01
7.200000000000005e-01 6.506286434265532e-01
7.260000000000005e-01 6.482255593887216e-01
7.320000000000005e-01 6.456942950057120e-01
7.380000000000005e-01 6.430354231700641e-01
7.440000000000005e-01 6.402495339029529e-01
7.500000000000006e-01 6.373372342766829e-01
7.560000000000006e-01 6.342991483346840e-01
7.620000000000006e-01 6.311359170090186e-01
7.680000000000006e-01 6.278481980354124e-01
7.740000000000006e-01 6.244366658658224e-01
7.800000000000006e-01 6.209020115785537e-01
7.860000000000006e-01 6.172449427859391e-01
7.920000000000006e-01 6.134661835395945e-01
7.980000000000006e-01 6.095664742332645e-01
8.040000000000006e-01 6.055465715032725e-01
8.100000000000006e-01 6.014072481265892e-01
8.160000000000006e-01 5.971492929165350e-01
8.220000000000006e-01 5.927735106161315e-01
8.280000000000006e-01 5.882807217891176e-01
8.340000000000006e-01 5.836717627086463e-01
8.400000000000006e-01 5.789474852436781e-01
8.460000000000006e-01 5.741087567430881e-01
8.520000000000006e-01 5.691564599175033e-01
8.580000000000007e-01 5.640914927188876e-01
8.640000000000007e-01 5.589147682178924e-01
8.700000000000007e-01 5.536272144789898e-01
8.760000000000007e-01 5.482297744334070e-01
8.820000000000007e-01 5.427234057498819e-01
8.880000000000007e-01 5.371090807032554e-01
8.940000000000007e-01 5.313877860409233e-01
9.000000000000007e-01 5.255605228471649e-01
9.060000000000007e-01 5.196283064053685e-01
9.120000000000007e-01 5.135921660581744e-01
9.180000000000007e-01 5.074531450655554e-01
9.240000000000007e-01 5.012123004608555e-01
9.300000000000007e-01 4.948707029048079e-01
9.360000000000007e-01 4.884294365375531e-01
9.420000000000007e-01 4.818895988286790e-01
9.480000000000007e-01 4.752523004253053e-01
9.540000000000007e-01 4.685186649982329e-01
9.600000000000007e-01 4.616898290861826e-01
9.660000000000007e-01 4.547669419381434e-01
9.720000000000008e-01 4.477511653538557e-01
9.780000000000008e-01 4.406436735224512e-01
9.840000000000008e-01 4.334456528592725e-01
9.900000000000008e-01 4.261583018408981e-01
9.960000000000008e-01 4.187828308383943e-01
1.002000000000001e+00 4.113204619488207e-01
1.008000000000001e+00 4.037724288250109e-01
1.014000000000001e+00 3.961399765036562e-01
1.020000000000001e+00 3.884243612317154e-01
1.026000000000001e+00 3.806268502911752e-01
1.032000000000001e+00 3.727487218221897e-01
1.038000000000001e+00 3.647912646446208e-01
1.044000000000001e+00 3.567557780780085e-01
1.050000000000001e+00 3.486435717599954e-01
1.056000000000001e+00 3.404559654632329e-01
1.062000000000001e+00 3.321942889107944e-01
1.068000000000001e+00 3.238598815901240e-01
1.074000000000001e+00 3.154540925655452e-01
1.080000000000001e+00 3.069782802893601e-01
1.086000000000001e+00 2.984338124115632e-01
1.092000000000001e+00 2.898220655881998e-01
1.098000000000001e+00 2.811444252883952e-01
1.104000000000001e+00 2.724022856000837e-01
1.110000000000001e+00 2.635970490344651e-01
1.116000000000001e+00 2.547301263292173e-01
1.122000000000001e+00 2.458029362504931e-01
1.128000000000001e+00 2.368169053937303e-01
1.134000000000001e+00 2.277734679833039e-01
1.140000000000001e+00 2.186740656710491e-01
1.146000000000001e+00 2.095201473336849e-01
1.152000000000001e+00 2.003131688691669e-01
1.158000000000001e+00 1.910545929919998e-01
1.164000000000001e+00 1.817458890275382e-01
1.170000000000001e+00 1.723885327053057e-01
1.176000000000001e+00 1.629840059513634e-01
1.182000000000001e+00 1.535337966797563e-01
1.188000000000001e+00 1.440393985830682e-01
1.194000000000001e+00 1.345023109221170e-01
1.200000000000001e+00 1.249240383148179e-01
1.206000000000001e+00 1.153060905242478e-01
1.212000000000001e+00 1.056499822459405e-01
1.218000000000001e+00 9.595723289444315e-02
1.224000000000001e+00 8.622936638916537e-02
1.230000000000001e+00 7.646791093955196e-02
1.236000000000001e+00 6.667439882961029e-02
1.242000000000001e+00 5.685036620182338e-02
1.248000000000001e+00 4.699735284048017e-02
1.254000000000001e+00 3.711690195445432e-02
1.260000000000001e+00 2.721055995946282e-02
1.266000000000001e+00 1.727987625983610e-02
1.272000000000001e+00 7.326403029831119e-03
1.278000000000001e+00 -2.648305005480817e-03
1.284000000000001e+00 -1.264269078971994e-02
1.290000000000001e+00 -2.265519515506571e-02
1.296000000000001e+00 -3.268425704245457e-02
1.302000000000001e+00 -4.272831372207583e-02
1.308000000000001e+00 -5.278580101413390e-02
1.314000000000001e+00 -6.285515350984480e-02
1.320000000000001e+00 -7.293480479263501e-02
1.326000000000001e+00 -8.302318765951069e-02
1.332000000000001e+00 -9.311873434256526e-02
1.338000000000001e+00 -1.032198767305932e-01
1.344000000000001e+00 -1.133250465907779e-01
1.350000000000001e+00 -1.234326757904222e-01
1.356000000000001e+00 -1.335411965186882e-01
1.362000000000001e+00 -1.436490415083159e-01
1.368000000000001e+00 -1.537546442572869e-01
1.374000000000001e+00 -1.638564392504027e-01
1.380000000000001e+00 -1.739528621807443e-01
1.386000000000001e+00 -1.840423501709821e-01
1.392000000000001e+00 -1.941233419945026e-01
1.398000000000001e+00 -2.041942782963221e-01
1.404000000000001e+00 -2.142536018137533e-01
1.410000000000001e+00 -2.242997575967941e-01
1.416000000000001e+00 -2.343311932282068e-01
1.422000000000001e+00 -2.443463590432545e-01
1.428000000000001e+00 -2.543437083490653e-01
1.434000000000001e+00 -2.643216976435900e-01
1.440000000000001e+00 -2.742787868341237e-01
1.446000000000001e+00 -2.842134394553581e-01
1.452000000000001e+00 -2.941241228869342e-01
1.458000000000001e+00 -3.040093085704634e-01
1.464000000000001e+00 -3.138674722259855e-01
1.470000000000001e+00 -3.236970940678325e-01
1.476000000000001e+00 -3.334966590198669e-01
1.482000000000001e+00 -3.432646569300637e-01
1.488000000000001e+00 -3.529995827844044e-01
1.494000000000001e+00 -3.626999369200525e-01
1.500000000000001e+00 -3.723642252377802e-01
1.506000000000001e+00 -3.819909594136144e-01
1.512000000000001e+00 -3.915786571096719e-01
1.518000000000001e+00 -4.011258421841541e-01
1.524000000000001e+00 -4.106310449004700e-01
1.530000000000001e+00 -4.200928021354568e-01
1.536000000000001e+00 -4.295096575866692e-01
1.542000000000001e+00 -4.388801619787070e-01
1.548000000000001e+00 -4.482028732685505e-01
1.554000000000001e+00 -4.574763568498750e-01
1.560000000000001e+00 -4.666991857563140e-01
1.566000000000001e+00 -4.758699408636423e-01
1.572000000000001e+00 -4.849872110908497e-01
1.578000000000001e+00 -4.940495936000760e-01
1.584000000000001e+00 -5.030556939953782e-01
1.590000000000001e+00 -5.120041265203019e-01
1.596000000000001e+00 -5.208935142542278e-01
1.602000000000001e+00 -5.297224893074646e-01
1.608000000000001e+00 -5.384896930150609e-01
1.614000000000001e+00 -5.471937761293078e-01
1.620000000000001e+00 -5.558333990109035e-01
1.626000000000001e+00 -5.644072318187540e-01
1.632000000000001e+00 -5.729139546983806e-01
1.638000000000001e+00 -5.813522579689082e-01
1.644000000000001e+00 -5.897208423086072e-01
1.650000000000001e+00 -5.980184189389611e-01
1.656000000000001e+00 -6.062437098072352e-01
1.662000000000001e+00 -6.143954477675178e-01
1.668000000000001e+00 -6.224723767602094e-01
1.674000000000001e+00 -6.304732519899332e-01
1.680000000000001e+00 -6.383968401018408e-01
1.686000000000001e+00 -6.462419193562889e-01
1.692000000000001e+00 -6.540072798018602e-01
1.698000000000001e+00 -6.616917234467046e-01
1.704000000000001e+00 -6.692940644281751e-01
1.710000000000001e+00 -6.768131291807353e-01
1.716000000000001e+00 -6.842477566021120e-01
1.722000000000001e+00 -6.915967982176708e-01
1.728000000000001e+00 -6.988591183429900e-01
1.734000000000001e+00 -7.060335942446094e-01
1.740000000000001e+00 -7.131191162989315e-01
1.746000000000001e+00 -7.201145881492506e-01
1.752000000000001e+00 -7.270189268608882e-01
1.758000000000001e+00 -7.338310630744128e-01
1.764000000000001e+00 -7.405499411569200e-01
1.770000000000001e+00 -7.471745193513528e-01
1.776000000000001e+00 -7.537037699238402e-01
1.782000000000001e+00 -7.601366793090318e-01
1.788000000000001e+00 -7.664722482534085e-01
1.794000000000001e+00 -7.727094919565478e-01
1.800000000000001e+00 -7.788474402103238e-01
1.806000000000001e+00 -7.848851375360218e-01
1.812000000000001e+00 -7.908216433193468e-01
1.818000000000001e+00 -7.966560319433074e-01
1.824000000000001e+00 -8.023873929189552e-01
1.830000000000001e+00 -8.080148310139615e-01
1.836000000000001e+00 -8.135374663790117e-01
1.842000000000001e+00 -8.189544346719995e-01
1.848000000000001e+00 -8.242648871800039e-01
1.854000000000001e+00 -8.294679909390297e-01
1.860000000000001e+00 -8.345629288514952e-01
1.866000000000001e+00 -8.395488998014501e-01
1.872000000000001e+00 -8.444251187675065e-01
1.878000000000001e+00 -8.491908169334665e-01
1.884000000000001e+00 -8.538452417966316e-01
1.890000000000001e+00 -8.583876572737762e-01
1.896000000000001e+00 -8.628173438047722e-01
1.902000000000001e+00 -8.671335984538472e-01
1.908000000000001e+00 -8.713357350084643e-01
1.914000000000001e+00 -8.754230840758065e-01
1.920000000000001e+00 -8.793949931768540e-01
1.926000000000001e+00 -8.832508268380391e-01
1.932000000000001e+00 -8.869899666804667e-01
1.938000000000001e+00 -8.906118115066862e-01
1.944000000000002e+00 -8.941157773850036e-01
1.950000000000002e+00 -8.975012977313204e-01
1.956000000000002e+00 -9.007678233884879e-01
1.962000000000002e+00 -9.039148227031663e-01
1.968000000000002e+00 -9.069417816001746e-01
1.974000000000002e+00 -9.098482036543248e-01
1.980000000000002e+00 -9.126336101597262e-01
1.986000000000002e+00 -9.152975401965512e-01
1.992000000000002e+00 -9.178395506952537e-01
1.998000000000002e+00 -9.202592164982293e-01
2.004000000000001e+00 -9.225561304189093e-01
2.010000000000001e+00 -9.247299032982794e-01
2.016000000000001e+00 -9.267801640588156e-01
2.022000000000001e+00 -9.287065597558282e-01
2.028000000000000e+00 -9.305087556262081e-01
2.034000000000000e+00 -9.321864351345667e-01
2.040000000000000e+00 -9.337393000167639e-01
2.046000000000000e+00 -9.351670703208167e-01
2.052000000000000e+00 -9.364694844451840e-01
2.057999999999999e+00 -9.376462991744202e-01
2.063999999999999e+00 -9.386972897121941e-01
2.069999999999999e+00 -9.396222497116667e-01
2.075999999999999e+00 -9.404209913032248e-01
2.081999999999999e+00 -9.410933451195653e-01
2.087999999999998e+00 -9.416391603181277e-01
2.093999999999998e+00 -9.420583046008696e-01
2.099999999999998e+00 -9.423506642313849e-01
2.105999999999998e+00 -9.425161440493595e-01
2.111999999999997e+00 -9.425546674823641e-01
2.117999999999997e+00 -9.424661765549818e-01
2.123999999999997e+00 -9.422506318952691e-01
2.129999999999997e+00 -9.419080127385494e-01
2.135999999999997e+00 -9.414383169285377e-01
2.141999999999996e+00 -9.408415609157982e-01
2.147999999999996e+00 -9.401177797535317e-01
2.153999999999996e+00 -9.392670270906976e-01
2.159999999999996e+00 -9.382893751624671e-01
2.165999999999995e+00 -9.371849147780118e-01
2.171999999999995e+00 -9.359537553056286e-01
2.177999999999995e+00 -9.345960246552025e-01
2.183999999999995e+00 -9.331118692580105e-01
2.189999999999995e+00 -9.315014540438686e-01
2.195999999999994e+00 -9.297649624156263e-01
2.201999999999994e+00 -9.279025962210109e-01
2.207999999999994e+00 -9.259145757218263e-01
2.213999999999994e+00 -9.238011395605110e-01
2.219999999999994e+00 -9.215625447240594e-01
2.225999999999993e+00 -9.191990665053114e-01
2.231999999999993e+00 -9.167109984616169e-01
2.237999999999993e+00 -9.140986523708797e-01
2.243999999999993e+00 -9.113623581849885e-01
2.249999999999992e+00 -9.085024639806397e-01
2.255999999999992e+00 -9.055193359075618e-01
2.261999999999992e+00 -9.024133581341458e-01
2.267999999999992e+00 -8.991849327904915e-01
2.273999999999992e+00 -8.958344799088769e-01
2.279999999999991e+00 -8.923624373616597e-01
2.285999999999991e+00 -8.887692607966189e-01
2.291999999999991e+00 -8.850554235697475e-01
2.297999999999991e+00 -8.812214166755035e-01
2.303999999999991e+00 -8.772677486745308e-01
2.309999999999990e+00 -8.731949456188614e-01
2.315999999999990e+00 -8.690035509746058e-01
2.321999999999990e+00 -8.646941255421475e-01
2.327999999999990e+00 -8.602672473738491e-01
2.333999999999989e+00 -8.557235116892838e-01
2.339999999999989e+00 -8.510635307880046e-01
2.345999999999989e+00 -8.462879339598618e-01
2.351999999999989e+00 -8.413973673928844e-01
2.357999999999989e+00 -8.363924940787362e-01
2.363999999999988e+00 -8.312739937157616e-01
2.369999999999988e+00 -8.260425626096344e-01
2.375999999999988e+00 -8.206989135716237e-01
2.381999999999988e+00 -8.152437758144929e-01
2.387999999999987e+00 -8.096778948460439e-01
2.393999999999987e+00 -8.040020323603252e-01
2.399999999999987e+00 -7.982169661265166e-01
2.405999999999987e+00 -7.923234898755084e-01
2.411999999999987e+00 -7.863224131841905e-01
2.417999999999986e+00 -7.802145613574679e-01
2.423999999999986e+00 -7.740007753080203e-01
2.429999999999986e+00 -7.676819114338216e-01
2.435999999999986e+00 -7.612588414934395e-01
2.441999999999986e+00 -7.547324524791296e-01
2.447999999999985e+00 -7.481036464877456e-01
2.453999999999985e+00 -7.413733405894818e-01
2.459999999999985e+00 -7.345424666944675e-01
2.465999999999985e+00 -7.276119714172335e-01
2.471999999999984e+00 -7.205828159390680e-01
2.477999999999984e+00 -7.134559758682837e-01
2.483999999999984e+00 -7.062324410984149e-01
2.489999999999984e+00 -6.989132156643657e-01
2.495999999999984e+00 -6.914993175965299e-01
2.501999999999983e+00 -6.839917787729027e-01
2.507999999999983e+00 -6.763916447692067e-01
2.513999999999983e+00 -6.686999747070526e-01
2.519999999999983e+00 -6.609178411001577e-01
2.525999999999982e+00 -6.530463296986433e-01
2.531999999999982e+00 -6.450865393314326e-01
2.537999999999982e+00 -6.370395817467746e-01
2.543999999999982e+00 -6.289065814509136e-01
2.549999999999982e+00 -6.206886755449299e-01
2.555999999999981e+00 -6.123870135597735e-01
2.561999999999981e+00 -6.040027572895162e-01
2.567999999999981e+00 -5.955370806228439e-01
2.573999999999981e+00 -5.869911693728157e-01
2.579999999999981e+00 -5.783662211049124e-01
2.585999999999980e+00 -5.696634449634002e-01
2.591999999999980e+00 -5.608840614960335e-01
2.597999999999980e+00 -5.520293024771241e-01
2.603999999999980e+00 -5.431004107289992e-01
2.609999999999979e+00 -5.340986399418765e-01
2.615999999999979e+00 -5.250252544921810e-01
2.621999999999979e+00 -5.158815292593297e-01
2.627999999999979e+00 -5.066687494410117e-01
2.633999999999979e+00 -4.973882103669875e-01
2.639999999999978e+00 -4.880412173114380e-01
2.645999999999978e+00 -4.786290853038870e-01
2.651999999999978e+00 -4.691531389387263e-01
2.657999999999978e+00 -4.596147121833699e-01
2.663999999999977e+00 -4.500151481850646e-01
2.669999999999977e+00 -4.403557990763867e-01
2.675999999999977e+00 -4.306380257794496e-01
2.681999999999977e+00 -4.208631978088538e-01
2.687999999999977e+00 -4.110326930734051e-01
2.693999999999976e+00 -4.011478976766305e-01
2.699999999999976e+00 -3.912102057161211e-01
2.705999999999976e+00 -3.812210190817296e-01
2.711999999999976e+00 -3.711817472526522e-01
2.717999999999976e+00 -3.610938070934242e-01
2.723999999999975e+00 -3.509586226488579e-01
2.729999999999975e+00 -3.407776249379531e-01
2.735999999999975e+00 -3.305522517468094e-01
2.741999999999975e+00 -3.202839474205698e-01
2.747999999999974e+00 -3.099741626544267e-01
2.753999999999974e+00 -2.996243542837190e-01
2.759999999999974e+00 -2.892359850731508e-01
2.765999999999974e+00 -2.788105235051628e-01
2.771999999999974e+00 -2.683494435674861e-01
2.777999999999973e+00 -2.578542245399092e-01
2.783999999999973e+00 -2.473263507802886e-01
2.789999999999973e+00 -2.367673115098342e-01
2.795999999999973e+00 -2.261786005977003e-01
2.801999999999973e+00 -2.155617163449126e-01
2.807999999999972e+00 -2.049181612676634e-01
2.813999999999972e+00 -1.942494418800052e-01
2.819999999999972e+00 -1.835570684759739e-01
2.825999999999972e+00 -1.728425549111739e-01
2.831999999999971e+00 -1.621074183838559e-01
2.837999999999971e+00 -1.513531792155185e-01
2.843999999999971e+00 -1.405813606310659e-01
2.849999999999971e+00 -1.297934885385530e-01
2.855999999999971e+00 -1.189910913085494e-01
2.861999999999970e+00 -1.081756995531545e-01
2.867999999999970e+00 -9.734884590469509e-02
2.873999999999970e+00 -8.651206479413737e-02
2.879999999999970e+00 -7.566689222924528e-02
2.885999999999969e+00 -6.481486557251716e-02
2.891999999999969e+00 -5.395752331893260e-02
2.897999999999969e+00 -4.309640487354136e-02
2.903999999999969e+00 -3.223305032892655e-02
2.909999999999969e+00 -2.136900024257392e-02
2.915999999999968e+00 -1.050579541417936e-02
2.921999999999968e+00 3.550233370733513e-04
2.927999999999968e+00 1.121191539523252e-02
2.933999999999968e+00 2.206334057026420e-02
2.939999999999968e+00 3.290775932067150e-02
2.945999999999967e+00 4.374363297601554e-02
2.951999999999967e+00 5.456942395930593e-02
2.957999999999967e+00 6.538359600922895e-02
2.963999999999967e+00 7.618461440218134e-02
2.969999999999966e+00 8.697094617407777e-02
2.975999999999966e+00 9.774106034190014e-02
2.981999999999966e+00 1.084934281249567e-01
2.987999999999966e+00 1.192265231658194e-01
2.993999999999966e+00 1.299388217509074e-01
2.999999999999965e+00 1.406288030306852e-01
3.005999999999965e+00 1.512949492394438e-01
3.011999999999965e+00 1.619357459146324e-01
3.017999999999965e+00 1.725496821157114e-01
3.023999999999964e+00 1.831352506424914e-01
3.029999999999964e+00 1.936909482529311e-01
3.035999999999964e+00 2.042152758803595e-01
3.041999999999964e+00 2.147067388500921e-01
3.047999999999964e+00 2.251638470954116e-01
3.053999999999963e+00 2.355851153728786e-01
3.059999999999963e+00 2.459690634769451e-01
3.065999999999963e+00 2.563142164538370e-01
3.071999999999963e+00 2.666191048146760e-01
3.077999999999963e+00 2.768822647478112e-01
3.083999999999962e+00 2.871022383303276e-01
3.089999999999962e+00 2.972775737387028e-01
3.095999999999962e+00 3.074068254585815e-01
3.101999999999962e+00 3.174885544936366e-01
3.107999999999961e+00 3.275213285734876e-01
3.113999999999961e+00 3.375037223606467e-01
3.119999999999961e+00 3.474343176564620e-01
3.125999999999961e+00 3.573117036060282e-01
3.131999999999961e+00 3.671344769020366e-01
3.137999999999960e+00 3.769012419875333e-01
3.143999999999960e+00 3.866106112575577e-01
3.149999999999960e+00 3.962612052596318e-01
3.155999999999960e+00 4.058516528930710e-01
3.161999999999960e+00 4.153805916070895e-01
3.167999999999959e+00 4.248466675976688e-01
3.173999999999959e+00 4.342485360031644e-01
3.179999999999959e+00 4.435848610986195e-01
3.185999999999959e+00 4.528543164887600e-01
3.191999999999958e+00 4.620555852996416e-01
3.197999999999958e+00 4.711873603689224e-01
3.203999999999958e+00 4.802483444347331e-01
3.209999999999958e+00 4.892372503231169e-01
3.215999999999958e+00 4.981528011340146e-01
3.221999999999957e+00 5.069937304257646e-01
3.227999999999957e+00 5.157587823980947e-01
3.233999999999957e+00 5.244467120735771e-01
3.239999999999957e+00 5.330562854775209e-01
3.245999999999956e+00 5.415862798162775e-01
3.251999999999956e+00 5.500354836539311e-01
3.257999999999956e+00 5.584026970873509e-01
3.263999999999956e+00 5.666867319195789e-01
3.269999999999956e+00 5.748864118315279e-01
3.275999999999955e+00 5.830005725519661e-01
3.281999999999955e+00 5.910280620257630e-01
3.287999999999955e+00 5.989677405803722e-01
3.293999999999955e+00 6.068184810905286e-01
3.299999999999955e+00 6.145791691411348e-01
3.305999999999954e+00 6.222487031883133e-01
3.311999999999954e+00 6.298259947186026e-01
3.317999999999954e+00 6.373099684062730e-01
3.323999999999954e+00 6.446995622687401e-01
3.329999999999953e+00 6.519937278200540e-01
3.335999999999953e+00 6.591914302224404e-01
3.341999999999953e+00 6.662916484358743e-01
3.347999999999953e+00 6.732933753656627e-01
3.353999999999953e+00 6.801956180080165e-01
3.359999999999952e+00 6.869973975935897e-01
3.365999999999952e+00 6.936977497289650e-01
3.371999999999952e+00 7.002957245360674e-01
3.377999999999952e+00 7.067903867894829e-01
3.383999999999951e+00 7.131808160516655e-01
3.389999999999951e+00 7.194661068060100e-01
3.395999999999951e+00 7.256453685877742e-01
3.401999999999951e+00 7.317177261128300e-01
3.407999999999951e+00 7.376823194042258e-01
3.413999999999950e+00 7.435383039165407e-01
3.419999999999950e+00 7.492848506580145e-01
3.425999999999950e+00 7.549211463104341e-01
3.431999999999950e+00 7.604463933467602e-01
3.437999999999950e+00 7.658598101464775e-01
3.443999999999949e+00 7.711606311086503e-01
3.449999999999949e+00 7.763481067626693e-01
3.455999999999949e+00 7.814215038766721e-01
3.461999999999949e+00 7.863801055636224e-01
3.467999999999948e+00 7.912232113850329e-01
3.473999999999948e+00 7.959501374523167e-01
3.479999999999948e+00 8.005602165257519e-01
3.485999999999948e+00 8.050527981110471e-01
3.491999999999948e+00 8.094272485534914e-01
3.497999999999947e+00 8.136829511296775e-01
3.503999999999947e+00 8.178193061367840e-01
3.509999999999947e+00 8.218357309794030e-01
3.515999999999947e+00 8.257316602539022e-01
3.521999999999947e+00 8.295065458303086e-01
3.527999999999946e+00 8.331598569317016e-01
3.533999999999946e+00 8.366910802111049e-01
3.539999999999946e+00 8.400997198258656e-01
3.545999999999946e+00 8.433852975095097e-01
3.551999999999945e+00 8.465473526410650e-01
3.557999999999945e+00 8.495854423118384e-01
3.563999999999945e+00 8.524991413896423e-01
3.569999999999945e+00 8.552880425804570e-01
3.575999999999945e+00 8.579517564875216e-01
3.581999999999944e+00 8.604899116678469e-01
3.587999999999944e+00 8.629021546861380e-01
3.593999999999944e+00 8.651881501661226e-01
3.599999999999944e+00 8.673475808392765e-01
3.605999999999943e+00 8.693801475909380e-01
3.611999999999943e+00 8.712855695038061e-01
3.617999999999943e+00 8.730635838988161e-01
3.623999999999943e+00 8.747139463733858e-01
3.629999999999943e+00 8.762364308370278e-01
3.635999999999942e+00 8.776308295443223e-01
3.641999999999942e+00 8.788969531252453e-01
3.647999999999942e+00 8.800346306128495e-01
3.653999999999942e+00 8.810437094682911e-01
3.659999999999942e+00 8.819240556032021e-01
3.665999999999941e+00 8.826755533994018e-01
3.671999999999941e+00 8.832981057259479e-01
3.677999999999941e+00 8.837916339535214e-01
3.683999999999941e+00 8.841560779661465e-01
3.689999999999940e+00 8.843913961702405e-01
3.695999999999940e+00 8.844975655009961e-01
3.701999999999940e+00 8.844745814260913e-01
3.707999999999940e+00 8.843224579467298e-01
3.713999999999940e+00 8.840412275960098e-01
3.719999999999939e+00 8.836309414346215e-01
3.725999999999939e+00 8.830916690438750e-01
3.731999999999939e+00 8.824234985160587e-01
3.737999999999939e+00 8.816265364421300e-01
3.743999999999938e+00 8.807009078967395e-01
3.749999999999938e+00 8.796467564205924e-01
3.755999999999938e+00 8.784642440001476e-01
3.761999999999938e+00 8.771535510446584e-01
3.767999999999938e+00 8.757148763605594e-01
3.773999999999937e+00 8.741484371232006e-01
3.779999999999937e+00 8.724544688459347e-01
3.785999999999937e+00 8.706332253465623e-01
3.791999999999937e+00 8.686849787111383e-01
3.797999999999937e+00 8.666100192551455e-01
3.803999999999936e+00 8.644086554820422e-01
3.809999999999936e+00 8.620812140391871e-01
3.815999999999936e+00 8.596280396711511e-01
3.821999999999936e+00 8.570494951704191e-01
3.827999999999935e+00 8.543459613254927e-01
3.833999999999935e+00 8.515178368663986e-01
3.839999999999935e+00 8.485655384076113e-01
3.845999999999935e+00 8.454895003883987e-01
3.851999999999935e+00 8.422901750105988e-01
3.857999999999934e+00 8.389680321738368e-01
3.863999999999934e+00 8.355235594081916e-01
3.869999999999934e+00 8.319572618043216e-01
3.875999999999934e+00 8.282696619410600e-01
3.881999999999934e+00 8.244612998104894e-01
3.887999999999933e+00 8.205327327405078e-01
3.893999999999933e+00 8.164845353148950e-01
3.899999999999933e+00 8.123172992908939e-01
3.905999999999933e+00 8.080316335143161e-01
3.911999999999932e+00 8.036281638321842e-01
3.917999999999932e+00 7.991075330029254e-01
3.923999999999932e+00 7.944704006041273e-01
3.929999999999932e+00 7.897174429378699e-01
3.935999999999932e+00 7.848493529336474e-01
3.941999999999931e+00 7.798668400488943e-01
3.947999999999931e+00 7.747706301671290e-01
3.953999999999931e+00 7.695614654937308e-01
3.959999999999931e+00 7.642401044493645e-01
3.965999999999930e+00 7.588073215610683e-01
3.971999999999930e+00 7.532639073510208e-01
3.977999999999930e+00 7.476106682230022e-01
3.983999999999930e+00 7.418484263465680e-01
3.989999999999930e+00 7.359780195389499e-01
3.995999999999929e+00 7.300003011447016e-01
4.001999999999930e+00 7.239161399131074e-01
4.007999999999930e+00 7.177264198733708e-01
4.013999999999930e+00 7.114320402076009e-01
4.019999999999930e+00 7.050339151216148e-01
4.025999999999931e+00 6.985329737135760e-01
4.031999999999931e+00 6.919301598404851e-01
4.037999999999931e+00 6.852264319825451e-01
4.043999999999931e+00 6.784227631054180e-01
4.049999999999931e+00 6.715201405203952e-01
4.055999999999932e+00 6.645195657424989e-01
4.061999999999932e+00 6.574220543465383e-01
4.067999999999932e+00 6.502286358211382e-01
4.073999999999932e+00 6.429403534207629e-01
4.079999999999933e+00 6.355582640157569e-01
4.085999999999933e+00 6.280834379404219e-01
4.091999999999933e+00 6.205169588391547e-01
4.097999999999933e+00 6.128599235106666e-01
4.103999999999933e+00 6.051134417503067e-01
4.109999999999934e+00 5.972786361905119e-01
4.115999999999934e+00 5.893566421394080e-01
4.121999999999934e+00 5.813486074175827e-01
4.127999999999934e+00 5.732556921930561e-01
4.133999999999935e+00 5.650790688144713e-01
4.139999999999935e+00 5.568199216425297e-01
4.145999999999935e+00 5.484794468796947e-01
4.151999999999935e+00 5.400588523981894e-01
4.157999999999936e+00 5.315593575663116e-01
4.163999999999936e+00 5.229821930730925e-01
4.169999999999936e+00 5.143286007513236e-01
4.175999999999936e+00 5.055998333989773e-01
4.181999999999936e+00 4.967971545990473e-01
4.187999999999937e+00 4.879218385378342e-01
4.193999999999937e+00 4.789751698217034e-01
4.199999999999937e+00 4.699584432923404e-01
4.205999999999937e+00 4.608729638405314e-01
4.211999999999938e+00 4.517200462184950e-01
4.217999999999938e+00 4.425010148507929e-01
4.223999999999938e+00 4.332172036438459e-01
4.229999999999938e+00 4.238699557940838e-01
4.235999999999938e+00 4.144606235947554e-01
4.241999999999939e+00 4.049905682414280e-01
4.247999999999939e+00 3.954611596362027e-01
4.253999999999939e+00 3.858737761906757e-01
4.259999999999939e+00 3.762298046276722e-01
4.265999999999940e+00 3.665306397817823e-01
4.271999999999940e+00 3.567776843987274e-01
4.277999999999940e+00 3.469723489335862e-01
4.283999999999940e+00 3.371160513479098e-01
4.289999999999941e+00 3.272102169057534e-01
4.295999999999941e+00 3.172562779686560e-01
4.301999999999941e+00 3.072556737895968e-01
4.307999999999941e+00 2.972098503059575e-01
4.313999999999941e+00 2.871202599315214e-01
4.319999999999942e+00 2.769883613475378e-01
4.325999999999942e+00 2.668156192928836e-01
4.331999999999942e+00 2.566035043533505e-01
4.337999999999942e+00 2.463534927500899e-01
4.343999999999943e+00 2.360670661272440e-01
4.349999999999943e+00 2.257457113387959e-01
4.355999999999943e+00 2.153909202346674e-01
4.361999999999943e+00 2.050041894460968e-01
4.367999999999943e+00 1.945870201703263e-01
4.373999999999944e+00 1.841409179546317e-01
4.379999999999944e+00 1.736673924797232e-01
4.385999999999944e+00 1.631679573425515e-01
4.391999999999944e+00 1.526441298385468e-01
4.397999999999945e+00 1.420974307433260e-01
4.403999999999945e+00 1.315293840938960e-01
4.409999999999945e+00 1.209415169693874e-01
4.415999999999945e+00 1.103353592713482e-01
4.421999999999946e+00 9.971244350363026e-02
4.427999999999946e+00 8.907430455190006e-02
4.433999999999946e+00 7.842247946280495e-02
4.439999999999946e+00 6.775850722282745e-02
4.445999999999946e+00 5.708392853685886e-02
4.451999999999947e+00 4.640028560652453e-02
4.457999999999947e+00 3.570912190829233e-02
4.463999999999947e+00 2.501198197139654e-02
4.469999999999947e+00 1.431041115560902e-02
4.475999999999948e+00 3.605955428889737e-03
4.481999999999948e+00 -7.099838855051417e-03
4.487999999999948e+00 -1.780542517924935e-02
4.493999999999948e+00 -2.850925708600314e-02
4.499999999999948e+00 -3.920978839938784e-02
4.505999999999949e+00 -4.990547344772686e-02
4.511999999999949e+00 -6.059476728599270e-02
4.517999999999949e+00 -7.127612591810412e-02
4.523999999999949e+00 -8.194800651908765e-02
4.529999999999950e+00 -9.260886765707159e-02
4.535999999999950e+00 -1.032571695150803e-01
4.541999999999950e+00 -1.138913741125970e-01
4.547999999999950e+00 -1.245099455268632e-01
4.553999999999951e+00 -1.351113501138828e-01
4.559999999999951e+00 -1.456940567290989e-01
4.565999999999951e+00 -1.562565369477117e-01
4.571999999999951e+00 -1.667972652846061e-01
4.577999999999951e+00 -1.773147194138566e-01
4.583999999999952e+00 -1.878073803877782e-01
4.589999999999952e+00 -1.982737328554922e-01
4.595999999999952e+00 -2.087122652809745e-01
4.601999999999952e+00 -2.191214701605560e-01
4.607999999999953e+00 -2.294998442398431e-01
4.613999999999953e+00 -2.398458887300270e-01
4.619999999999953e+00 -2.501581095235517e-01
4.625999999999953e+00 -2.604350174091076e-01
4.631999999999953e+00 -2.706751282859221e-01
4.637999999999954e+00 -2.808769633773147e-01
4.643999999999954e+00 -2.910390494434862e-01
4.649999999999954e+00 -3.011599189935123e-01
4.655999999999954e+00 -3.112381104965089e-01
4.661999999999955e+00 -3.212721685919415e-01
4.667999999999955e+00 -3.312606442990462e-01
4.673999999999955e+00 -3.412020952253327e-01
4.679999999999955e+00 -3.510950857741405e-01
4.685999999999956e+00 -3.609381873512161e-01
4.691999999999956e+00 -3.707299785702837e-01
4.697999999999956e+00 -3.804690454575783e-01
4.703999999999956e+00 -3.901539816553127e-01
4.709999999999956e+00 -3.997833886240481e-01
4.715999999999957e+00 -4.093558758439405e-01
4.721999999999957e+00 -4.188700610148321e-01
4.727999999999957e+00 -4.283245702551611e-01
4.733999999999957e+00 -4.377180382996591e-01
4.739999999999958e+00 -4.470491086958090e-01
4.745999999999958e+00 -4.563164339990350e-01
4.751999999999958e+00 -4.655186759665956e-01
4.757999999999958e+00 -4.746545057501528e-01
4.763999999999958e+00 -4.837226040869897e-01
4.769999999999959e+00 -4.927216614898474e-01
4.775999999999959e+00 -5.016503784353566e-01
4.781999999999959e+00 -5.105074655510340e-01
4.787999999999959e+00 -5.192916438008180e-01
4.793999999999960e+00 -5.280016446691178e-01
4.799999999999960e+00 -5.366362103433467e-01
4.805999999999960e+00 -5.451940938949161e-01
4.811999999999960e+00 -5.536740594586628e-01
4.817999999999961e+00 -5.620748824106835e-01
4.823999999999961e+00 -5.703953495445522e-01
4.829999999999961e+00 -5.786342592458932e-01
4.835999999999961e+00 -5.867904216652864e-01
4.841999999999961e+00 -5.948626588894792e-01
4.847999999999962e+00 -6.028498051108797e-01
4.853999999999962e+00 -6.107507067953082e-01
4.859999999999962e+00 -6.185642228479816e-01
4.865999999999962e+00 -6.262892247777078e-01
4.871999999999963e+00 -6.339245968592647e-01
4.877999999999963e+00 -6.414692362939437e-01
4.883999999999963e+00 -6.489220533682305e-01
4.889999999999963e+00 -6.562819716106035e-01
4.895999999999963e+00 -6.635479279464260e-01
4.901999999999964e+00 -6.707188728509094e-01
4.907999999999964e+00 -6.777937705001263e-01
4.913999999999964e+00 -6.847715989200521e-01
4.919999999999964e+00 -6.916513501336116e-01
4.925999999999965e+00 -6.984320303057113e-01
4.931999999999965e+00 -7.051126598862369e-01
4.937999999999965e+00 -7.116922737509930e-01
4.943999999999965e+00 -7.181699213405666e-01
4.949999999999966e+00 -7.245446667970948e-01
4.955999999999966e+00 -7.308155890989154e-01
4.961999999999966e+00 -7.369817821930815e-01
4.967999999999966e+00 -7.430423551257224e-01
4.973999999999966e+00 -7.489964321702295e-01
4.979999999999967e+00 -7.548431529532516e-01
4.985999999999967e+00 -7.605816725784788e-01
4.991999999999967e+00 -7.662111617481990e-01
4.997999999999967e+00 -7.717308068826092e-01
5.003999999999968e+00 -7.771398102368627e-01
5.009999999999968e+00 -7.824373900158387e-01
5.015999999999968e+00 -7.876227804866138e-01
5.021999999999968e+00 -7.926952320886230e-01
5.027999999999968e+00 -7.976540115414911e-01
5.033999999999969e+00 -8.024984019505212e-01
5.039999999999969e+00 -8.072277029098244e-01
5.045999999999969e+00 -8.118412306030746e-01
5.051999999999969e+00 -8.163383179018768e-01
5.057999999999970e+00 -8.207183144617317e-01
5.063999999999970e+00 -8.249805868155843e-01
5.069999999999970e+00 -8.291245184649428e-01
5.075999999999970e+00 -8.331495099685552e-01
5.081999999999971e+00 -8.370549790286291e-01
5.087999999999971e+00 -8.408403605745849e-01
5.093999999999971e+00 -8.445051068443277e-01
5.099999999999971e+00 -8.480486874630278e-01
5.105999999999971e+00 -8.514705895193984e-01
5.111999999999972e+00 -8.547703176394587e-01
5.117999999999972e+00 -8.579473940577722e-01
5.123999999999972e+00 -8.610013586861505e-01
5.129999999999972e+00 -8.639317691798112e-01
5.135999999999973e+00 -8.667382010009825e-01
5.141999999999973e+00 -8.694202474799435e-01
5.147999999999973e+00 -8.719775198734918e-01
5.153999999999973e+00 -8.744096474208313e-01
5.159999999999973e+00 -8.767162773968699e-01
5.165999999999974e+00 -8.788970751629214e-01
5.171999999999974e+00 -8.809517242148035e-01
5.177999999999974e+00 -8.828799262283246e-01
5.183999999999974e+00 -8.846814011021535e-01
5.189999999999975e+00 -8.863558869980658e-01
5.195999999999975e+00 -8.879031403785602e-01
5.201999999999975e+00 -8.893229360418411e-01
5.207999999999975e+00 -8.906150671541604e-01
5.213999999999976e+00 -8.917793452795157e-01
5.219999999999976e+00 -8.928156004066994e-01
5.225999999999976e+00 -8.937236809736946e-01
5.231999999999976e+00 -8.945034538894161e-01
5.237999999999976e+00 -8.951548045527911e-01
5.243999999999977e+00 -8.956776368691782e-01
5.249999999999977e+00 -8.960718732641224e-01
5.255999999999977e+00 -8.963374546944426e-01
5.261999999999977e+00 -8.964743406566525e-01
5.267999999999978e+00 -8.964825091927116e-01
5.273999999999978e+00 -8.963619568931057e-01
5.279999999999978e+00 -8.961126988972583e-01
5.285999999999978e+00 -8.957347688912699e-01
5.291999999999978e+00 -8.952282191029882e-01
5.297999999999979e+00 -8.945931202944084e-01
5.303999999999979e+00 -8.938295617514049e-01
5.309999999999979e+00 -8.929376512707967e-01
5.315999999999979e+00 -8.919175151447466e-01
5.321999999999980e+00 -8.907692981424989e-01
5.327999999999980e+00 -8.894931634894561e-01
5.333999999999980e+00 -8.880892928435981e-01
5.339999999999980e+00 -8.865578862692486e-01
5.345999999999981e+00 -8.848991622081910e-01
5.351999999999981e+00 -8.831133574481377e-01
5.357999999999981e+00 -8.812007270885592e-01
5.363999999999981e+00 -8.791615445038763e-01
5.369999999999981e+00 -8.769961013040209e-01
5.375999999999982e+00 -8.747047072923720e-01
5.381999999999982e+00 -8.722876904210717e-01
5.387999999999982e+00 -8.697453967437283e-01
5.393999999999982e+00 -8.670781903655140e-01
5.399999999999983e+00 -8.642864533906628e-01
5.405999999999983e+00 -8.613705858673769e-01
5.411999999999983e+00 -8.583310057301506e-01
5.417999999999983e+00 -8.551681487395183e-01
5.423999999999984e+00 -8.518824684192355e-01
5.429999999999984e+00 -8.484744359909040e-01
5.435999999999984e+00 -8.449445403060470e-01
5.441999999999984e+00 -8.412932877756477e-01
5.447999999999984e+00 -8.375212022971587e-01
5.453999999999985e+00 -8.336288251789939e-01
5.459999999999985e+00 -8.296167150625148e-01
5.465999999999985e+00 -8.254854478415189e-01
5.471999999999985e+00 -8.212356165792468e-01
5.477999999999986e+00 -8.168678314229159e-01
5.483999999999986e+00 -8.123827195157943e-01
5.489999999999986e+00 -8.077809249068287e-01
5.495999999999986e+00 -8.030631084578371e-01
5.501999999999986e+00 -7.982299477482818e-01
5.507999999999987e+00 -7.932821369776351e-01
5.513999999999987e+00 -7.882203868653518e-01
5.519999999999987e+00 -7.830454245484642e-01
5.525999999999987e+00 -7.777579934768122e-01
5.531999999999988e+00 -7.723588533059257e-01
5.537999999999988e+00 -7.668487797875732e-01
5.543999999999988e+00 -7.612285646579930e-01
5.549999999999988e+00 -7.554990155238238e-01
5.555999999999989e+00 -7.496609557457489e-01
5.561999999999989e+00 -7.437152243198736e-01
5.567999999999989e+00 -7.376626757568507e-01
5.573999999999989e+00 -7.315041799587727e-01
5.579999999999989e+00 -7.252406220938478e-01
5.585999999999990e+00 -7.188729024688776e-01
5.591999999999990e+00 -7.124019363995564e-01
5.597999999999990e+00 -7.058286540786082e-01
5.603999999999990e+00 -6.991540004417827e-01
5.609999999999991e+00 -6.923789350317281e-01
5.615999999999991e+00 -6.855044318597615e-01
5.621999999999991e+00 -6.785314792655558e-01
5.627999999999991e+00 -6.714610797747634e-01
5.633999999999991e+00 -6.642942499545982e-01
5.639999999999992e+00 -6.570320202673953e-01
5.645999999999992e+00 -6.496754349221707e-01
5.651999999999992e+00 -6.422255517242015e-01
5.657999999999992e+00 -6.346834419226484e-01
5.663999999999993e+00 -6.270501900562433e-01
5.669999999999993e+00 -6.193268937970630e-01
5.675999999999993e+00 -6.115146637924123e-01
5.681999999999993e+00 -6.036146235048386e-01
5.687999999999994e+00 -5.956279090503024e-01
5.693999999999994e+00 -5.875556690345246e-01
5.699999999999994e+00 -5.793990643875372e-01
5.705999999999994e+00 -5.711592681964585e-01
5.711999999999994e+00 -5.628374655365181e-01
5.717999999999995e+00 -5.544348533003572e-01
5.723999999999995e+00 -5.459526400256254e-01
5.729999999999995e+00 -5.373920457209027e-01
5.735999999999995e+00 -5.287543016899696e-01
5.741999999999996e+00 -5.200406503544504e-01
5.747999999999996e+00 -5.112523450748563e-01
5.753999999999996e+00 -5.023906499700541e-01
5.759999999999996e+00 -4.934568397351850e-01
5.765999999999996e+00 -4.844521994580614e-01
5.771999999999997e+00 -4.753780244340676e-01
5.777999999999997e+00 -4.662356199795900e-01
5.783999999999997e+00 -4.570263012440058e-01
5.789999999999997e+00 -4.477513930202556e-01
5.795999999999998e+00 -4.384122295540267e-01
5.801999999999998e+00 -4.290101543515773e-01
5.807999999999998e+00 -4.195465199862258e-01
5.813999999999998e+00 -4.100226879035359e-01
5.819999999999999e+00 -4.004400282252234e-01
5.825999999999999e+00 -3.907999195518153e-01
5.831999999999999e+00 -3.811037487640864e-01
5.837999999999999e+00 -3.713529108233058e-01
5.843999999999999e+00 -3.615488085703186e-01
5.850000000000000e+00 -3.516928525234937e-01
5.856000000000000e+00 -3.417864606755668e-01
5.862000000000000e+00 -3.318310582894068e-01
5.868000000000000e+00 -3.218280776927356e-01
5.874000000000001e+00 -3.117789580718311e-01
5.880000000000001e+00 -3.016851452642429e-01
5.886000000000001e+00 -2.915480915505501e-01
5.892000000000001e+00 -2.813692554451918e-01
5.898000000000001e+00 -2.711501014864005e-01
5.904000000000002e+00 -2.608921000252677e-01
5.910000000000002e+00 -2.505967270139734e-01
5.916000000000002e+00 -2.402654637932086e-01
5.922000000000002e+00 -2.298997968788228e-01
5.928000000000003e+00 -2.195012177477260e-01
5.934000000000003e+00 -2.090712226230770e-01
5.940000000000003e+00 -1.986113122587883e-01
5.946000000000003e+00 -1.881229917233787e-01
5.952000000000004e+00 -1.776077701832047e-01
5.958000000000004e+00 -1.670671606851031e-01
5.964000000000004e+00 -1.565026799384737e-01
5.970000000000004e+00 -1.459158480968355e-01
5.976000000000004e+00 -1.353081885388873e-01
5.982000000000005e+00 -1.246812276491038e-01
5.988000000000005e+00 -1.140364945978997e-01
5.994000000000005e+00 -1.033755211213916e-01
