0.000000000000000e+00 0.000000000000000e+00
6.000000000000000e-03 1.196378432551070e-02
1.200000000000000e-02 2.385427723746100e-02
1.800000000000000e-02 3.567019465165094e-02
2.400000000000000e-02 4.741026066155682e-02
3.000000000000000e-02 5.907320773737998e-02
3.600000000000000e-02 7.065777692379764e-02
4.200000000000000e-02 8.216271803638792e-02
4.799999999999999e-02 9.358678985670131e-02
5.399999999999999e-02 1.049287603259511e-01
5.999999999999999e-02 1.161874067372954e-01
6.599999999999999e-02 1.273615159266833e-01
7.199999999999999e-02 1.384498844622386e-01
7.800000000000000e-02 1.494513188321548e-01
8.400000000000001e-02 1.603646356310732e-01
9.000000000000001e-02 1.711886617449196e-01
9.600000000000002e-02 1.819222345341727e-01
1.020000000000000e-01 1.925642020155383e-01
1.080000000000000e-01 2.031134230420036e-01
1.140000000000000e-01 2.135687674812465e-01
1.200000000000000e-01 2.239291163923743e-01
1.260000000000000e-01 2.341933622009677e-01
1.320000000000000e-01 2.443604088724040e-01
1.380000000000000e-01 2.544291720834363e-01
1.440000000000000e-01 2.643985793920040e-01
1.500000000000000e-01 2.742675704052503e-01
1.560000000000001e-01 2.840350969457243e-01
1.620000000000001e-01 2.937001232157417e-01
1.680000000000001e-01 3.032616259598840e-01
1.740000000000001e-01 3.127185946256115e-01
1.800000000000001e-01 3.220700315219666e-01
1.860000000000001e-01 3.313149519763481e-01
1.920000000000001e-01 3.404523844893309e-01
1.980000000000001e-01 3.494813708875112e-01
2.040000000000001e-01 3.584009664743561e-01
2.100000000000001e-01 3.672102401790345e-01
2.160000000000001e-01 3.759082747032098e-01
2.220000000000001e-01 3.844941666657736e-01
2.280000000000001e-01 3.929670267454991e-01
2.340000000000001e-01 4.013259798215952e-01
2.400000000000001e-01 4.095701651121407e-01
2.460000000000001e-01 4.176987363103797e-01
2.520000000000001e-01 4.257108617188588e-01
2.580000000000001e-01 4.336057243813867e-01
2.640000000000001e-01 4.413825222127986e-01
2.700000000000001e-01 4.490404681265066e-01
2.760000000000001e-01 4.565787901598181e-01
2.820000000000001e-01 4.639967315970047e-01
2.880000000000001e-01 4.712935510901047e-01
2.940000000000002e-01 4.784685227774413e-01
3.000000000000002e-01 4.855209363998407e-01
3.060000000000002e-01 4.924500974145337e-01
3.120000000000002e-01 4.992553271067243e-01
3.180000000000002e-01 5.059359626988101e-01
3.240000000000002e-01 5.124913574572392e-01
3.300000000000002e-01 5.189208807969878e-01
3.360000000000002e-01 5.252239183836462e-01
3.420000000000002e-01 5.313998722330949e-01
3.480000000000002e-01 5.374481608087611e-01
3.540000000000002e-01 5.433682191164394e-01
3.600000000000002e-01 5.491594987966640e-01
3.660000000000002e-01 5.548214682146202e-01
3.720000000000002e-01 5.603536125475811e-01
3.780000000000002e-01 5.657554338698593e-01
3.840000000000002e-01 5.710264512352603e-01
3.900000000000002e-01 5.761662007570267e-01
3.960000000000002e-01 5.811742356852616e-01
4.020000000000002e-01 5.860501264818209e-01
4.080000000000003e-01 5.907934608926644e-01
4.140000000000003e-01 5.954038440176548e-01
4.200000000000003e-01 5.998808983777950e-01
4.260000000000003e-01 6.042242639798958e-01
4.320000000000003e-01 6.084335983786628e-01
4.380000000000003e-01 6.125085767361960e-01
4.440000000000003e-01 6.164488918788923e-01
4.500000000000003e-01 6.202542543517447e-01
4.560000000000003e-01 6.239243924700292e-01
4.620000000000003e-01 6.274590523683725e-01
4.680000000000003e-01 6.308579980471956e-01
4.740000000000003e-01 6.341210114165243e-01
4.800000000000003e-01 6.372478923371629e-01
4.860000000000003e-01 6.402384586592238e-01
4.920000000000003e-01 6.430925462580090e-01
4.980000000000003e-01 6.458100090672387e-01
5.040000000000003e-01 6.483907191096210e-01
5.100000000000003e-01 6.508345665247607e-01
5.160000000000003e-01 6.531414595944024e-01
5.220000000000004e-01 6.553113247650046e-01
5.280000000000004e-01 6.573441066676422e-01
5.340000000000004e-01 6.592397681352344e-01
5.400000000000004e-01 6.609982902170973e-01
5.460000000000004e-01 6.626196721908166e-01
5.520000000000004e-01 6.641039315714425e-01
5.580000000000004e-01 6.654511041180029e-01
5.640000000000004e-01 6.666612438373357e-01
5.700000000000004e-01 6.677344229852402e-01
5.760000000000004e-01 6.686707320649469e-01
5.820000000000004e-01 6.694702798229061e-01
5.880000000000004e-01 6.701331932418978e-01
5.940000000000004e-01 6.706596175314625e-01
6.000000000000004e-01 6.710497161156553e-01
6.060000000000004e-01 6.713036706181253e-01
6.120000000000004e-01 6.714216808445229e-01
6.180000000000004e-01 6.714039647622375e-01
6.240000000000004e-01 6.712507584774696e-01
6.300000000000004e-01 6.709623162096394e-01
6.360000000000005e-01 6.705389102631376e-01
6.420000000000005e-01 6.699808309964219e-01
6.480000000000005e-01 6.692883867884637e-01
6.540000000000005e-01 6.684619040025506e-01
6.600000000000005e-01 6.675017269474505e-01
6.660000000000005e-01 6.664082178359420e-01
6.720000000000005e-01 6.651817567407190e-01
6.780000000000005e-01 6.638227415476746e-01
6.840000000000005e-01 6.623315879065722e-01
6.900000000000005e-01 6.607087291791113e-01
6.960000000000005e-01 6.589546163843947e-01
7.020000000000005e-01 6.570697181418069e-01
7.080000000000005e-01 6.550545206113108e-01
7.140000000000005e-01 6.529095274311714e-01
7.200000000000005e-01 6.506352596531181e-01
7.260000000000005e-01 6.482322556749519e-01
7.320000000000005e-01 6.457010711706098e-01
7.380000000000005e-01 6.430422790176963e-01
7.440000000000005e-01 6.402564692224916e-01
7.500000000000006e-01 6.373442488424494e-01
7.560000000000006e-01 6.343062419061942e-01
7.620000000000006e-01 6.311430893310304e-01
7.680000000000006e-01 6.278554488379754e-01
7.740000000000006e-01 6.244439948643298e-01
7.800000000000006e-01 6.209094184737960e-01
7.860000000000006e-01 6.172524272641600e-01
7.920000000000006e-01 6.134737452725487e-01
7.980000000000006e-01 6.095741128782782e-01
8.040000000000006e-01 6.055542867033051e-01
8.100000000000006e-01 6.014150395102974e-01
8.160000000000006e-01 5.971571600983390e-01
8.220000000000006e-01 5.927814531962829e-01
8.280000000000006e-01 5.882887393537701e-01
8.340000000000006e-01 5.836798548299272e-01
8.400000000000006e-01 5.789556514797628e-01
8.460000000000006e-01 5.741169966382760e-01
8.520000000000006e-01 5.691647730022958e-01
8.580000000000007e-01 5.640998785100687e-01
8.640000000000007e-01 5.589232262186099e-01
8.700000000000007e-01 5.536357441788394e-01
8.760000000000007e-01 5.482383753085186e-01
8.820000000000007e-01 5.427320772630064e-01
8.880000000000007e-01 5.371178223038552e-01
8.940000000000007e-01 5.313965971652632e-01
9.000000000000007e-01 5.255694029184056e-01
9.060000000000007e-01 5.196372548336617e-01
9.120000000000007e-01 5.136011822407601e-01
9.180000000000007e-01 5.074622283868606e-01
9.240000000000007e-01 5.012214502925949e-01
9.300000000000007e-01 4.948799186060863e-01
9.360000000000007e-01 4.884387174549695e-01
9.420000000000007e-01 4.818989442964330e-01
9.480000000000007e-01 4.752617097653045e-01
9.540000000000007e-01 4.685281375202028e-01
9.600000000000007e-01 4.616993640877772e-01
9.660000000000007e-01 4.547765387050589e-01
9.720000000000008e-01 4.477608231599444e-01
9.780000000000008e-01 4.406533916298381e-01
9.840000000000008e-01 4.334554305184734e-01
9.900000000000008e-01 4.261681382909388e-01
9.960000000000008e-01 4.187927253069322e-01
1.002000000000001e+00 4.113304136522670e-01
1.008000000000001e+00 4.037824369686556e-01
1.014000000000001e+00 3.961500402817938e-01
1.020000000000001e+00 3.884344798277723e-01
1.026000000000001e+00 3.806370228778390e-01
1.032000000000001e+00 3.727589475615392e-01
1.038000000000001e+00 3.648015426882587e-01
1.044000000000001e+00 3.567661075671943e-01
1.050000000000001e+00 3.486539518257810e-01
1.056000000000001e+00 3.404663952265983e-01
1.062000000000001e+00 3.322047674827861e-01
1.068000000000001e+00 3.238704080719936e-01
1.074000000000001e+00 3.154646660488906e-01
1.080000000000001e+00 3.069888998562670e-01
1.086000000000001e+00 2.984444771347487e-01
1.092000000000001e+00 2.898327745311567e-01
1.098000000000001e+00 2.811551775055379e-01
1.104000000000001e+00 2.724130801368956e-01
1.110000000000001e+00 2.636078849276468e-01
1.116000000000001e+00 2.547410026068364e-01
1.122000000000001e+00 2.458138519321347e-01
1.128000000000001e+00 2.368278594906495e-01
1.134000000000001e+00 2.277844594985785e-01
1.140000000000001e+00 2.186850935997343e-01
1.146000000000001e+00 2.095312106629686e-01
1.152000000000001e+00 2.003242665785265e-01
1.158000000000001e+00 1.910657240533595e-01
1.164000000000001e+00 1.817570524054277e-01
1.170000000000001e+00 1.723997273570202e-01
1.176000000000001e+00 1.629952308271242e-01
1.182000000000001e+00 1.535450507228723e-01
1.188000000000001e+00 1.440506807300990e-01
1.194000000000001e+00 1.345136201030360e-01
1.200000000000001e+00 1.249353734531772e-01
1.206000000000001e+00 1.153174505373435e-01
1.212000000000001e+00 1.056613660449789e-01
1.218000000000001e+00 9.596863938470804e-02
1.224000000000001e+00 8.624079447018582e-02
1.230000000000001e+00 7.647935950527114e-02
1.236000000000001e+00 6.668586676855492e-02
1.242000000000001e+00 5.686185239727402e-02
1.248000000000001e+00 4.700885617064221e-02
1.254000000000001e+00 3.712842129262961e-02
1.260000000000001e+00 2.722209417422204e-02
1.266000000000001e+00 1.729142421519175e-02
1.272000000000001e+00 7.337963585411127e-03
1.278000000000001e+00 -2.636732994258876e-03
1.284000000000001e+00 -1.263110847147407e-02
1.290000000000001e+00 -2.264360368227415e-02
1.296000000000001e+00 -3.267265757127992e-02
1.302000000000001e+00 -4.271670741218875e-02
1.308000000000001e+00 -5.277418902853626e-02
1.314000000000001e+00 -6.284353701469239e-02
1.320000000000001e+00 -7.292318495705986e-02
1.326000000000001e+00 -8.301156565544301e-02
1.332000000000001e+00 -9.310711134455495e-02
1.338000000000001e+00 -1.032082539156310e-01
1.344000000000001e+00 -1.133134251381165e-01
1.350000000000001e+00 -1.234210568813965e-01
1.356000000000001e+00 -1.335295813365359e-01
1.362000000000001e+00 -1.436374312379973e-01
1.368000000000001e+00 -1.537430400853051e-01
1.374000000000001e+00 -1.638448423646231e-01
1.380000000000001e+00 -1.739412737702142e-01
1.386000000000001e+00 -1.840307714257498e-01
1.392000000000001e+00 -1.941117741054370e-01
1.398000000000001e+00 -2.041827224549317e-01
1.404000000000001e+00 -2.142420592120054e-01
1.410000000000001e+00 -2.242882294269338e-01
1.416000000000001e+00 -2.343196806825761e-01
1.422000000000001e+00 -2.443348633141116e-01
1.428000000000001e+00 -2.543322306284033e-01
1.434000000000001e+00 -2.643102391229566e-01
1.440000000000001e+00 -2.742673487044403e-01
1.446000000000001e+00 -2.842020229067389e-01
1.452000000000001e+00 -2.941127291085064e-01
1.458000000000001e+00 -3.039979387501865e-01
1.464000000000001e+00 -3.138561275504714e-01
1.470000000000001e+00 -3.236857757221657e-01
1.476000000000001e+00 -3.334853681874250e-01
1.482000000000001e+00 -3.432533947923377e-01
1.488000000000001e+00 -3.529883505208203e-01
1.494000000000001e+00 -3.626887357077923e-01
1.500000000000001e+00 -3.723530562516037e-01
1.506000000000001e+00 -3.819798238256811e-01
1.512000000000001e+00 -3.915675560893636e-01
1.518000000000001e+00 -4.011147768978980e-01
1.524000000000001e+00 -4.106200165115618e-01
1.530000000000001e+00 -4.200818118038845e-01
1.536000000000001e+00 -4.294987064689378e-01
1.542000000000001e+00 -4.388692512276631e-01
1.548000000000001e+00 -4.481920040332080e-01
1.554000000000001e+00 -4.574655302752407e-01
1.560000000000001e+00 -4.666884029832147e-01
1.566000000000001e+00 -4.758592030285519e-01
1.572000000000001e+00 -4.849765193257171e-01
1.578000000000001e+00 -4.940389490321536e-01
1.584000000000001e+00 -5.030450977470515e-01
1.590000000000001e+00 -5.119935797089195e-01
1.596000000000001e+00 -5.208830179919318e-01
1.602000000000001e+00 -5.297120447010227e-01
1.608000000000001e+00 -5.384793011656988e-01
1.614000000000001e+00 -5.471834381325418e-01
1.620000000000001e+00 -5.558231159563753e-01
1.626000000000001e+00 -5.643970047900654e-01
1.632000000000001e+00 -5.729037847729290e-01
1.638000000000001e+00 -5.813421462177240e-01
1.644000000000001e+00 -5.897107897961907e-01
1.650000000000001e+00 -5.980084267231222e-01
1.656000000000001e+00 -6.062337789389322e-01
1.662000000000001e+00 -6.143855792906986e-01
1.668000000000001e+00 -6.224625717116531e-01
1.674000000000001e+00 -6.304635113990928e-01
1.680000000000001e+00 -6.383871649906874e-01
1.686000000000001e+00 -6.462323107391562e-01
1.692000000000001e+00 -6.539977386852910e-01
1.698000000000001e+00 -6.616822508292979e-01
1.704000000000001e+00 -6.692846613004348e-01
1.710000000000001e+00 -6.768037965249196e-01
1.716000000000001e+00 -6.842384953920844e-01
1.722000000000001e+00 -6.915876094187519e-01
1.728000000000001e+00 -6.988500029118110e-01
1.734000000000001e+00 -7.060245531289671e-01
1.740000000000001e+00 -7.131101504376437e-01
1.746000000000001e+00 -7.201056984720137e-01
1.752000000000001e+00 -7.270101142881358e-01
1.758000000000001e+00 -7.338223285171753e-01
1.764000000000001e+00 -7.405412855166863e-01
1.770000000000001e+00 -7.471659435199332e-01
1.776000000000001e+00 -7.536952747832300e-01
1.782000000000001e+00 -7.601282657312773e-01
1.788000000000001e+00 -7.664639171004740e-01
1.794000000000001e+00 -7.727012440801841e-01
1.800000000000001e+00 -7.788392764519386e-01
1.806000000000001e+00 -7.848770587265508e-01
1.812000000000001e+00 -7.908136502791269e-01
1.818000000000001e+00 -7.966481254819514e-01
1.824000000000001e+00 -8.023795738352284e-01
1.830000000000001e+00 -8.080071000956589e-01
1.836000000000001e+00 -8.135298244028377e-01
1.842000000000001e+00 -8.189468824034490e-01
1.848000000000001e+00 -8.242574253732451e-01
1.854000000000001e+00 -8.294606203367881e-01
1.860000000000001e+00 -8.345556501849402e-01
1.866000000000001e+00 -8.395417137900820e-01
1.872000000000001e+00 -8.444180261190465e-01
1.878000000000001e+00 -8.491838183437476e-01
1.884000000000001e+00 -8.538383379494914e-01
1.890000000000001e+00 -8.583808488409519e-01
1.896000000000001e+00 -8.628106314457965e-01
1.902000000000001e+00 -8.671269828159471e-01
1.908000000000001e+00 -8.713292167264607e-01
1.914000000000001e+00 -8.754166637720161e-01
1.920000000000001e+00 -8.793886714609929e-01
1.926000000000001e+00 -8.832446043071283e-01
1.932000000000001e+00 -8.869838439187393e-01
1.938000000000001e+00 -8.906057890854968e-01
1.944000000000002e+00 -8.941098558627394e-01
1.950000000000002e+00 -8.974954776533141e-01
1.956000000000002e+00 -9.007621052869326e-01
1.962000000000002e+00 -9.039092070970319e-01
1.968000000000002e+00 -9.069362689951275e-01
1.974000000000002e+00 -9.098427945426476e-01
1.980000000000002e+00 -9.126283050202407e-01
1.986000000000002e+00 -9.152923394945433e-01
1.992000000000002e+00 -9.178344548823992e-01
1.998000000000002e+00 -9.202542260125233e-01
2.004000000000001e+00 -9.225512456845960e-01
2.010000000000001e+00 -9.247251247257852e-01
2.016000000000001e+00 -9.267754920446832e-01
2.022000000000001e+00 -9.287019946826538e-01
2.028000000000000e+00 -9.305042978625794e-01
2.034000000000000e+00 -9.321820850350039e-01
2.040000000000000e+00 -9.337350579216622e-01
2.046000000000000e+00 -9.351629365563915e-01
2.052000000000000e+00 -9.364654593234172e-01
2.057999999999999e+00 -9.376423829930096e-01
2.063999999999999e+00 -9.386934827545040e-01
2.069999999999999e+00 -9.396185522466812e-01
2.075999999999999e+00 -9.404174035855029e-01
2.081999999999999e+00 -9.410898673891982e-01
2.087999999999998e+00 -9.416357928006982e-01
2.093999999999998e+00 -9.420550475074138e-01
2.099999999999998e+00 -9.423475177583555e-01
2.105999999999998e+00 -9.425131083785916e-01
2.111999999999997e+00 -9.425517427810433e-01
2.117999999999997e+00 -9.424633629756141e-01
2.123999999999997e+00 -9.422479295756530e-01
2.129999999999997e+00 -9.419054218017500e-01
2.135999999999997e+00 -9.414358374828636e-01
2.141999999999996e+00 -9.408391930547797e-01
2.147999999999996e+00 -9.401155235559019e-01
2.153999999999996e+00 -9.392648826203748e-01
2.159999999999996e+00 -9.382873424685402e-01
2.165999999999995e+00 -9.371829938947274e-01
2.171999999999995e+00 -9.359519462523803e-01
2.177999999999995e+00 -9.345943274365227e-01
2.183999999999995e+00 -9.331102838635639e-01
2.189999999999995e+00 -9.314999804484480e-01
2.195999999999994e+00 -9.297636005791505e-01
2.201999999999994e+00 -9.279013460885253e-01
2.207999999999994e+00 -9.259134372235049e-01
2.213999999999994e+00 -9.238001126116613e-01
2.219999999999994e+00 -9.215616292251284e-01
2.225999999999993e+00 -9.191982623418952e-01
2.231999999999993e+00 -9.167103055044711e-01
2.237999999999993e+00 -9.140980704759331e-01
2.243999999999993e+00 -9.113618871933579e-01
2.249999999999992e+00 -9.085021037186478e-01
2.255999999999992e+00 -9.055190861867566e-01
2.261999999999992e+00 -9.024132187513223e-01
2.267999999999992e+00 -8.991849035277159e-01
2.273999999999992e+00 -8.958345605335124e-01
2.279999999999991e+00 -8.923626276263948e-01
2.285999999999991e+00 -8.887695604394982e-01
2.291999999999991e+00 -8.850558323142033e-01
2.297999999999991e+00 -8.812219342303907e-01
2.303999999999991e+00 -8.772683747341643e-01
2.309999999999990e+00 -8.731956798630539e-01
2.315999999999990e+00 -8.690043930687096e-01
2.321999999999990e+00 -8.646950751370970e-01
2.327999999999990e+00 -8.602683041062060e-01
2.333999999999989e+00 -8.557246751812848e-01
2.339999999999989e+00 -8.510648006476101e-01
2.345999999999989e+00 -8.462893097808079e-01
2.351999999999989e+00 -8.413988487547357e-01
2.357999999999989e+00 -8.363940805469420e-01
2.363999999999988e+00 -8.312756848417130e-01
2.369999999999988e+00 -8.260443579307242e-01
2.375999999999988e+00 -8.207008126113080e-01
2.381999999999988e+00 -8.152457780823547e-01
2.387999999999987e+00 -8.096799998378589e-01
2.393999999999987e+00 -8.040042395581294e-01
2.399999999999987e+00 -7.982192749986762e-01
2.405999999999987e+00 -7.923258998767915e-01
2.411999999999987e+00 -7.863249237558406e-01
2.417999999999986e+00 -7.802171719272798e-01
2.423999999999986e+00 -7.740034852904174e-01
2.429999999999986e+00 -7.676847202299358e-01
2.435999999999986e+00 -7.612617484911924e-01
2.441999999999986e+00 -7.547354570533162e-01
2.447999999999985e+00 -7.481067480001194e-01
2.453999999999985e+00 -7.413765383888421e-01
2.459999999999985e+00 -7.345457601167485e-01
2.465999999999985e+00 -7.276153597855953e-01
2.471999999999984e+00 -7.205862985639895e-01
2.477999999999984e+00 -7.134595520476570e-01
2.483999999999984e+00 -7.062361101176421e-01
2.489999999999984e+00 -6.989169767964574e-01
2.495999999999984e+00 -6.915031701022049e-01
2.501999999999983e+00 -6.839957219006900e-01
2.507999999999983e+00 -6.763956777555495e-01
2.513999999999983e+00 -6.687040967764136e-01
2.519999999999983e+00 -6.609220514651265e-01
2.525999999999982e+00 -6.530506275600447e-01
2.531999999999982e+00 -6.450909238784380e-01
2.537999999999982e+00 -6.370440521570140e-01
2.543999999999982e+00 -6.289111368905896e-01
2.549999999999982e+00 -6.206933151689336e-01
2.555999999999981e+00 -6.123917365118016e-01
2.561999999999981e+00 -6.040075627021899e-01
2.567999999999981e+00 -5.955419676178300e-01
2.573999999999981e+00 -5.869961370609482e-01
2.579999999999981e+00 -5.783712685863166e-01
2.585999999999980e+00 -5.696685713276178e-01
2.591999999999980e+00 -5.608892658221498e-01
2.597999999999980e+00 -5.520345838338960e-01
2.603999999999980e+00 -5.431057681749852e-01
2.609999999999979e+00 -5.341040725255682e-01
2.615999999999979e+00 -5.250307612521359e-01
2.621999999999979e+00 -5.158871092243055e-01
2.627999999999979e+00 -5.066744016301017e-01
2.633999999999979e+00 -4.973939337897583e-01
2.639999999999978e+00 -4.880470109680677e-01
2.645999999999978e+00 -4.786349481853052e-01
2.651999999999978e+00 -4.691590700267552e-01
2.657999999999978e+00 -4.596207104508668e-01
2.663999999999977e+00 -4.500212125960663e-01
2.669999999999977e+00 -4.403619285862538e-01
2.675999999999977e+00 -4.306442193350139e-01
2.681999999999977e+00 -4.208694543485653e-01
2.687999999999977e+00 -4.110390115274810e-01
2.693999999999976e+00 -4.011542769672055e-01
2.699999999999976e+00 -3.912166447573987e-01
2.705999999999976e+00 -3.812275167801344e-01
2.711999999999976e+00 -3.711883025069835e-01
2.717999999999976e+00 -3.611004187950108e-01
2.723999999999975e+00 -3.509652896817138e-01
2.729999999999975e+00 -3.407843461789343e-01
2.735999999999975e+00 -3.305590260657719e-01
2.741999999999975e+00 -3.202907736805287e-01
2.747999999999974e+00 -3.099810397117159e-01
2.753999999999974e+00 -2.996312809881521e-01
2.759999999999974e+00 -2.892429602681830e-01
2.765999999999974e+00 -2.788175460280538e-01
2.771999999999974e+00 -2.683565122494639e-01
2.777999999999973e+00 -2.578613382063344e-01
2.783999999999973e+00 -2.473335082508200e-01
2.789999999999973e+00 -2.367745115985952e-01
2.795999999999973e+00 -2.261858421134459e-01
2.801999999999973e+00 -2.155689980911973e-01
2.807999999999972e+00 -2.049254820430099e-01
2.813999999999972e+00 -1.942568004780736e-01
2.819999999999972e+00 -1.835644636857322e-01
2.825999999999972e+00 -1.728499855170686e-01
2.831999999999971e+00 -1.621148831659834e-01
2.837999999999971e+00 -1.513606769497972e-01
2.843999999999971e+00 -1.405888900894092e-01
2.849999999999971e+00 -1.298010484890424e-01
2.855999999999971e+00 -1.189986805156084e-01
2.861999999999970e+00 -1.081833167777232e-01
2.867999999999970e+00 -9.735648990440492e-02
2.873999999999970e+00 -8.651973432348674e-02
2.879999999999970e+00 -7.567458603977537e-02
2.885999999999969e+00 -6.482258241298833e-02
2.891999999999969e+00 -5.396526193550114e-02
2.897999999999969e+00 -4.310416400993664e-02
2.903999999999969e+00 -3.224082872662858e-02
2.909999999999969e+00 -2.137679664099115e-02
2.915999999999968e+00 -1.051360855082693e-02
2.921999999999968e+00 3.471947263951961e-04
2.927999999999968e+00 1.120407257625968e-02
2.933999999999968e+00 2.205548481008977e-02
2.939999999999968e+00 3.289989188756660e-02
2.945999999999967e+00 4.373575513924993e-02
2.951999999999967e+00 5.456153698896854e-02
2.957999999999967e+00 6.537570117604821e-02
2.963999999999967e+00 7.617671297734542e-02
2.969999999999966e+00 8.696303942905474e-02
2.975999999999966e+00 9.773314954825810e-02
2.981999999999966e+00 1.084855145541838e-01
2.987999999999966e+00 1.192186080891441e-01
2.993999999999966e+00 1.299309064391184e-01
2.999999999999965e+00 1.406208887539515e-01
3.005999999999965e+00 1.512870372671352e-01
3.011999999999965e+00 1.619278375151397e-01
3.017999999999965e+00 1.725417785562667e-01
3.023999999999964e+00 1.831273531889891e-01
3.029999999999964e+00 1.936830581697483e-01
3.035999999999964e+00 2.042073944301769e-01
3.041999999999964e+00 2.146988672937159e-01
3.047999999999964e+00 2.251559866915941e-01
3.053999999999963e+00 2.355772673781407e-01
3.059999999999963e+00 2.459612291453980e-01
3.065999999999963e+00 2.563063970370044e-01
3.071999999999963e+00 2.666113015613175e-01
3.077999999999963e+00 2.768744789037448e-01
3.083999999999962e+00 2.870944711382535e-01
3.089999999999962e+00 2.972698264380276e-01
3.095999999999962e+00 3.073990992852423e-01
3.101999999999962e+00 3.174808506799260e-01
3.107999999999961e+00 3.275136483478796e-01
3.113999999999961e+00 3.374960669476221e-01
3.119999999999961e+00 3.474266882763350e-01
3.125999999999961e+00 3.573041014747740e-01
3.131999999999961e+00 3.671269032311188e-01
3.137999999999960e+00 3.768936979837323e-01
3.143999999999960e+00 3.866030981227997e-01
3.149999999999960e+00 3.962537241908187e-01
3.155999999999960e+00 4.058442050819109e-01
3.161999999999960e+00 4.153731782399275e-01
3.167999999999959e+00 4.248392898553194e-01
3.173999999999959e+00 4.342411950607438e-01
3.179999999999959e+00 4.435775581253795e-01
3.185999999999959e+00 4.528470526479220e-01
3.191999999999958e+00 4.620483617482321e-01
3.197999999999958e+00 4.711801782576091e-01
3.203999999999958e+00 4.802412049076615e-01
3.209999999999958e+00 4.892301545177489e-01
3.215999999999958e+00 4.981457501809666e-01
3.221999999999957e+00 5.069867254486481e-01
3.227999999999957e+00 5.157518245133568e-01
3.233999999999957e+00 5.244398023903420e-01
3.239999999999957e+00 5.330494250974336e-01
3.245999999999956e+00 5.415794698333470e-01
3.251999999999956e+00 5.500287251543760e-01
3.257999999999956e+00 5.583959911494453e-01
3.263999999999956e+00 5.666800796134999e-01
3.269999999999956e+00 5.748798142192039e-01
3.275999999999955e+00 5.829940306869265e-01
3.281999999999955e+00 5.910215769529887e-01
3.287999999999955e+00 5.989613133361483e-01
3.293999999999955e+00 6.068121127022974e-01
3.299999999999955e+00 6.145728606273501e-01
3.305999999999954e+00 6.222424555582964e-01
3.311999999999954e+00 6.298198089723995e-01
3.317999999999954e+00 6.373038455345130e-01
3.323999999999954e+00 6.446935032524955e-01
3.329999999999953e+00 6.519877336307009e-01
3.335999999999953e+00 6.591855018215218e-01
3.341999999999953e+00 6.662857867749638e-01
3.347999999999953e+00 6.732875813862300e-01
3.353999999999953e+00 6.801898926412943e-01
3.359999999999952e+00 6.869917417604414e-01
3.365999999999952e+00 6.936921643397553e-01
3.371999999999952e+00 7.002902104905331e-01
3.377999999999952e+00 7.067849449766059e-01
3.383999999999951e+00 7.131754473495470e-01
3.389999999999951e+00 7.194608120817463e-01
3.395999999999951e+00 7.256401486973344e-01
3.401999999999951e+00 7.317125819009351e-01
3.407999999999951e+00 7.376772517042290e-01
3.413999999999950e+00 7.435333135503100e-01
3.419999999999950e+00 7.492799384358166e-01
3.425999999999950e+00 7.549163130308199e-01
3.431999999999950e+00 7.604416397964521e-01
3.437999999999950e+00 7.658551371002583e-01
3.443999999999949e+00 7.711560393292540e-01
3.449999999999949e+00 7.763435970006736e-01
3.455999999999949e+00 7.814170768703921e-01
3.461999999999949e+00 7.863757620390069e-01
3.467999999999948e+00 7.912189520555621e-01
3.473999999999948e+00 7.959459630189013e-01
3.479999999999948e+00 8.005561276766346e-01
3.485999999999948e+00 8.050487955217056e-01
3.491999999999948e+00 8.094233328865432e-01
3.497999999999947e+00 8.136791230347871e-01
3.503999999999947e+00 8.178155662505706e-01
3.509999999999947e+00 8.218320799253517e-01
3.515999999999947e+00 8.257280986422761e-01
3.521999999999947e+00 8.295030742580631e-01
3.527999999999946e+00 8.331564759824005e-01
3.533999999999946e+00 8.366877904548383e-01
3.539999999999946e+00 8.400965218191699e-01
3.545999999999946e+00 8.433821917952901e-01
3.551999999999945e+00 8.465443397485183e-01
3.557999999999945e+00 8.495825227563800e-01
3.563999999999945e+00 8.524963156728333e-01
3.569999999999945e+00 8.552853111899341e-01
3.575999999999945e+00 8.579491198969293e-01
3.581999999999944e+00 8.604873703367708e-01
3.587999999999944e+00 8.628997090600408e-01
3.593999999999944e+00 8.651858006762821e-01
3.599999999999944e+00 8.673453279027254e-01
3.605999999999943e+00 8.693779916104057e-01
3.611999999999943e+00 8.712835108676629e-01
3.617999999999943e+00 8.730616229810189e-01
3.623999999999943e+00 8.747120835334264e-01
3.629999999999943e+00 8.762346664198832e-01
3.635999999999942e+00 8.776291638804068e-01
3.641999999999942e+00 8.788953865303649e-01
3.647999999999942e+00 8.800331633881582e-01
3.653999999999942e+00 8.810423419002495e-01
3.659999999999942e+00 8.819227879635381e-01
3.665999999999941e+00 8.826743859450733e-01
3.671999999999941e+00 8.832970386991078e-01
3.677999999999941e+00 8.837906675814845e-01
3.683999999999941e+00 8.841552124613585e-01
3.689999999999940e+00 8.843906317302496e-01
3.695999999999940e+00 8.844969023084258e-01
3.701999999999940e+00 8.844740196486167e-01
3.707999999999940e+00 8.843219977370548e-01
3.713999999999940e+00 8.840408690918469e-01
3.719999999999939e+00 8.836306847586739e-01
3.725999999999939e+00 8.830915143038207e-01
3.731999999999939e+00 8.824234458045369e-01
3.737999999999939e+00 8.816265858367293e-01
3.743999999999938e+00 8.807010594599887e-01
3.749999999999938e+00 8.796470101999532e-01
3.755999999999938e+00 8.784646000280094e-01
3.761999999999938e+00 8.771540093383358e-01
3.767999999999938e+00 8.757154369222908e-01
3.773999999999937e+00 8.741490999401501e-01
3.779999999999937e+00 8.724552338901956e-01
3.785999999999937e+00 8.706340925751628e-01
3.791999999999937e+00 8.686859480660490e-01
3.797999999999937e+00 8.666110906632903e-01
3.803999999999936e+00 8.644098288553097e-01
3.809999999999936e+00 8.620824892744454e-01
3.815999999999936e+00 8.596294166502640e-01
3.821999999999936e+00 8.570509737602653e-01
3.827999999999935e+00 8.543475413779862e-01
3.833999999999935e+00 8.515195182185117e-01
3.839999999999935e+00 8.485673208813999e-01
3.845999999999935e+00 8.454913837910293e-01
3.851999999999935e+00 8.422921591343782e-01
3.857999999999934e+00 8.389701167962434e-01
3.863999999999934e+00 8.355257442919093e-01
3.869999999999934e+00 8.319595466972753e-01
3.875999999999934e+00 8.282720465764537e-01
3.881999999999934e+00 8.244637839068460e-01
3.887999999999933e+00 8.205353160017113e-01
3.893999999999933e+00 8.164872174302348e-01
3.899999999999933e+00 8.123200799351112e-01
3.905999999999933e+00 8.080345123476519e-01
3.911999999999932e+00 8.036311405004302e-01
3.917999999999932e+00 7.991106071374763e-01
3.923999999999932e+00 7.944735718220355e-01
3.929999999999932e+00 7.897207108419022e-01
3.935999999999932e+00 7.848527171123436e-01
3.941999999999931e+00 7.798703000766281e-01
3.947999999999931e+00 7.747741856041707e-01
3.953999999999931e+00 7.695651158863122e-01
3.959999999999931e+00 7.642438493297457e-01
3.965999999999930e+00 7.588111604476064e-01
3.971999999999930e+00 7.532678397482410e-01
3.977999999999930e+00 7.476146936216705e-01
3.983999999999930e+00 7.418525442237661e-01
3.989999999999930e+00 7.359822293581515e-01
3.995999999999929e+00 7.300046023558516e-01
4.001999999999930e+00 7.239205319527026e-01
4.007999999999930e+00 7.177309021645421e-01
4.013999999999930e+00 7.114366121601978e-01
4.019999999999930e+00 7.050385761322924e-01
4.025999999999931e+00 6.985377231658824e-01
4.031999999999931e+00 6.919349971049523e-01
4.037999999999931e+00 6.852313564167809e-01
4.043999999999931e+00 6.784277740541997e-01
4.049999999999931e+00 6.715252373157653e-01
4.055999999999932e+00 6.645247477038631e-01
4.061999999999932e+00 6.574273207807643e-01
4.067999999999932e+00 6.502339860226571e-01
4.073999999999932e+00 6.429457866716727e-01
4.079999999999933e+00 6.355637795859261e-01
4.085999999999933e+00 6.280890350875972e-01
4.091999999999933e+00 6.205226368090685e-01
4.097999999999933e+00 6.128656815371470e-01
4.103999999999933e+00 6.051192790553893e-01
4.109999999999934e+00 5.972845519845533e-01
4.115999999999934e+00 5.893626356212005e-01
4.121999999999934e+00 5.813546777744713e-01
4.127999999999934e+00 5.732618386010564e-01
4.133999999999935e+00 5.650852904383900e-01
4.139999999999935e+00 5.568262176360855e-01
4.145999999999935e+00 5.484858163856422e-01
4.151999999999935e+00 5.400652945484432e-01
4.157999999999936e+00 5.315658714820729e-01
4.163999999999936e+00 5.229887778649769e-01
4.169999999999936e+00 5.143352555194903e-01
4.175999999999936e+00 5.056065572332601e-01
4.181999999999936e+00 4.968039465790866e-01
4.187999999999937e+00 4.879286977332110e-01
4.193999999999937e+00 4.789820952920746e-01
4.199999999999937e+00 4.699654340875752e-01
4.205999999999937e+00 4.608800190008496e-01
4.211999999999938e+00 4.517271647746063e-01
4.217999999999938e+00 4.425081958240377e-01
4.223999999999938e+00 4.332244460463374e-01
4.229999999999938e+00 4.238772586288514e-01
4.235999999999938e+00 4.144679858558896e-01
4.241999999999939e+00 4.049979889142263e-01
4.247999999999939e+00 3.954686376973170e-01
4.253999999999939e+00 3.858813106082610e-01
4.259999999999939e+00 3.762373943615360e-01
4.265999999999940e+00 3.665382837835357e-01
4.271999999999940e+00 3.567853816119372e-01
4.277999999999940e+00 3.469800982939286e-01
4.283999999999940e+00 3.371238517833239e-01
4.289999999999941e+00 3.272180673365976e-01
4.295999999999941e+00 3.172641773078642e-01
4.301999999999941e+00 3.072636209428362e-01
4.307999999999941e+00 2.972178441717871e-01
4.313999999999941e+00 2.871282994015520e-01
4.319999999999942e+00 2.769964453065925e-01
4.325999999999942e+00 2.668237466191596e-01
4.331999999999942e+00 2.566116739185819e-01
4.337999999999942e+00 2.463617034197109e-01
4.343999999999943e+00 2.360753167605538e-01
4.349999999999943e+00 2.257540007891236e-01
4.355999999999943e+00 2.153992473495386e-01
4.361999999999943e+00 2.050125530674002e-01
4.367999999999943e+00 1.945954191344821e-01
4.373999999999944e+00 1.841493510927598e-01
4.379999999999944e+00 1.736758586178128e-01
4.385999999999944e+00 1.631764553016309e-01
4.391999999999944e+00 1.526526584348547e-01
4.397999999999945e+00 1.421059887884826e-01
4.403999999999945e+00 1.315379703950754e-01
4.409999999999945e+00 1.209501303294903e-01
4.415999999999945e+00 1.103439984891753e-01
4.421999999999946e+00 9.972110737405632e-02
4.427999999999946e+00 8.908299186604846e-02
4.433999999999946e+00 7.843118900822274e-02
4.439999999999946e+00 6.776723778366096e-02
4.445999999999946e+00 5.709267889402984e-02
4.451999999999947e+00 4.640905453790665e-02
4.457999999999947e+00 3.571790818888817e-02
4.463999999999947e+00 2.502078437351497e-02
4.469999999999947e+00 1.431922844904301e-02
4.475999999999948e+00 3.614786381094456e-03
4.481999999999948e+00 -7.090995478780119e-03
4.487999999999948e+00 -1.779657061559618e-02
4.493999999999948e+00 -2.850039257345431e-02
4.499999999999948e+00 -3.920091517805177e-02
4.505999999999949e+00 -4.989659275915464e-02
4.511999999999949e+00 -6.058588037299834e-02
4.517999999999949e+00 -7.126723402458464e-02
4.523999999999949e+00 -8.193911088984304e-02
4.529999999999950e+00 -9.259996953762460e-02
4.535999999999950e+00 -1.032482701514962e-01
4.541999999999950e+00 -1.138824747513030e-01
4.547999999999950e+00 -1.245010474144685e-01
4.553999999999951e+00 -1.351024544969976e-01
4.559999999999951e+00 -1.456851648541542e-01
4.565999999999951e+00 -1.562476500607792e-01
4.571999999999951e+00 -1.667883846312175e-01
4.577999999999951e+00 -1.773058462388234e-01
4.583999999999952e+00 -1.877985159350116e-01
4.589999999999952e+00 -1.982648783678231e-01
4.595999999999952e+00 -2.087034219999735e-01
4.601999999999952e+00 -2.191126393263539e-01
4.607999999999953e+00 -2.294910270909514e-01
4.613999999999953e+00 -2.398370865031588e-01
4.619999999999953e+00 -2.501493234534424e-01
4.625999999999953e+00 -2.604262487283365e-01
4.631999999999953e+00 -2.706663782247339e-01
4.637999999999954e+00 -2.808682331634417e-01
4.643999999999954e+00 -2.910303403019706e-01
4.649999999999954e+00 -3.011512321465284e-01
4.655999999999954e+00 -3.112294471631872e-01
4.661999999999955e+00 -3.212635299881916e-01
4.667999999999955e+00 -3.312520316373811e-01
4.673999999999955e+00 -3.411935097146935e-01
4.679999999999955e+00 -3.510865286197211e-01
4.685999999999956e+00 -3.609296597542893e-01
4.691999999999956e+00 -3.707214817280269e-01
4.697999999999956e+00 -3.804605805629008e-01
4.703999999999956e+00 -3.901455498966827e-01
4.709999999999956e+00 -3.997749911853209e-01
4.715999999999957e+00 -4.093475139041873e-01
4.721999999999957e+00 -4.188617357481693e-01
4.727999999999957e+00 -4.283162828305805e-01
4.733999999999957e+00 -4.377097898808586e-01
4.739999999999958e+00 -4.470409004410246e-01
4.745999999999958e+00 -4.563082670608728e-01
4.751999999999958e+00 -4.655105514918653e-01
4.757999999999958e+00 -4.746464248797018e-01
4.763999999999958e+00 -4.837145679555377e-01
4.769999999999959e+00 -4.927136712258229e-01
4.775999999999959e+00 -5.016424351607329e-01
4.781999999999959e+00 -5.104995703811673e-01
4.787999999999959e+00 -5.192837978442862e-01
4.793999999999960e+00 -5.279938490275596e-01
4.799999999999960e+00 -5.366284661113024e-01
4.805999999999960e+00 -5.451864021596695e-01
4.811999999999960e+00 -5.536664213000835e-01
4.817999999999961e+00 -5.620672989010709e-01
4.823999999999961e+00 -5.703878217484802e-01
4.829999999999961e+00 -5.786267882200565e-01
4.835999999999961e+00 -5.867830084583473e-01
4.841999999999961e+00 -5.948553045419158e-01
4.847999999999962e+00 -6.028425106548356e-01
4.853999999999962e+00 -6.107434732544430e-01
4.859999999999962e+00 -6.185570512373229e-01
4.865999999999962e+00 -6.262821161035039e-01
4.871999999999963e+00 -6.339175521188398e-01
4.877999999999963e+00 -6.414622564755529e-01
4.883999999999963e+00 -6.489151394509169e-01
4.889999999999963e+00 -6.562751245640569e-01
4.895999999999963e+00 -6.635411487308419e-01
4.901999999999964e+00 -6.707121624168506e-01
4.907999999999964e+00 -6.777871297883853e-01
4.913999999999964e+00 -6.847650288615147e-01
4.919999999999964e+00 -6.916448516491221e-01
4.925999999999965e+00 -6.984256043059399e-01
4.931999999999965e+00 -7.051063072715470e-01
4.937999999999965e+00 -7.116859954113111e-01
4.943999999999965e+00 -7.181637181552539e-01
4.949999999999966e+00 -7.245385396348198e-01
4.955999999999966e+00 -7.308095388175277e-01
4.961999999999966e+00 -7.369758096394882e-01
4.967999999999966e+00 -7.430364611357649e-01
4.973999999999966e+00 -7.489906175685631e-01
4.979999999999967e+00 -7.548374185532256e-01
4.985999999999967e+00 -7.605760191820190e-01
4.991999999999967e+00 -7.662055901456917e-01
4.997999999999967e+00 -7.717253178527862e-01
5.003999999999968e+00 -7.771344045466891e-01
5.009999999999968e+00 -7.824320684204015e-01
5.015999999999968e+00 -7.876175437290128e-01
5.021999999999968e+00 -7.926900808998629e-01
5.027999999999968e+00 -7.976489466403758e-01
5.033999999999969e+00 -8.024934240435496e-01
5.039999999999969e+00 -8.072228126910880e-01
5.045999999999969e+00 -8.118364287541571e-01
5.051999999999969e+00 -8.163336050917552e-01
5.057999999999970e+00 -8.207136913466794e-01
5.063999999999970e+00 -8.249760540390758e-01
5.069999999999970e+00 -8.291200766575608e-01
5.075999999999970e+00 -8.331451597478989e-01
5.081999999999971e+00 -8.370507209992251e-01
5.087999999999971e+00 -8.408361953277990e-01
5.093999999999971e+00 -8.445010349582793e-01
5.099999999999971e+00 -8.480447095025065e-01
5.105999999999971e+00 -8.514667060357817e-01
5.111999999999972e+00 -8.547665291706318e-01
5.117999999999972e+00 -8.579437011280504e-01
5.123999999999972e+00 -8.609977618062029e-01
5.129999999999972e+00 -8.639282688465868e-01
5.135999999999973e+00 -8.667347976976378e-01
5.141999999999973e+00 -8.694169416757725e-01
5.147999999999973e+00 -8.719743120238580e-01
5.153999999999973e+00 -8.744065379671011e-01
5.159999999999973e+00 -8.767132667663491e-01
5.165999999999974e+00 -8.788941637687927e-01
5.171999999999974e+00 -8.809489124560665e-01
5.177999999999974e+00 -8.828772144897380e-01
5.183999999999974e+00 -8.846787897541790e-01
5.189999999999975e+00 -8.863533763968141e-01
5.195999999999975e+00 -8.879007308657393e-01
5.201999999999975e+00 -8.893206279447066e-01
5.207999999999975e+00 -8.906128607854678e-01
5.213999999999976e+00 -8.917772409374748e-01
5.219999999999976e+00 -8.928135983749307e-01
5.225999999999976e+00 -8.937217815211883e-01
5.231999999999976e+00 -8.945016572704926e-01
5.237999999999976e+00 -8.951531110070637e-01
5.243999999999977e+00 -8.956760466215185e-01
5.249999999999977e+00 -8.960703865246268e-01
5.255999999999977e+00 -8.963360716584021e-01
5.261999999999977e+00 -8.964730615045239e-01
5.267999999999978e+00 -8.964813340900907e-01
5.273999999999978e+00 -8.963608859907035e-01
5.279999999999978e+00 -8.961117323308783e-01
5.285999999999978e+00 -8.957339067817882e-01
5.291999999999978e+00 -8.952274615563358e-01
5.297999999999979e+00 -8.945924674015552e-01
5.303999999999979e+00 -8.938290135883462e-01
5.309999999999979e+00 -8.929372078985416e-01
5.315999999999979e+00 -8.919171766093089e-01
5.321999999999980e+00 -8.907690644748901e-01
5.327999999999980e+00 -8.894930347056801e-01
5.333999999999980e+00 -8.880892689446488e-01
5.339999999999980e+00 -8.865579672411091e-01
5.345999999999981e+00 -8.848993480218350e-01
5.351999999999981e+00 -8.831136480595334e-01
5.357999999999981e+00 -8.812011224386752e-01
5.363999999999981e+00 -8.791620445186894e-01
5.369999999999981e+00 -8.769967058945265e-01
5.375999999999982e+00 -8.747054163545963e-01
5.381999999999982e+00 -8.722885038360862e-01
5.387999999999982e+00 -8.697463143776669e-01
5.393999999999982e+00 -8.670792120695913e-01
5.399999999999983e+00 -8.642875790011949e-01
5.405999999999983e+00 -8.613718152058053e-01
5.411999999999983e+00 -8.583323386030669e-01
5.417999999999983e+00 -8.551695849386916e-01
5.423999999999984e+00 -8.518840077216422e-01
5.429999999999984e+00 -8.484760781587591e-01
5.435999999999984e+00 -8.449462850868384e-01
5.441999999999984e+00 -8.412951349021717e-01
5.447999999999984e+00 -8.375231514875581e-01
5.453999999999985e+00 -8.336308761367984e-01
5.459999999999985e+00 -8.296188674766828e-01
5.465999999999985e+00 -8.254877013864824e-01
5.471999999999985e+00 -8.212379709149576e-01
5.477999999999986e+00 -8.168702861948940e-01
5.483999999999986e+00 -8.123852743551788e-01
5.489999999999986e+00 -8.077835794304302e-01
5.495999999999986e+00 -8.030658622681927e-01
5.501999999999986e+00 -7.982328004337117e-01
5.507999999999987e+00 -7.932850881123016e-01
5.513999999999987e+00 -7.882234360093203e-01
5.519999999999987e+00 -7.830485712477661e-01
5.525999999999987e+00 -7.777612372635095e-01
5.531999999999988e+00 -7.723621936981786e-01
5.537999999999988e+00 -7.668522162897085e-01
5.543999999999988e+00 -7.612320967605753e-01
5.549999999999988e+00 -7.555026427037286e-01
5.555999999999989e+00 -7.496646774662372e-01
5.561999999999989e+00 -7.437190400306692e-01
5.567999999999989e+00 -7.376665848942188e-01
5.573999999999989e+00 -7.315081819456006e-01
5.579999999999989e+00 -7.252447163397278e-01
5.585999999999990e+00 -7.188770883701916e-01
5.591999999999990e+00 -7.124062133395623e-01
5.597999999999990e+00 -7.058330214275285e-01
5.603999999999990e+00 -6.991584575568944e-01
5.609999999999991e+00 -6.923834812574555e-01
5.615999999999991e+00 -6.855090665277699e-01
5.621999999999991e+00 -6.785362016948471e-01
5.627999999999991e+00 -6.714658892717743e-01
5.633999999999991e+00 -6.642991458132993e-01
5.639999999999992e+00 -6.570370017693926e-01
5.645999999999992e+00 -6.496805013368087e-01
5.651999999999992e+00 -6.422307023086676e-01
5.657999999999992e+00 -6.346886759220803e-01
5.663999999999993e+00 -6.270555067038368e-01
5.669999999999993e+00 -6.193322923141820e-01
5.675999999999993e+00 -6.115201433887006e-01
5.681999999999993e+00 -6.036201833783339e-01
5.687999999999994e+00 -5.956335483875504e-01
5.693999999999994e+00 -5.875613870106969e-01
5.699999999999994e+00 -5.794048601665489e-01
5.705999999999994e+00 -5.711651409310885e-01
5.711999999999994e+00 -5.628434143685309e-01
5.717999999999995e+00 -5.544408773606259e-01
5.723999999999995e+00 -5.459587384342566e-01
5.729999999999995e+00 -5.373982175873629e-01
5.735999999999995e+00 -5.287605461132131e-01
5.741999999999996e+00 -5.200469664230486e-01
5.747999999999996e+00 -5.112587318671289e-01
5.753999999999996e+00 -5.023971065542010e-01
5.759999999999996e+00 -4.934633651694204e-01
5.765999999999996e+00 -4.844587927907492e-01
5.771999999999997e+00 -4.753846847038578e-01
5.777999999999997e+00 -4.662423462155572e-01
5.783999999999997e+00 -4.570330924657884e-01
5.789999999999997e+00 -4.477582482381965e-01
5.795999999999998e+00 -4.384191477693161e-01
5.801999999999998e+00 -4.290171345563955e-01
5.807999999999998e+00 -4.195535611638883e-01
5.813999999999998e+00 -4.100297890286394e-01
5.819999999999999e+00 -4.004471882637935e-01
5.825999999999999e+00 -3.908071374614545e-01
5.831999999999999e+00 -3.811110234941243e-01
5.837999999999999e+00 -3.713602413149499e-01
5.843999999999999e+00 -3.615561937568065e-01
5.850000000000000e+00 -3.517002913302464e-01
5.856000000000000e+00 -3.417939520203432e-01
5.862000000000000e+00 -3.318386010824590e-01
5.868000000000000e+00 -3.218356708369657e-01
5.874000000000001e+00 -3.117866004629490e-01
5.880000000000001e+00 -3.016928357909248e-01
5.886000000000001e+00 -2.915558290945982e-01
5.892000000000001e+00 -2.813770388816951e-01
5.898000000000001e+00 -2.711579296838967e-01
5.904000000000002e+00 -2.608999718459055e-01
5.910000000000002e+00 -2.506046413136760e-01
5.916000000000002e+00 -2.402734194218385e-01
5.922000000000002e+00 -2.299077926803469e-01
5.928000000000003e+00 -2.195092525603820e-01
5.934000000000003e+00 -2.090792952795400e-01
5.940000000000003e+00 -1.986194215863389e-01
5.946000000000003e+00 -1.881311365440714e-01
5.952000000000004e+00 -1.776159493140377e-01
5.958000000000004e+00 -1.670753729381876e-01
5.964000000000004e+00 -1.565109241212053e-01
5.970000000000004e+00 -1.459241230120654e-01
5.976000000000004e+00 -1.353164929850945e-01
5.982000000000005e+00 -1.246895604205679e-01
5.988000000000005e+00 -1.140448544848738e-01
5.994000000000005e+00 -1.033839069102768e-01
