0.000000000000000e+00 0.000000000000000e+00
6.000000000000000e-03 3.592767643368401e-05
1.200000000000000e-02 1.434188286343489e-04
1.800000000000000e-02 3.220298518291604e-04
2.400000000000000e-02 5.713094611732687e-04
3.000000000000000e-02 8.907987414136546e-04
3.600000000000000e-02 1.280031197743388e-03
4.200000000000000e-02 1.738532807838428e-03
4.799999999999999e-02 2.265822075068926e-03
5.399999999999999e-02 2.861410082876831e-03
5.999999999999999e-02 3.524800550311420e-03
6.599999999999999e-02 4.255489888714232e-03
7.199999999999999e-02 5.052967259544703e-03
7.800000000000000e-02 5.916714633337649e-03
8.400000000000001e-02 6.846206849783585e-03
9.000000000000001e-02 7.840911678922700e-03
9.600000000000002e-02 8.900289883443158e-03
1.020000000000000e-01 1.002379528207424e-02
1.080000000000000e-01 1.121087481406469e-02
1.140000000000000e-01 1.246096860473645e-02
1.200000000000000e-01 1.377351003210389e-02
1.260000000000000e-01 1.514792579454832e-02
1.320000000000000e-01 1.658363597953773e-02
1.380000000000000e-01 1.808005413338112e-02
1.440000000000000e-01 1.963658733200714e-02
1.500000000000000e-01 2.125263625275609e-02
1.560000000000001e-01 2.292759524717475e-02
1.620000000000001e-01 2.466085241480274e-02
1.680000000000001e-01 2.645178967793961e-02
1.740000000000001e-01 2.829978285738120e-02
1.800000000000001e-01 3.020420174911399e-02
1.860000000000001e-01 3.216441020195588e-02
1.920000000000001e-01 3.417976619613177e-02
1.980000000000001e-01 3.624962192277215e-02
2.040000000000001e-01 3.837332386432279e-02
2.100000000000001e-01 4.055021287585343e-02
2.160000000000001e-01 4.277962426725345e-02
2.220000000000001e-01 4.506088788630205e-02
2.280000000000001e-01 4.739332820260059e-02
2.340000000000001e-01 4.977626439235466e-02
2.400000000000001e-01 5.220901042399301e-02
2.460000000000001e-01 5.469087514461075e-02
2.520000000000001e-01 5.722116236722385e-02
2.580000000000001e-01 5.979917095882190e-02
2.640000000000001e-01 6.242419492920610e-02
2.700000000000001e-01 6.509552352059915e-02
2.760000000000001e-01 6.781244129801385e-02
2.820000000000001e-01 7.057422824036673e-02
2.880000000000001e-01 7.338015983232345e-02
2.940000000000002e-01 7.622950715686204e-02
3.000000000000002e-01 7.912153698854046e-02
3.060000000000002e-01 8.205551188745448e-02
3.120000000000002e-01 8.503069029387196e-02
3.180000000000002e-01 8.804632662352954e-02
3.240000000000002e-01 9.110167136357759e-02
3.300000000000002e-01 9.419597116915909e-02
3.360000000000002e-01 9.732846896060827e-02
3.420000000000002e-01 1.004984040212546e-01
3.480000000000002e-01 1.037050120958173e-01
3.540000000000002e-01 1.069475254893767e-01
3.600000000000002e-01 1.102251731669062e-01
3.660000000000002e-01 1.135371808533524e-01
3.720000000000002e-01 1.168827711342460e-01
3.780000000000002e-01 1.202611635568305e-01
3.840000000000002e-01 1.236715747316934e-01
3.900000000000002e-01 1.271132184348836e-01
3.960000000000002e-01 1.305853057105025e-01
4.020000000000002e-01 1.340870449737502e-01
4.080000000000003e-01 1.376176421144147e-01
4.140000000000003e-01 1.411763006007873e-01
4.200000000000003e-01 1.447622215839890e-01
4.260000000000003e-01 1.483746040026925e-01
4.320000000000003e-01 1.520126446882246e-01
4.380000000000003e-01 1.556755384700333e-01
4.440000000000003e-01 1.593624782815046e-01
4.500000000000003e-01 1.630726552661119e-01
4.560000000000003e-01 1.668052588838843e-01
4.620000000000003e-01 1.705594770181769e-01
4.680000000000003e-01 1.743344960827270e-01
4.740000000000003e-01 1.781295011289824e-01
4.800000000000003e-01 1.819436759536832e-01
4.860000000000003e-01 1.857762032066838e-01
4.920000000000003e-01 1.896262644989974e-01
4.980000000000003e-01 1.934930405110485e-01
5.040000000000003e-01 1.973757111011161e-01
5.100000000000003e-01 2.012734554139529e-01
5.160000000000003e-01 2.051854519895639e-01
5.220000000000004e-01 2.091108788721277e-01
5.280000000000004e-01 2.130489137190466e-01
5.340000000000004e-01 2.169987339101066e-01
5.400000000000004e-01 2.209595166567341e-01
5.460000000000004e-01 2.249304391113308e-01
5.520000000000004e-01 2.289106784766722e-01
5.580000000000004e-01 2.328994121153539e-01
5.640000000000004e-01 2.368958176592674e-01
5.700000000000004e-01 2.408990731190924e-01
5.760000000000004e-01 2.449083569937872e-01
5.820000000000004e-01 2.489228483800618e-01
5.880000000000004e-01 2.529417270818181e-01
5.940000000000004e-01 2.569641737195402e-01
6.000000000000004e-01 2.609893698396200e-01
6.060000000000004e-01 2.650164980236006e-01
6.120000000000004e-01 2.690447419973224e-01
6.180000000000004e-01 2.730732867399557e-01
6.240000000000004e-01 2.771013185929039e-01
6.300000000000004e-01 2.811280253685605e-01
6.360000000000005e-01 2.851525964589053e-01
6.420000000000005e-01 2.891742229439228e-01
6.480000000000005e-01 2.931920976998271e-01
6.540000000000005e-01 2.972054155070780e-01
6.600000000000005e-01 3.012133731581713e-01
6.660000000000005e-01 3.052151695651892e-01
6.720000000000005e-01 3.092100058670927e-01
6.780000000000005e-01 3.131970855367427e-01
6.840000000000005e-01 3.171756144876324e-01
6.900000000000005e-01 3.211448011803159e-01
6.960000000000005e-01 3.251038567285178e-01
7.020000000000005e-01 3.290519950049072e-01
7.080000000000005e-01 3.329884327465219e-01
7.140000000000005e-01 3.369123896598260e-01
7.200000000000005e-01 3.408230885253866e-01
7.260000000000005e-01 3.447197553021540e-01
7.320000000000005e-01 3.486016192313292e-01
7.380000000000005e-01 3.524679129398045e-01
7.440000000000005e-01 3.563178725431622e-01
7.500000000000006e-01 3.601507377482150e-01
7.560000000000006e-01 3.639657519550746e-01
7.620000000000006e-01 3.677621623587324e-01
7.680000000000006e-01 3.715392200501377e-01
7.740000000000006e-01 3.752961801167592e-01
7.800000000000006e-01 3.790323017426140e-01
7.860000000000006e-01 3.827468483077507e-01
7.920000000000006e-01 3.864390874871705e-01
7.980000000000006e-01 3.901082913491729e-01
8.040000000000006e-01 3.937537364531118e-01
8.100000000000006e-01 3.973747039465466e-01
8.160000000000006e-01 4.009704796617745e-01
8.220000000000006e-01 4.045403542117305e-01
8.280000000000006e-01 4.080836230852402e-01
8.340000000000006e-01 4.115995867416117e-01
8.400000000000006e-01 4.150875507045528e-01
8.460000000000006e-01 4.185468256553999e-01
8.520000000000006e-01 4.219767275256446e-01
8.580000000000007e-01 4.253765775887445e-01
8.640000000000007e-01 4.287457025512046e-01
8.700000000000007e-01 4.320834346429170e-01
8.760000000000007e-01 4.353891117067438e-01
8.820000000000007e-01 4.386620772873316e-01
8.880000000000007e-01 4.419016807191440e-01
8.940000000000007e-01 4.451072772136992e-01
9.000000000000007e-01 4.482782279459999e-01
9.060000000000007e-01 4.514139001401427e-01
9.120000000000007e-01 4.545136671540951e-01
9.180000000000007e-01 4.575769085636268e-01
9.240000000000007e-01 4.606030102453832e-01
9.300000000000007e-01 4.635913644590897e-01
9.360000000000007e-01 4.665413699288730e-01
9.420000000000007e-01 4.694524319236903e-01
9.480000000000007e-01 4.723239623368509e-01
9.540000000000007e-01 4.751553797646221e-01
9.600000000000007e-01 4.779461095839051e-01
9.660000000000007e-01 4.806955840289717e-01
9.720000000000008e-01 4.834032422672484e-01
9.780000000000008e-01 4.860685304741391e-01
9.840000000000008e-01 4.886909019068728e-01
9.900000000000008e-01 4.912698169773682e-01
9.960000000000008e-01 4.938047433241020e-01
1.002000000000001e+00 4.962951558829721e-01
1.008000000000001e+00 4.987405369571445e-01
1.014000000000001e+00 5.011403762858740e-01
1.020000000000001e+00 5.034941711122879e-01
1.026000000000001e+00 5.058014262501233e-01
1.032000000000001e+00 5.080616541494086e-01
1.038000000000001e+00 5.102743749610790e-01
1.044000000000001e+00 5.124391166005153e-01
1.050000000000001e+00 5.145554148099998e-01
1.056000000000001e+00 5.166228132200764e-01
1.062000000000001e+00 5.186408634098092e-01
1.068000000000001e+00 5.206091249659277e-01
1.074000000000001e+00 5.225271655408528e-01
1.080000000000001e+00 5.243945609095921e-01
1.086000000000001e+00 5.262108950254996e-01
1.092000000000001e+00 5.279757600748871e-01
1.098000000000001e+00 5.296887565304843e-01
1.104000000000001e+00 5.313494932037353e-01
1.110000000000001e+00 5.329575872959265e-01
1.116000000000001e+00 5.345126644481375e-01
1.122000000000001e+00 5.360143587900075e-01
1.128000000000001e+00 5.374623129873095e-01
1.134000000000001e+00 5.388561782883273e-01
1.140000000000001e+00 5.401956145690255e-01
1.146000000000001e+00 5.414802903770083e-01
1.152000000000001e+00 5.427098829742593e-01
1.158000000000001e+00 5.438840783786562e-01
1.164000000000001e+00 5.450025714042547e-01
1.170000000000001e+00 5.460650657003346e-01
1.176000000000001e+00 5.470712737892039e-01
1.182000000000001e+00 5.480209171027532e-01
1.188000000000001e+00 5.489137260177570e-01
1.194000000000001e+00 5.497494398899154e-01
1.200000000000001e+00 5.505278070866314e-01
1.206000000000001e+00 5.512485850185191e-01
1.212000000000001e+00 5.519115401696381e-01
1.218000000000001e+00 5.525164481264488e-01
1.224000000000001e+00 5.530630936054860e-01
1.230000000000001e+00 5.535512704797444e-01
1.236000000000001e+00 5.539807818037741e-01
1.242000000000001e+00 5.543514398374807e-01
1.248000000000001e+00 5.546630660686277e-01
1.254000000000001e+00 5.549154912340369e-01
1.260000000000001e+00 5.551085553394842e-01
1.266000000000001e+00 5.552421076782866e-01
1.272000000000001e+00 5.553160068485797e-01
1.278000000000001e+00 5.553301207692809e-01
1.284000000000001e+00 5.552843266947372e-01
1.290000000000001e+00 5.551785112280543e-01
1.296000000000001e+00 5.550125703331062e-01
1.302000000000001e+00 5.547864093452225e-01
1.308000000000001e+00 5.544999429805511e-01
1.314000000000001e+00 5.541530953440970e-01
1.320000000000001e+00 5.537457999364335e-01
1.326000000000001e+00 5.532779996590860e-01
1.332000000000001e+00 5.527496468185871e-01
1.338000000000001e+00 5.521607031292024e-01
1.344000000000001e+00 5.515111397143263e-01
1.350000000000001e+00 5.508009371065477e-01
1.356000000000001e+00 5.500300852463847e-01
1.362000000000001e+00 5.491985834796902e-01
1.368000000000001e+00 5.483064405537253e-01
1.374000000000001e+00 5.473536746119054e-01
1.380000000000001e+00 5.463403131872149e-01
1.386000000000001e+00 5.452663931942950e-01
1.392000000000001e+00 5.441319609202042e-01
1.398000000000001e+00 5.429370720138514e-01
1.404000000000001e+00 5.416817914741057e-01
1.410000000000001e+00 5.403661936365820e-01
1.416000000000001e+00 5.389903621591059e-01
1.422000000000001e+00 5.375543900058587e-01
1.428000000000001e+00 5.360583794302050e-01
1.434000000000001e+00 5.345024419562057e-01
1.440000000000001e+00 5.328866983588183e-01
1.446000000000001e+00 5.312112786427878e-01
1.452000000000001e+00 5.294763220202300e-01
1.458000000000001e+00 5.276819768869117e-01
1.464000000000001e+00 5.258284007972305e-01
1.470000000000001e+00 5.239157604378973e-01
1.476000000000001e+00 5.219442316003258e-01
1.482000000000001e+00 5.199139991517315e-01
1.488000000000001e+00 5.178252570049472e-01
1.494000000000001e+00 5.156782080869554e-01
1.500000000000001e+00 5.134730643061447e-01
1.506000000000001e+00 5.112100465182943e-01
1.512000000000001e+00 5.088893844912898e-01
1.518000000000001e+00 5.065113168685785e-01
1.524000000000001e+00 5.040760911313650e-01
1.530000000000001e+00 5.015839635595564e-01
1.536000000000001e+00 4.990351991914604e-01
1.542000000000001e+00 4.964300717822428e-01
1.548000000000001e+00 4.937688637611494e-01
1.554000000000001e+00 4.910518661874993e-01
1.560000000000001e+00 4.882793787054559e-01
1.566000000000001e+00 4.854517094975806e-01
1.572000000000001e+00 4.825691752371775e-01
1.578000000000001e+00 4.796321010394344e-01
1.584000000000001e+00 4.766408204113687e-01
1.590000000000001e+00 4.735956752005829e-01
1.596000000000001e+00 4.704970155428393e-01
1.602000000000001e+00 4.673451998084603e-01
1.608000000000001e+00 4.641405945475614e-01
1.614000000000001e+00 4.608835744341258e-01
1.620000000000001e+00 4.575745222089276e-01
1.626000000000001e+00 4.542138286213127e-01
1.632000000000001e+00 4.508018923698440e-01
1.638000000000001e+00 4.473391200418214e-01
1.644000000000001e+00 4.438259260516839e-01
1.650000000000001e+00 4.402627325783022e-01
1.656000000000001e+00 4.366499695011726e-01
1.662000000000001e+00 4.329880743355189e-01
1.668000000000001e+00 4.292774921663134e-01
1.674000000000001e+00 4.255186755812253e-01
1.680000000000001e+00 4.217120846025068e-01
1.686000000000001e+00 4.178581866178255e-01
1.692000000000001e+00 4.139574563100551e-01
1.698000000000001e+00 4.100103755860310e-01
1.704000000000001e+00 4.060174335042851e-01
1.710000000000001e+00 4.019791262017660e-01
1.716000000000001e+00 3.978959568195584e-01
1.722000000000001e+00 3.937684354276104e-01
1.728000000000001e+00 3.895970789484796e-01
1.734000000000001e+00 3.853824110801100e-01
1.740000000000001e+00 3.811249622176489e-01
1.746000000000001e+00 3.768252693743171e-01
1.752000000000001e+00 3.724838761013416e-01
1.758000000000001e+00 3.681013324069640e-01
1.764000000000001e+00 3.636781946745347e-01
1.770000000000001e+00 3.592150255797061e-01
1.776000000000001e+00 3.547123940067349e-01
1.782000000000001e+00 3.501708749639069e-01
1.788000000000001e+00 3.455910494980956e-01
1.794000000000001e+00 3.409735046084676e-01
1.800000000000001e+00 3.363188331593459e-01
1.806000000000001e+00 3.316276337922441e-01
1.812000000000001e+00 3.269005108370855e-01
1.818000000000001e+00 3.221380742226170e-01
1.824000000000001e+00 3.173409393860326e-01
1.830000000000001e+00 3.125097271818196e-01
1.836000000000001e+00 3.076450637898391e-01
1.842000000000001e+00 3.027475806226547e-01
1.848000000000001e+00 2.978179142321232e-01
1.854000000000001e+00 2.928567062152598e-01
1.860000000000001e+00 2.878646031193917e-01
1.866000000000001e+00 2.828422563466132e-01
1.872000000000001e+00 2.777903220575570e-01
1.878000000000001e+00 2.727094610744942e-01
1.884000000000001e+00 2.676003387837780e-01
1.890000000000001e+00 2.624636250376438e-01
1.896000000000001e+00 2.572999940553813e-01
1.902000000000001e+00 2.521101243238916e-01
1.908000000000001e+00 2.468946984976436e-01
1.914000000000001e+00 2.416544032980446e-01
1.920000000000001e+00 2.363899294122392e-01
1.926000000000001e+00 2.311019713913509e-01
1.932000000000001e+00 2.257912275481809e-01
1.938000000000001e+00 2.204583998543795e-01
1.944000000000002e+00 2.151041938371031e-01
1.950000000000002e+00 2.097293184751743e-01
1.956000000000002e+00 2.043344860947567e-01
1.962000000000002e+00 1.989204122645624e-01
1.968000000000002e+00 1.934878156906053e-01
1.974000000000002e+00 1.880374181105156e-01
1.980000000000002e+00 1.825699441874313e-01
1.986000000000002e+00 1.770861214034814e-01
1.992000000000002e+00 1.715866799528759e-01
1.998000000000002e+00 1.660723526346181e-01
2.004000000000001e+00 1.605438747448554e-01
2.010000000000001e+00 1.550019839688820e-01
2.016000000000001e+00 1.494474202728112e-01
2.022000000000001e+00 1.438809257949314e-01
2.028000000000000e+00 1.383032447367622e-01
2.034000000000000e+00 1.327151232538251e-01
2.040000000000000e+00 1.271173093461460e-01
2.046000000000000e+00 1.215105527485038e-01
2.052000000000000e+00 1.158956048204418e-01
2.057999999999999e+00 1.102732184360569e-01
2.063999999999999e+00 1.046441478735831e-01
2.069999999999999e+00 9.900914870478446e-02
2.075999999999999e+00 9.336897768417420e-02
2.081999999999999e+00 8.772439263807470e-02
2.087999999999998e+00 8.207615235353549e-02
2.093999999999998e+00 7.642501646712425e-02
2.099999999999998e+00 7.077174535360733e-02
2.105999999999998e+00 6.511710001453538e-02
2.111999999999997e+00 5.946184196675033e-02
2.117999999999997e+00 5.380673313082953e-02
2.123999999999997e+00 4.815253571948312e-02
2.129999999999997e+00 4.250001212592068e-02
2.135999999999997e+00 3.684992481220303e-02
2.141999999999996e+00 3.120303619759531e-02
2.147999999999996e+00 2.556010854693734e-02
2.153999999999996e+00 1.992190385904717e-02
2.159999999999996e+00 1.428918375517397e-02
2.165999999999995e+00 8.662709367516112e-03
2.171999999999995e+00 3.043241227820548e-03
2.177999999999995e+00 -2.568460843920600e-03
2.183999999999995e+00 -8.171637850660274e-03
2.189999999999995e+00 -1.376553172935756e-02
2.195999999999994e+00 -1.934938546189373e-02
2.201999999999994e+00 -2.492244318582727e-02
2.207999999999994e+00 -3.048395030497209e-02
2.213999999999994e+00 -3.603315359978299e-02
2.219999999999994e+00 -4.156930133753258e-02
2.225999999999993e+00 -4.709164338226388e-02
2.231999999999993e+00 -5.259943130450268e-02
2.237999999999993e+00 -5.809191849071420e-02
2.243999999999993e+00 -6.356836025248803e-02
2.249999999999992e+00 -6.902801393543596e-02
2.255999999999992e+00 -7.447013902778686e-02
2.261999999999992e+00 -7.989399726866322e-02
2.267999999999992e+00 -8.529885275602368e-02
2.273999999999992e+00 -9.068397205425612e-02
2.279999999999991e+00 -9.604862430140586e-02
2.285999999999991e+00 -1.013920813160237e-01
2.291999999999991e+00 -1.067136177036181e-01
2.297999999999991e+00 -1.120125109626970e-01
2.303999999999991e+00 -1.172880415903830e-01
2.309999999999990e+00 -1.225394931875874e-01
2.315999999999990e+00 -1.277661525637287e-01
2.321999999999990e+00 -1.329673098409785e-01
2.327999999999990e+00 -1.381422585580221e-01
2.333999999999989e+00 -1.432902957733176e-01
2.339999999999989e+00 -1.484107221678388e-01
2.345999999999989e+00 -1.535028421472876e-01
2.351999999999989e+00 -1.585659639437612e-01
2.357999999999989e+00 -1.635993997168587e-01
2.363999999999988e+00 -1.686024656542141e-01
2.369999999999988e+00 -1.735744820714391e-01
2.375999999999988e+00 -1.785147735114642e-01
2.381999999999988e+00 -1.834226688432611e-01
2.387999999999987e+00 -1.882975013599341e-01
2.393999999999987e+00 -1.931386088761651e-01
2.399999999999987e+00 -1.979453338250000e-01
2.405999999999987e+00 -2.027170233539599e-01
2.411999999999987e+00 -2.074530294204668e-01
2.417999999999986e+00 -2.121527088865663e-01
2.423999999999986e+00 -2.168154236129373e-01
2.429999999999986e+00 -2.214405405521722e-01
2.435999999999986e+00 -2.260274318413166e-01
2.441999999999986e+00 -2.305754748936535e-01
2.447999999999985e+00 -2.350840524897199e-01
2.453999999999985e+00 -2.395525528675418e-01
2.459999999999985e+00 -2.439803698120764e-01
2.465999999999985e+00 -2.483669027438460e-01
2.471999999999984e+00 -2.527115568067533e-01
2.477999999999984e+00 -2.570137429550646e-01
2.483999999999984e+00 -2.612728780395476e-01
2.489999999999984e+00 -2.654883848927535e-01
2.495999999999984e+00 -2.696596924134285e-01
2.501999999999983e+00 -2.737862356500450e-01
2.507999999999983e+00 -2.778674558834392e-01
2.513999999999983e+00 -2.819028007085436e-01
2.519999999999983e+00 -2.858917241152023e-01
2.525999999999982e+00 -2.898336865680584e-01
2.531999999999982e+00 -2.937281550855014e-01
2.537999999999982e+00 -2.975746033176625e-01
2.543999999999982e+00 -3.013725116234489e-01
2.549999999999982e+00 -3.051213671466035e-01
2.555999999999981e+00 -3.088206638907807e-01
2.561999999999981e+00 -3.124699027936270e-01
2.567999999999981e+00 -3.160685917998557e-01
2.573999999999981e+00 -3.196162459333057e-01
2.579999999999981e+00 -3.231123873679730e-01
2.585999999999980e+00 -3.265565454980064e-01
2.591999999999980e+00 -3.299482570066558e-01
2.597999999999980e+00 -3.332870659341636e-01
2.603999999999980e+00 -3.365725237445902e-01
2.609999999999979e+00 -3.398041893915634e-01
2.615999999999979e+00 -3.429816293829423e-01
2.621999999999979e+00 -3.461044178443859e-01
2.627999999999979e+00 -3.491721365818193e-01
2.633999999999979e+00 -3.521843751427856e-01
2.639999999999978e+00 -3.551407308766770e-01
2.645999999999978e+00 -3.580408089938363e-01
2.651999999999978e+00 -3.608842226235180e-01
2.657999999999978e+00 -3.636705928707045e-01
2.663999999999977e+00 -3.663995488717655e-01
2.669999999999977e+00 -3.690707278489552e-01
2.675999999999977e+00 -3.716837751637387e-01
2.681999999999977e+00 -3.742383443689393e-01
2.687999999999977e+00 -3.767340972597000e-01
2.693999999999976e+00 -3.791707039232518e-01
2.699999999999976e+00 -3.815478427874819e-01
2.705999999999976e+00 -3.838652006682938e-01
2.711999999999976e+00 -3.861224728157536e-01
2.717999999999976e+00 -3.883193629590155e-01
2.723999999999975e+00 -3.904555833500203e-01
2.729999999999975e+00 -3.925308548059602e-01
2.735999999999975e+00 -3.945449067505039e-01
2.741999999999975e+00 -3.964974772537764e-01
2.747999999999974e+00 -3.983883130710881e-01
2.753999999999974e+00 -4.002171696804066e-01
2.759999999999974e+00 -4.019838113185664e-01
2.765999999999974e+00 -4.036880110162119e-01
2.771999999999974e+00 -4.053295506314679e-01
2.777999999999973e+00 -4.069082208823325e-01
2.783999999999973e+00 -4.084238213777895e-01
2.789999999999973e+00 -4.098761606476337e-01
2.795999999999973e+00 -4.112650561710060e-01
2.801999999999973e+00 -4.125903344036345e-01
2.807999999999972e+00 -4.138518308037767e-01
2.813999999999972e+00 -4.150493898568599e-01
2.819999999999972e+00 -4.161828650988161e-01
2.825999999999972e+00 -4.172521191381081e-01
2.831999999999971e+00 -4.182570236764428e-01
2.837999999999971e+00 -4.191974595281710e-01
2.843999999999971e+00 -4.200733166383681e-01
2.849999999999971e+00 -4.208844940995948e-01
2.855999999999971e+00 -4.216309001673361e-01
2.861999999999970e+00 -4.223124522741136e-01
2.867999999999970e+00 -4.229290770422731e-01
2.873999999999970e+00 -4.234807102954413e-01
2.879999999999970e+00 -4.239672970686542e-01
2.885999999999969e+00 -4.243887916171522e-01
2.891999999999969e+00 -4.247451574238432e-01
2.897999999999969e+00 -4.250363672054315e-01
2.903999999999969e+00 -4.252624029172113e-01
2.909999999999969e+00 -4.254232557565256e-01
2.915999999999968e+00 -4.255189261648882e-01
2.921999999999968e+00 -4.255494238287704e-01
2.927999999999968e+00 -4.255147676790501e-01
2.933999999999968e+00 -4.254149858891260e-01
2.939999999999968e+00 -4.252501158716953e-01
2.945999999999967e+00 -4.250202042741952e-01
2.951999999999967e+00 -4.247253069729114e-01
2.957999999999967e+00 -4.243654890657510e-01
2.963999999999967e+00 -4.239408248636834e-01
2.969999999999966e+00 -4.234513978808498e-01
2.975999999999966e+00 -4.228973008233423e-01
2.981999999999966e+00 -4.222786355766545e-01
2.987999999999966e+00 -4.215955131918060e-01
2.993999999999966e+00 -4.208480538701415e-01
2.999999999999965e+00 -4.200363869468082e-01
3.005999999999965e+00 -4.191606508729134e-01
3.011999999999965e+00 -4.182209931963636e-01
3.017999999999965e+00 -4.172175705413907e-01
3.023999999999964e+00 -4.161505485867650e-01
3.029999999999964e+00 -4.150201020427011e-01
3.035999999999964e+00 -4.138264146264575e-01
3.041999999999964e+00 -4.125696790366359e-01
3.047999999999964e+00 -4.112500969261818e-01
3.053999999999963e+00 -4.098678788740914e-01
3.059999999999963e+00 -4.084232443558289e-01
3.065999999999963e+00 -4.069164217124583e-01
3.071999999999963e+00 -4.053476481184941e-01
3.077999999999963e+00 -4.037171695484751e-01
3.083999999999962e+00 -4.020252407422678e-01
3.089999999999962e+00 -4.002721251691024e-01
3.095999999999962e+00 -3.984580949903474e-01
3.101999999999962e+00 -3.965834310210292e-01
3.107999999999961e+00 -3.946484226901003e-01
3.113999999999961e+00 -3.926533679994634e-01
3.119999999999961e+00 -3.905985734817569e-01
3.125999999999961e+00 -3.884843541569075e-01
3.131999999999961e+00 -3.863110334874569e-01
3.137999999999960e+00 -3.840789433326682e-01
3.143999999999960e+00 -3.817884239014192e-01
3.149999999999960e+00 -3.794398237038900e-01
3.155999999999960e+00 -3.770334995020498e-01
3.161999999999960e+00 -3.745698162589529e-01
3.167999999999959e+00 -3.720491470868487e-01
3.173999999999959e+00 -3.694718731941147e-01
3.179999999999959e+00 -3.668383838310200e-01
3.185999999999959e+00 -3.641490762343258e-01
3.191999999999958e+00 -3.614043555707335e-01
3.197999999999958e+00 -3.586046348791856e-01
3.203999999999958e+00 -3.557503350120301e-01
3.209999999999958e+00 -3.528418845750553e-01
3.215999999999958e+00 -3.498797198664049e-01
3.221999999999957e+00 -3.468642848143811e-01
3.227999999999957e+00 -3.437960309141455e-01
3.233999999999957e+00 -3.406754171633266e-01
3.239999999999957e+00 -3.375029099965434e-01
3.245999999999956e+00 -3.342789832188539e-01
3.251999999999956e+00 -3.310041179381388e-01
3.257999999999956e+00 -3.276788024964307e-01
3.263999999999956e+00 -3.243035324001964e-01
3.269999999999956e+00 -3.208788102495856e-01
3.275999999999955e+00 -3.174051456666533e-01
3.281999999999955e+00 -3.138830552225684e-01
3.287999999999955e+00 -3.103130623638169e-01
3.293999999999955e+00 -3.066956973374131e-01
3.299999999999955e+00 -3.030314971151267e-01
3.305999999999954e+00 -2.993210053167389e-01
3.311999999999954e+00 -2.955647721323372e-01
3.317999999999954e+00 -2.917633542436609e-01
3.323999999999954e+00 -2.879173147445083e-01
3.329999999999953e+00 -2.840272230602176e-01
3.335999999999953e+00 -2.800936548662318e-01
3.341999999999953e+00 -2.761171920057611e-01
3.347999999999953e+00 -2.720984224065533e-01
3.353999999999953e+00 -2.680379399967850e-01
3.359999999999952e+00 -2.639363446200854e-01
3.365999999999952e+00 -2.597942419497045e-01
3.371999999999952e+00 -2.556122434018396e-01
3.377999999999952e+00 -2.513909660481307e-01
3.383999999999951e+00 -2.471310325273387e-01
3.389999999999951e+00 -2.428330709562186e-01
3.395999999999951e+00 -2.384977148396005e-01
3.401999999999951e+00 -2.341256029796925e-01
3.407999999999951e+00 -2.297173793846162e-01
3.413999999999950e+00 -2.252736931761906e-01
3.419999999999950e+00 -2.207951984969761e-01
3.425999999999950e+00 -2.162825544165921e-01
3.431999999999950e+00 -2.117364248373230e-01
3.437999999999950e+00 -2.071574783990239e-01
3.443999999999949e+00 -2.025463883833425e-01
3.449999999999949e+00 -1.979038326172683e-01
3.455999999999949e+00 -1.932304933760251e-01
3.461999999999949e+00 -1.885270572853200e-01
3.467999999999948e+00 -1.837942152229622e-01
3.473999999999948e+00 -1.790326622198673e-01
3.479999999999948e+00 -1.742430973604607e-01
3.485999999999948e+00 -1.694262236824934e-01
3.491999999999948e+00 -1.645827480762872e-01
3.497999999999947e+00 -1.597133811834206e-01
3.503999999999947e+00 -1.548188372948730e-01
3.509999999999947e+00 -1.498998342486397e-01
3.515999999999947e+00 -1.449570933268339e-01
3.521999999999947e+00 -1.399913391522894e-01
3.527999999999946e+00 -1.350032995846799e-01
3.533999999999946e+00 -1.299937056161692e-01
3.539999999999946e+00 -1.249632912666077e-01
3.545999999999946e+00 -1.199127934782899e-01
3.551999999999945e+00 -1.148429520102888e-01
3.557999999999945e+00 -1.097545093323815e-01
3.563999999999945e+00 -1.046482105185822e-01
3.569999999999945e+00 -9.952480314029732e-02
3.575999999999945e+00 -9.438503715911814e-02
3.581999999999944e+00 -8.922966481926702e-02
3.587999999999944e+00 -8.405944053971201e-02
3.593999999999944e+00 -7.887512080596581e-02
3.599999999999944e+00 -7.367746406158454e-02
3.605999999999943e+00 -6.846723059938188e-02
3.611999999999943e+00 -6.324518245237450e-02
3.617999999999943e+00 -5.801208328447427e-02
3.623999999999943e+00 -5.276869828094310e-02
3.629999999999943e+00 -4.751579403862620e-02
3.635999999999942e+00 -4.225413845597955e-02
3.641999999999942e+00 -3.698450062290749e-02
3.647999999999942e+00 -3.170765071042622e-02
3.653999999999942e+00 -2.642435986016922e-02
3.659999999999942e+00 -2.113540007375039e-02
3.665999999999941e+00 -1.584154410200098e-02
3.671999999999941e+00 -1.054356533409619e-02
3.677999999999941e+00 -5.242237686587473e-03
3.683999999999941e+00 6.166450764352824e-05
3.689999999999940e+00 5.367366610493335e-03
3.695999999999940e+00 1.067409378979130e-02
3.701999999999940e+00 1.598107113048460e-02
3.707999999999940e+00 2.128752374583742e-02
3.713999999999940e+00 2.659267688862847e-02
3.719999999999939e+00 3.189575606233060e-02
3.725999999999939e+00 3.719598713225677e-02
3.731999999999939e+00 4.249259643665598e-02
3.737999999999939e+00 4.778481089774354e-02
3.743999999999938e+00 5.307185813264940e-02
3.749999999999938e+00 5.835296656426869e-02
3.755999999999938e+00 6.362736553199842e-02
3.761999999999938e+00 6.889428540234444e-02
3.767999999999938e+00 7.415295767938267e-02
3.773999999999937e+00 7.940261511505875e-02
3.779999999999937e+00 8.464249181931009e-02
3.785999999999937e+00 8.987182336999459e-02
3.791999999999937e+00 9.508984692261011e-02
3.797999999999937e+00 1.002958013197889e-01
3.803999999999936e+00 1.054889272005511e-01
3.809999999999936e+00 1.106684671093018e-01
3.815999999999936e+00 1.158336656045560e-01
3.821999999999936e+00 1.209837693673751e-01
3.827999999999935e+00 1.261180273095000e-01
3.833999999999935e+00 1.312356906811657e-01
3.839999999999935e+00 1.363360131785800e-01
3.845999999999935e+00 1.414182510510532e-01
3.851999999999935e+00 1.464816632077614e-01
3.857999999999934e+00 1.515255113241288e-01
3.863999999999934e+00 1.565490599478146e-01
3.869999999999934e+00 1.615515766042867e-01
3.875999999999934e+00 1.665323319019700e-01
3.881999999999934e+00 1.714905996369522e-01
3.887999999999933e+00 1.764256568972321e-01
3.893999999999933e+00 1.813367841664965e-01
3.899999999999933e+00 1.862232654274097e-01
3.905999999999933e+00 1.910843882644011e-01
3.911999999999932e+00 1.959194439659359e-01
3.917999999999932e+00 2.007277276262548e-01
3.923999999999932e+00 2.055085382465670e-01
3.929999999999932e+00 2.102611788356827e-01
3.935999999999932e+00 2.149849565100704e-01
3.941999999999931e+00 2.196791825933247e-01
3.947999999999931e+00 2.243431727150296e-01
3.953999999999931e+00 2.289762469090042e-01
3.959999999999931e+00 2.335777297109154e-01
3.965999999999930e+00 2.381469502552449e-01
3.971999999999930e+00 2.426832423715947e-01
3.977999999999930e+00 2.471859446803196e-01
3.983999999999930e+00 2.516544006874702e-01
3.989999999999930e+00 2.560879588790355e-01
3.995999999999929e+00 2.604859728144689e-01
4.001999999999930e+00 2.648478012194865e-01
4.007999999999930e+00 2.691728080781223e-01
4.013999999999930e+00 2.734603627240283e-01
4.019999999999930e+00 2.777098399310060e-01
4.025999999999931e+00 2.819206200027561e-01
4.031999999999931e+00 2.860920888618338e-01
4.037999999999931e+00 2.902236381377965e-01
4.043999999999931e+00 2.943146652545311e-01
4.049999999999931e+00 2.983645735167494e-01
4.055999999999932e+00 3.023727721956372e-01
4.061999999999932e+00 3.063386766136469e-01
4.067999999999932e+00 3.102617082284198e-01
4.073999999999932e+00 3.141412947158265e-01
4.079999999999933e+00 3.179768700521138e-01
4.085999999999933e+00 3.217678745951462e-01
4.091999999999933e+00 3.255137551647287e-01
4.097999999999933e+00 3.292139651220028e-01
4.103999999999933e+00 3.328679644479001e-01
4.109999999999934e+00 3.364752198206454e-01
4.115999999999934e+00 3.400352046922966e-01
4.121999999999934e+00 3.435473993643109e-01
4.127999999999934e+00 3.470112910621259e-01
4.133999999999935e+00 3.504263740087453e-01
4.139999999999935e+00 3.537921494973188e-01
4.145999999999935e+00 3.571081259627050e-01
4.151999999999935e+00 3.603738190520076e-01
4.157999999999936e+00 3.635887516940743e-01
4.163999999999936e+00 3.667524541679491e-01
4.169999999999936e+00 3.698644641702672e-01
4.175999999999936e+00 3.729243268815834e-01
4.181999999999936e+00 3.759315950316245e-01
4.187999999999937e+00 3.788858289634554e-01
4.193999999999937e+00 3.817865966965511e-01
4.199999999999937e+00 3.846334739887645e-01
4.205999999999937e+00 3.874260443971810e-01
4.211999999999938e+00 3.901638993378518e-01
4.217999999999938e+00 3.928466381443965e-01
4.223999999999938e+00 3.954738681254675e-01
4.229999999999938e+00 3.980452046210674e-01
4.235999999999938e+00 4.005602710577102e-01
4.241999999999939e+00 4.030186990024211e-01
4.247999999999939e+00 4.054201282155640e-01
4.253999999999939e+00 4.077642067024914e-01
4.259999999999939e+00 4.100505907640079e-01
4.265999999999940e+00 4.122789450456407e-01
4.271999999999940e+00 4.144489425857100e-01
4.277999999999940e+00 4.165602648621916e-01
4.283999999999940e+00 4.186126018383660e-01
4.289999999999941e+00 4.206056520072469e-01
4.295999999999941e+00 4.225391224347825e-01
4.301999999999941e+00 4.244127288018238e-01
4.307999999999941e+00 4.262261954448535e-01
4.313999999999941e+00 4.279792553954698e-01
4.319999999999942e+00 4.296716504186196e-01
4.325999999999942e+00 4.313031310495750e-01
4.331999999999942e+00 4.328734566296483e-01
4.337999999999942e+00 4.343823953406406e-01
4.343999999999943e+00 4.358297242380177e-01
4.349999999999943e+00 4.372152292828104e-01
4.355999999999943e+00 4.385387053722328e-01
4.361999999999943e+00 4.397999563690160e-01
4.367999999999943e+00 4.409987951294508e-01
4.373999999999944e+00 4.421350435301373e-01
4.379999999999944e+00 4.432085324934371e-01
4.385999999999944e+00 4.442191020116227e-01
4.391999999999944e+00 4.451666011697241e-01
4.397999999999945e+00 4.460508881670651e-01
4.403999999999945e+00 4.468718303374897e-01
4.409999999999945e+00 4.476293041682741e-01
4.415999999999945e+00 4.483231953177212e-01
4.421999999999946e+00 4.489533986314364e-01
4.427999999999946e+00 4.495198181572807e-01
4.433999999999946e+00 4.500223671590007e-01
4.439999999999946e+00 4.504609681285320e-01
4.445999999999946e+00 4.508355527969753e-01
4.451999999999947e+00 4.511460621442430e-01
4.457999999999947e+00 4.513924464073748e-01
4.463999999999947e+00 4.515746650875221e-01
4.469999999999947e+00 4.516926869555988e-01
4.475999999999948e+00 4.517464900565986e-01
4.481999999999948e+00 4.517360617125778e-01
4.487999999999948e+00 4.516613985243038e-01
4.493999999999948e+00 4.515225063715679e-01
4.499999999999948e+00 4.513194004121631e-01
4.505999999999949e+00 4.510521050795273e-01
4.511999999999949e+00 4.507206540790515e-01
4.517999999999949e+00 4.503250903830544e-01
4.523999999999949e+00 4.498654662244226e-01
4.529999999999950e+00 4.493418430889194e-01
4.535999999999950e+00 4.487542917061618e-01
4.541999999999950e+00 4.481028920392672e-01
4.547999999999950e+00 4.473877332731718e-01
4.553999999999951e+00 4.466089138016219e-01
4.559999999999951e+00 4.457665412128404e-01
4.565999999999951e+00 4.448607322738696e-01
4.571999999999951e+00 4.438916129135944e-01
4.577999999999951e+00 4.428593182044462e-01
4.583999999999952e+00 4.417639923427916e-01
4.589999999999952e+00 4.406057886280076e-01
4.595999999999952e+00 4.393848694402482e-01
4.601999999999952e+00 4.381014062169031e-01
4.607999999999953e+00 4.367555794277537e-01
4.613999999999953e+00 4.353475785488290e-01
4.619999999999953e+00 4.338776020349664e-01
4.625999999999953e+00 4.323458572910795e-01
4.631999999999953e+00 4.307525606421386e-01
4.637999999999954e+00 4.290979373018676e-01
4.643999999999954e+00 4.273822213401613e-01
4.649999999999954e+00 4.256056556492295e-01
4.655999999999954e+00 4.237684919084704e-01
4.661999999999955e+00 4.218709905480802e-01
4.667999999999955e+00 4.199134207114033e-01
4.673999999999955e+00 4.178960602160288e-01
4.679999999999955e+00 4.158191955136387e-01
4.685999999999956e+00 4.136831216486139e-01
4.691999999999956e+00 4.114881422154033e-01
4.697999999999956e+00 4.092345693146633e-01
4.703999999999956e+00 4.069227235081722e-01
4.709999999999956e+00 4.045529337725283e-01
4.715999999999957e+00 4.021255374516362e-01
4.721999999999957e+00 3.996408802079893e-01
4.727999999999957e+00 3.970993159727559e-01
4.733999999999957e+00 3.945012068946744e-01
4.739999999999958e+00 3.918469232877666e-01
4.745999999999958e+00 3.891368435778764e-01
4.751999999999958e+00 3.863713542480403e-01
4.757999999999958e+00 3.835508497826995e-01
4.763999999999958e+00 3.806757326107598e-01
4.769999999999959e+00 3.777464130475087e-01
4.775999999999959e+00 3.747633092353976e-01
4.781999999999959e+00 3.717268470836981e-01
4.787999999999959e+00 3.686374602070398e-01
4.793999999999960e+00 3.654955898628401e-01
4.799999999999960e+00 3.623016848876339e-01
4.805999999999960e+00 3.590562016323129e-01
4.811999999999960e+00 3.557596038962834e-01
4.817999999999961e+00 3.524123628605521e-01
4.823999999999961e+00 3.490149570197506e-01
4.829999999999961e+00 3.455678721131065e-01
4.835999999999961e+00 3.420716010543724e-01
4.841999999999961e+00 3.385266438607230e-01
4.847999999999962e+00 3.349335075806291e-01
4.853999999999962e+00 3.312927062207209e-01
4.859999999999962e+00 3.276047606716496e-01
4.865999999999962e+00 3.238701986329576e-01
4.871999999999963e+00 3.200895545369711e-01
4.877999999999963e+00 3.162633694717213e-01
4.883999999999963e+00 3.123921911029101e-01
4.889999999999963e+00 3.084765735949280e-01
4.895999999999963e+00 3.045170775309375e-01
4.901999999999964e+00 3.005142698320329e-01
4.907999999999964e+00 2.964687236754877e-01
4.913999999999964e+00 2.923810184121023e-01
4.919999999999964e+00 2.882517394826635e-01
4.925999999999965e+00 2.840814783335269e-01
4.931999999999965e+00 2.798708323313364e-01
4.937999999999965e+00 2.756204046768910e-01
4.943999999999965e+00 2.713308043181725e-01
4.949999999999966e+00 2.670026458625459e-01
4.955999999999966e+00 2.626365494881463e-01
4.961999999999966e+00 2.582331408544636e-01
4.967999999999966e+00 2.537930510121389e-01
4.973999999999966e+00 2.493169163119850e-01
4.979999999999967e+00 2.448053783132443e-01
4.985999999999967e+00 2.402590836910980e-01
4.991999999999967e+00 2.356786841434382e-01
4.997999999999967e+00 2.310648362969185e-01
5.003999999999968e+00 2.264182016122945e-01
5.009999999999968e+00 2.217394462890694e-01
5.015999999999968e+00 2.170292411694580e-01
5.021999999999968e+00 2.122882616416821e-01
5.027999999999968e+00 2.075171875426127e-01
5.033999999999969e+00 2.027167030597715e-01
5.039999999999969e+00 1.978874966327073e-01
5.045999999999969e+00 1.930302608537599e-01
5.051999999999969e+00 1.881456923682272e-01
5.057999999999970e+00 1.832344917739493e-01
5.063999999999970e+00 1.782973635203233e-01
5.069999999999970e+00 1.733350158067653e-01
5.075999999999970e+00 1.683481604806318e-01
5.081999999999971e+00 1.633375129346170e-01
5.087999999999971e+00 1.583037920036404e-01
5.093999999999971e+00 1.532477198612387e-01
5.099999999999971e+00 1.481700219154777e-01
5.105999999999971e+00 1.430714267043996e-01
5.111999999999972e+00 1.379526657910190e-01
5.117999999999972e+00 1.328144736578853e-01
5.123999999999972e+00 1.276575876012238e-01
5.129999999999972e+00 1.224827476246734e-01
5.135999999999973e+00 1.172906963326345e-01
5.141999999999973e+00 1.120821788232426e-01
5.147999999999973e+00 1.068579425809841e-01
5.153999999999973e+00 1.016187373689683e-01
5.159999999999973e+00 9.636531512087256e-02
5.165999999999974e+00 9.109842983257463e-02
5.171999999999974e+00 8.581883745348930e-02
5.177999999999974e+00 8.052729577762380e-02
5.183999999999974e+00 7.522456433436835e-02
5.189999999999975e+00 6.991140427903721e-02
5.195999999999975e+00 6.458857828317627e-02
5.201999999999975e+00 5.925685042465268e-02
5.207999999999975e+00 5.391698607754261e-02
5.213999999999976e+00 4.856975180183279e-02
5.219999999999976e+00 4.321591523295185e-02
5.225999999999976e+00 3.785624497114730e-02
5.231999999999976e+00 3.249151047072405e-02
5.237999999999976e+00 2.712248192916050e-02
5.243999999999977e+00 2.174993017611808e-02
5.249999999999977e+00 1.637462656236027e-02
5.255999999999977e+00 1.099734284859709e-02
5.261999999999977e+00 5.618851094270994e-03
5.267999999999978e+00 2.399235463003508e-04
5.273999999999978e+00 -5.138667472203718e-03
5.279999999999978e+00 -1.051614967323090e-02
5.285999999999978e+00 -1.589175091515974e-02
5.291999999999978e+00 -2.126469931402415e-02
5.297999999999979e+00 -2.663422335474232e-02
5.303999999999979e+00 -3.199955200229203e-02
5.309999999999979e+00 -3.735991481281639e-02
5.315999999999979e+00 -4.271454204464400e-02
5.321999999999980e+00 -4.806266476920745e-02
5.327999999999980e+00 -5.340351498184440e-02
5.333999999999980e+00 -5.873632571246502e-02
5.339999999999980e+00 -6.406033113607014e-02
5.345999999999981e+00 -6.937476668310394e-02
5.351999999999981e+00 -7.467886914962546e-02
5.357999999999981e+00 -7.997187680728303e-02
5.363999999999981e+00 -8.525302951307574e-02
5.369999999999981e+00 -9.052156881888619e-02
5.375999999999982e+00 -9.577673808076875e-02
5.381999999999982e+00 -1.010177825679776e-01
5.387999999999982e+00 -1.062439495717187e-01
5.393999999999982e+00 -1.114544885136105e-01
5.399999999999983e+00 -1.166486510538370e-01
5.405999999999983e+00 -1.218256911989785e-01
5.411999999999983e+00 -1.269848654095037e-01
5.417999999999983e+00 -1.321254327069080e-01
5.423999999999984e+00 -1.372466547804830e-01
5.429999999999984e+00 -1.423477960937009e-01
5.435999999999984e+00 -1.474281239901995e-01
5.441999999999984e+00 -1.524869087993518e-01
5.447999999999984e+00 -1.575234239414051e-01
5.453999999999985e+00 -1.625369460321748e-01
5.459999999999985e+00 -1.675267549872779e-01
5.465999999999985e+00 -1.724921341258903e-01
5.471999999999985e+00 -1.774323702740143e-01
5.477999999999986e+00 -1.823467538672398e-01
5.483999999999986e+00 -1.872345790529868e-01
5.489999999999986e+00 -1.920951437922112e-01
5.495999999999986e+00 -1.969277499605626e-01
5.501999999999986e+00 -2.017317034489772e-01
5.507999999999987e+00 -2.065063142636921e-01
5.513999999999987e+00 -2.112508966256673e-01
5.519999999999987e+00 -2.159647690693994e-01
5.525999999999987e+00 -2.206472545411148e-01
5.531999999999988e+00 -2.252976804963264e-01
5.537999999999988e+00 -2.299153789967412e-01
5.543999999999988e+00 -2.344996868065037e-01
5.549999999999988e+00 -2.390499454877625e-01
5.555999999999989e+00 -2.435655014955449e-01
5.561999999999989e+00 -2.480457062719270e-01
5.567999999999989e+00 -2.524899163394852e-01
5.573999999999989e+00 -2.568974933940157e-01
5.579999999999989e+00 -2.612678043965088e-01
5.585999999999990e+00 -2.656002216643646e-01
5.591999999999990e+00 -2.698941229618372e-01
5.597999999999990e+00 -2.741488915896938e-01
5.603999999999990e+00 -2.783639164740767e-01
5.609999999999991e+00 -2.825385922545545e-01
5.615999999999991e+00 -2.866723193713505e-01
5.621999999999991e+00 -2.907645041517356e-01
5.627999999999991e+00 -2.948145588955724e-01
5.633999999999991e+00 -2.988219019599999e-01
5.639999999999992e+00 -3.027859578432448e-01
5.645999999999992e+00 -3.067061572675489e-01
5.651999999999992e+00 -3.105819372611992e-01
5.657999999999992e+00 -3.144127412396501e-01
5.663999999999993e+00 -3.181980190857254e-01
5.669999999999993e+00 -3.219372272288884e-01
5.675999999999993e+00 -3.256298287235697e-01
5.681999999999993e+00 -3.292752933265396e-01
5.687999999999994e+00 -3.328730975733163e-01
5.693999999999994e+00 -3.364227248535965e-01
5.699999999999994e+00 -3.399236654856997e-01
5.705999999999994e+00 -3.433754167900134e-01
5.711999999999994e+00 -3.467774831614308e-01
5.717999999999995e+00 -3.501293761407688e-01
5.723999999999995e+00 -3.534306144851567e-01
5.729999999999995e+00 -3.566807242373859e-01
5.735999999999995e+00 -3.598792387942095e-01
5.741999999999996e+00 -3.630256989735832e-01
5.747999999999996e+00 -3.661196530808374e-01
5.753999999999996e+00 -3.691606569737698e-01
5.759999999999996e+00 -3.721482741266513e-01
5.765999999999996e+00 -3.750820756931346e-01
5.771999999999997e+00 -3.779616405680558e-01
5.777999999999997e+00 -3.807865554481225e-01
5.783999999999997e+00 -3.835564148914767e-01
5.789999999999997e+00 -3.862708213761262e-01
5.795999999999998e+00 -3.889293853572351e-01
5.801999999999998e+00 -3.915317253232655e-01
5.807999999999998e+00 -3.940774678509613e-01
5.813999999999998e+00 -3.965662476591683e-01
5.819999999999999e+00 -3.989977076614805e-01
5.825999999999999e+00 -4.013714990177068e-01
5.831999999999999e+00 -4.036872811841493e-01
5.837999999999999e+00 -4.059447219626873e-01
5.843999999999999e+00 -4.081434975486590e-01
5.850000000000000e+00 -4.102832925775339e-01
5.856000000000000e+00 -4.123638001703706e-01
5.862000000000000e+00 -4.143847219780510e-01
5.868000000000000e+00 -4.163457682242876e-01
5.874000000000001e+00 -4.182466577473942e-01
5.880000000000001e+00 -4.200871180408174e-01
5.886000000000001e+00 -4.218668852924211e-01
5.892000000000001e+00 -4.235857044225179e-01
5.898000000000001e+00 -4.252433291206441e-01
5.904000000000002e+00 -4.268395218810708e-01
5.910000000000002e+00 -4.283740540370471e-01
5.916000000000002e+00 -4.298467057937706e-01
5.922000000000002e+00 -4.312572662600791e-01
5.928000000000003e+00 -4.326055334788613e-01
5.934000000000003e+00 -4.338913144561798e-01
5.940000000000003e+00 -4.351144251891034e-01
5.946000000000003e+00 -4.362746906922446e-01
5.952000000000004e+00 -4.373719450229980e-01
5.958000000000004e+00 -4.384060313054772e-01
5.964000000000004e+00 -4.393768017531444e-01
5.970000000000004e+00 -4.402841176901323e-01
5.976000000000004e+00 -4.411278495712530e-01
5.982000000000005e+00 -4.419078770006925e-01
5.988000000000005e+00 -4.426240887493864e-01
5.994000000000005e+00 -4.432763827710767e-01
