0.000000000000000e+00 0.000000000000000e+00
6.000000000000000e-03 3.592767639054584e-05
1.200000000000000e-02 1.434188285492355e-04
1.800000000000000e-02 3.220298517034315e-04
2.400000000000000e-02 5.713094610081959e-04
3.000000000000000e-02 8.907987412105078e-04
3.600000000000000e-02 1.280031197503473e-03
4.200000000000000e-02 1.738532807562976e-03
4.799999999999999e-02 2.265822074759172e-03
5.399999999999999e-02 2.861410082534099e-03
5.999999999999999e-02 3.524800549936868e-03
6.599999999999999e-02 4.255489888309094e-03
7.199999999999999e-02 5.052967259110197e-03
7.800000000000000e-02 5.916714632875075e-03
8.400000000000001e-02 6.846206849294101e-03
9.000000000000001e-02 7.840911678407558e-03
9.600000000000002e-02 8.900289882903478e-03
1.020000000000000e-01 1.002379528151132e-02
1.080000000000000e-01 1.121087481347960e-02
1.140000000000000e-01 1.246096860413043e-02
1.200000000000000e-01 1.377351003147814e-02
1.260000000000000e-01 1.514792579390395e-02
1.320000000000000e-01 1.658363597887585e-02
1.380000000000000e-01 1.808005413270292e-02
1.440000000000000e-01 1.963658733131374e-02
1.500000000000000e-01 2.125263625204865e-02
1.560000000000001e-01 2.292759524645444e-02
1.620000000000001e-01 2.466085241407057e-02
1.680000000000001e-01 2.645178967719669e-02
1.740000000000001e-01 2.829978285662865e-02
1.800000000000001e-01 3.020420174835292e-02
1.860000000000001e-01 3.216441020118727e-02
1.920000000000001e-01 3.417976619535679e-02
1.980000000000001e-01 3.624962192199194e-02
2.040000000000001e-01 3.837332386353826e-02
2.100000000000001e-01 4.055021287506561e-02
2.160000000000001e-01 4.277962426646348e-02
2.220000000000001e-01 4.506088788551083e-02
2.280000000000001e-01 4.739332820180919e-02
2.340000000000001e-01 4.977626439156413e-02
2.400000000000001e-01 5.220901042320436e-02
2.460000000000001e-01 5.469087514382492e-02
2.520000000000001e-01 5.722116236644181e-02
2.580000000000001e-01 5.979917095804460e-02
2.640000000000001e-01 6.242419492843460e-02
2.700000000000001e-01 6.509552351983428e-02
2.760000000000001e-01 6.781244129725661e-02
2.820000000000001e-01 7.057422823961806e-02
2.880000000000001e-01 7.338015983158425e-02
2.940000000000002e-01 7.622950715613327e-02
3.000000000000002e-01 7.912153698782298e-02
3.060000000000002e-01 8.205551188674917e-02
3.120000000000002e-01 8.503069029317972e-02
3.180000000000002e-01 8.804632662285128e-02
3.240000000000002e-01 9.110167136291408e-02
3.300000000000002e-01 9.419597116851131e-02
3.360000000000002e-01 9.732846895997699e-02
3.420000000000002e-01 1.004984040206406e-01
3.480000000000002e-01 1.037050120952215e-01
3.540000000000002e-01 1.069475254887998e-01
3.600000000000002e-01 1.102251731663492e-01
3.660000000000002e-01 1.135371808528159e-01
3.720000000000002e-01 1.168827711337309e-01
3.780000000000002e-01 1.202611635563375e-01
3.840000000000002e-01 1.236715747312232e-01
3.900000000000002e-01 1.271132184344371e-01
3.960000000000002e-01 1.305853057100804e-01
4.020000000000002e-01 1.340870449733531e-01
4.080000000000003e-01 1.376176421140434e-01
4.140000000000003e-01 1.411763006004425e-01
4.200000000000003e-01 1.447622215836715e-01
4.260000000000003e-01 1.483746040024028e-01
4.320000000000003e-01 1.520126446879635e-01
4.380000000000003e-01 1.556755384698014e-01
4.440000000000003e-01 1.593624782813026e-01
4.500000000000003e-01 1.630726552659404e-01
4.560000000000003e-01 1.668052588837440e-01
4.620000000000003e-01 1.705594770180683e-01
4.680000000000003e-01 1.743344960826508e-01
4.740000000000003e-01 1.781295011289392e-01
4.800000000000003e-01 1.819436759536735e-01
4.860000000000003e-01 1.857762032067082e-01
4.920000000000003e-01 1.896262644990565e-01
4.980000000000003e-01 1.934930405111428e-01
5.040000000000003e-01 1.973757111012462e-01
5.100000000000003e-01 2.012734554141194e-01
5.160000000000003e-01 2.051854519897671e-01
5.220000000000004e-01 2.091108788723683e-01
5.280000000000004e-01 2.130489137193250e-01
5.340000000000004e-01 2.169987339104233e-01
5.400000000000004e-01 2.209595166570896e-01
5.460000000000004e-01 2.249304391117255e-01
5.520000000000004e-01 2.289106784771067e-01
5.580000000000004e-01 2.328994121158284e-01
5.640000000000004e-01 2.368958176597825e-01
5.700000000000004e-01 2.408990731196485e-01
5.760000000000004e-01 2.449083569943847e-01
5.820000000000004e-01 2.489228483807011e-01
5.880000000000004e-01 2.529417270824994e-01
5.940000000000004e-01 2.569641737202640e-01
6.000000000000004e-01 2.609893698403867e-01
6.060000000000004e-01 2.650164980244105e-01
6.120000000000004e-01 2.690447419981759e-01
6.180000000000004e-01 2.730732867408531e-01
6.240000000000004e-01 2.771013185938456e-01
6.300000000000004e-01 2.811280253695466e-01
6.360000000000005e-01 2.851525964599362e-01
6.420000000000005e-01 2.891742229449987e-01
6.480000000000005e-01 2.931920977009483e-01
6.540000000000005e-01 2.972054155082448e-01
6.600000000000005e-01 3.012133731593838e-01
6.660000000000005e-01 3.052151695664478e-01
6.720000000000005e-01 3.092100058683976e-01
6.780000000000005e-01 3.131970855380941e-01
6.840000000000005e-01 3.171756144890304e-01
6.900000000000005e-01 3.211448011817608e-01
6.960000000000005e-01 3.251038567300096e-01
7.020000000000005e-01 3.290519950064463e-01
7.080000000000005e-01 3.329884327481083e-01
7.140000000000005e-01 3.369123896614599e-01
7.200000000000005e-01 3.408230885270681e-01
7.260000000000005e-01 3.447197553038832e-01
7.320000000000005e-01 3.486016192331062e-01
7.380000000000005e-01 3.524679129416294e-01
7.440000000000005e-01 3.563178725450351e-01
7.500000000000006e-01 3.601507377501360e-01
7.560000000000006e-01 3.639657519570438e-01
7.620000000000006e-01 3.677621623607497e-01
7.680000000000006e-01 3.715392200522032e-01
7.740000000000006e-01 3.752961801188730e-01
7.800000000000006e-01 3.790323017447761e-01
7.860000000000006e-01 3.827468483099611e-01
7.920000000000006e-01 3.864390874894290e-01
7.980000000000006e-01 3.901082913514797e-01
8.040000000000006e-01 3.937537364554669e-01
8.100000000000006e-01 3.973747039489498e-01
8.160000000000006e-01 4.009704796642258e-01
8.220000000000006e-01 4.045403542142300e-01
8.280000000000006e-01 4.080836230877877e-01
8.340000000000006e-01 4.115995867442070e-01
8.400000000000006e-01 4.150875507071959e-01
8.460000000000006e-01 4.185468256580908e-01
8.520000000000006e-01 4.219767275283831e-01
8.580000000000007e-01 4.253765775915305e-01
8.640000000000007e-01 4.287457025540379e-01
8.700000000000007e-01 4.320834346457975e-01
8.760000000000007e-01 4.353891117096713e-01
8.820000000000007e-01 4.386620772903060e-01
8.880000000000007e-01 4.419016807221652e-01
8.940000000000007e-01 4.451072772167669e-01
9.000000000000007e-01 4.482782279491139e-01
9.060000000000007e-01 4.514139001433028e-01
9.120000000000007e-01 4.545136671573011e-01
9.180000000000007e-01 4.575769085668785e-01
9.240000000000007e-01 4.606030102486803e-01
9.300000000000007e-01 4.635913644624320e-01
9.360000000000007e-01 4.665413699322603e-01
9.420000000000007e-01 4.694524319271223e-01
9.480000000000007e-01 4.723239623403273e-01
9.540000000000007e-01 4.751553797681426e-01
9.600000000000007e-01 4.779461095874694e-01
9.660000000000007e-01 4.806955840325795e-01
9.720000000000008e-01 4.834032422708995e-01
9.780000000000008e-01 4.860685304778331e-01
9.840000000000008e-01 4.886909019106094e-01
9.900000000000008e-01 4.912698169811470e-01
9.960000000000008e-01 4.938047433279226e-01
1.002000000000001e+00 4.962951558868341e-01
1.008000000000001e+00 4.987405369610478e-01
1.014000000000001e+00 5.011403762898181e-01
1.020000000000001e+00 5.034941711162724e-01
1.026000000000001e+00 5.058014262541477e-01
1.032000000000001e+00 5.080616541534727e-01
1.038000000000001e+00 5.102743749651822e-01
1.044000000000001e+00 5.124391166046574e-01
1.050000000000001e+00 5.145554148141802e-01
1.056000000000001e+00 5.166228132242947e-01
1.062000000000001e+00 5.186408634140650e-01
1.068000000000001e+00 5.206091249702205e-01
1.074000000000001e+00 5.225271655451822e-01
1.080000000000001e+00 5.243945609139576e-01
1.086000000000001e+00 5.262108950299006e-01
1.092000000000001e+00 5.279757600793232e-01
1.098000000000001e+00 5.296887565349551e-01
1.104000000000001e+00 5.313494932082402e-01
1.110000000000001e+00 5.329575873004651e-01
1.116000000000001e+00 5.345126644527092e-01
1.122000000000001e+00 5.360143587946118e-01
1.128000000000001e+00 5.374623129919459e-01
1.134000000000001e+00 5.388561782929953e-01
1.140000000000001e+00 5.401956145737244e-01
1.146000000000001e+00 5.414802903817376e-01
1.152000000000001e+00 5.427098829790185e-01
1.158000000000001e+00 5.438840783834449e-01
1.164000000000001e+00 5.450025714090720e-01
1.170000000000001e+00 5.460650657051802e-01
1.176000000000001e+00 5.470712737940772e-01
1.182000000000001e+00 5.480209171076535e-01
1.188000000000001e+00 5.489137260226837e-01
1.194000000000001e+00 5.497494398948681e-01
1.200000000000001e+00 5.505278070916094e-01
1.206000000000001e+00 5.512485850235218e-01
1.212000000000001e+00 5.519115401746648e-01
1.218000000000001e+00 5.525164481314989e-01
1.224000000000001e+00 5.530630936105589e-01
1.230000000000001e+00 5.535512704848395e-01
1.236000000000001e+00 5.539807818088908e-01
1.242000000000001e+00 5.543514398426181e-01
1.248000000000001e+00 5.546630660737855e-01
1.254000000000001e+00 5.549154912392144e-01
1.260000000000001e+00 5.551085553446806e-01
1.266000000000001e+00 5.552421076835012e-01
1.272000000000001e+00 5.553160068538120e-01
1.278000000000001e+00 5.553301207745301e-01
1.284000000000001e+00 5.552843267000027e-01
1.290000000000001e+00 5.551785112333354e-01
1.296000000000001e+00 5.550125703384022e-01
1.302000000000001e+00 5.547864093505328e-01
1.308000000000001e+00 5.544999429858749e-01
1.314000000000001e+00 5.541530953494336e-01
1.320000000000001e+00 5.537457999417823e-01
1.326000000000001e+00 5.532779996644464e-01
1.332000000000001e+00 5.527496468239582e-01
1.338000000000001e+00 5.521607031345837e-01
1.344000000000001e+00 5.515111397197170e-01
1.350000000000001e+00 5.508009371119470e-01
1.356000000000001e+00 5.500300852517921e-01
1.362000000000001e+00 5.491985834851046e-01
1.368000000000001e+00 5.483064405591463e-01
1.374000000000001e+00 5.473536746173322e-01
1.380000000000001e+00 5.463403131926465e-01
1.386000000000001e+00 5.452663931997311e-01
1.392000000000001e+00 5.441319609256440e-01
1.398000000000001e+00 5.429370720192941e-01
1.404000000000001e+00 5.416817914795504e-01
1.410000000000001e+00 5.403661936420282e-01
1.416000000000001e+00 5.389903621645529e-01
1.422000000000001e+00 5.375543900113054e-01
1.428000000000001e+00 5.360583794356509e-01
1.434000000000001e+00 5.345024419616501e-01
1.440000000000001e+00 5.328866983642605e-01
1.446000000000001e+00 5.312112786482270e-01
1.452000000000001e+00 5.294763220256653e-01
1.458000000000001e+00 5.276819768923424e-01
1.464000000000001e+00 5.258284008026561e-01
1.470000000000001e+00 5.239157604433170e-01
1.476000000000001e+00 5.219442316057387e-01
1.482000000000001e+00 5.199139991571369e-01
1.488000000000001e+00 5.178252570103444e-01
1.494000000000001e+00 5.156782080923435e-01
1.500000000000001e+00 5.134730643115232e-01
1.506000000000001e+00 5.112100465236622e-01
1.512000000000001e+00 5.088893844966466e-01
1.518000000000001e+00 5.065113168739233e-01
1.524000000000001e+00 5.040760911366970e-01
1.530000000000001e+00 5.015839635648749e-01
1.536000000000001e+00 4.990351991967646e-01
1.542000000000001e+00 4.964300717875321e-01
1.548000000000001e+00 4.937688637664230e-01
1.554000000000001e+00 4.910518661927565e-01
1.560000000000001e+00 4.882793787106959e-01
1.566000000000001e+00 4.854517095028028e-01
1.572000000000001e+00 4.825691752423810e-01
1.578000000000001e+00 4.796321010446186e-01
1.584000000000001e+00 4.766408204165328e-01
1.590000000000001e+00 4.735956752057261e-01
1.596000000000001e+00 4.704970155479610e-01
1.602000000000001e+00 4.673451998135597e-01
1.608000000000001e+00 4.641405945526377e-01
1.614000000000001e+00 4.608835744391783e-01
1.620000000000001e+00 4.575745222139557e-01
1.626000000000001e+00 4.542138286263155e-01
1.632000000000001e+00 4.508018923748209e-01
1.638000000000001e+00 4.473391200467718e-01
1.644000000000001e+00 4.438259260566069e-01
1.650000000000001e+00 4.402627325831972e-01
1.656000000000001e+00 4.366499695060389e-01
1.662000000000001e+00 4.329880743403558e-01
1.668000000000001e+00 4.292774921711202e-01
1.674000000000001e+00 4.255186755860013e-01
1.680000000000001e+00 4.217120846072512e-01
1.686000000000001e+00 4.178581866225378e-01
1.692000000000001e+00 4.139574563147345e-01
1.698000000000001e+00 4.100103755906769e-01
1.704000000000001e+00 4.060174335088967e-01
1.710000000000001e+00 4.019791262063427e-01
1.716000000000001e+00 3.978959568240996e-01
1.722000000000001e+00 3.937684354321154e-01
1.728000000000001e+00 3.895970789529478e-01
1.734000000000001e+00 3.853824110845406e-01
1.740000000000001e+00 3.811249622220413e-01
1.746000000000001e+00 3.768252693786707e-01
1.752000000000001e+00 3.724838761056557e-01
1.758000000000001e+00 3.681013324112379e-01
1.764000000000001e+00 3.636781946787680e-01
1.770000000000001e+00 3.592150255838981e-01
1.776000000000001e+00 3.547123940108849e-01
1.782000000000001e+00 3.501708749680142e-01
1.788000000000001e+00 3.455910495021598e-01
1.794000000000001e+00 3.409735046124881e-01
1.800000000000001e+00 3.363188331633219e-01
1.806000000000001e+00 3.316276337961752e-01
1.812000000000001e+00 3.269005108409710e-01
1.818000000000001e+00 3.221380742264564e-01
1.824000000000001e+00 3.173409393898253e-01
1.830000000000001e+00 3.125097271855650e-01
1.836000000000001e+00 3.076450637935366e-01
1.842000000000001e+00 3.027475806263038e-01
1.848000000000001e+00 2.978179142357233e-01
1.854000000000001e+00 2.928567062188105e-01
1.860000000000001e+00 2.878646031228924e-01
1.866000000000001e+00 2.828422563500633e-01
1.872000000000001e+00 2.777903220609561e-01
1.878000000000001e+00 2.727094610778417e-01
1.884000000000001e+00 2.676003387870734e-01
1.890000000000001e+00 2.624636250408866e-01
1.896000000000001e+00 2.572999940585711e-01
1.902000000000001e+00 2.521101243270279e-01
1.908000000000001e+00 2.468946985007258e-01
1.914000000000001e+00 2.416544033010723e-01
1.920000000000001e+00 2.363899294152119e-01
1.926000000000001e+00 2.311019713942682e-01
1.932000000000001e+00 2.257912275510423e-01
1.938000000000001e+00 2.204583998571845e-01
1.944000000000002e+00 2.151041938398514e-01
1.950000000000002e+00 2.097293184778654e-01
1.956000000000002e+00 2.043344860973901e-01
1.962000000000002e+00 1.989204122671379e-01
1.968000000000002e+00 1.934878156931223e-01
1.974000000000002e+00 1.880374181129738e-01
1.980000000000002e+00 1.825699441898303e-01
1.986000000000002e+00 1.770861214058208e-01
1.992000000000002e+00 1.715866799551553e-01
1.998000000000002e+00 1.660723526368373e-01
2.004000000000001e+00 1.605438747470140e-01
2.010000000000001e+00 1.550019839709798e-01
2.016000000000001e+00 1.494474202748479e-01
2.022000000000001e+00 1.438809257969066e-01
2.028000000000000e+00 1.383032447386756e-01
2.034000000000000e+00 1.327151232556763e-01
2.040000000000000e+00 1.271173093479348e-01
2.046000000000000e+00 1.215105527502299e-01
2.052000000000000e+00 1.158956048221049e-01
2.057999999999999e+00 1.102732184376567e-01
2.063999999999999e+00 1.046441478751193e-01
2.069999999999999e+00 9.900914870625685e-02
2.075999999999999e+00 9.336897768558250e-02
2.081999999999999e+00 8.772439263941867e-02
2.087999999999998e+00 8.207615235481494e-02
2.093999999999998e+00 7.642501646833891e-02
2.099999999999998e+00 7.077174535475703e-02
2.105999999999998e+00 6.511710001561982e-02
2.111999999999997e+00 5.946184196776937e-02
2.117999999999997e+00 5.380673313178300e-02
2.123999999999997e+00 4.815253572037081e-02
2.129999999999997e+00 4.250001212674240e-02
2.135999999999997e+00 3.684992481295865e-02
2.141999999999996e+00 3.120303619828464e-02
2.147999999999996e+00 2.556010854756026e-02
2.153999999999996e+00 1.992190385960357e-02
2.159999999999996e+00 1.428918375566367e-02
2.165999999999995e+00 8.662709367939017e-03
2.171999999999995e+00 3.043241228176591e-03
2.177999999999995e+00 -2.568460843631555e-03
2.183999999999995e+00 -8.171637850438326e-03
2.189999999999995e+00 -1.376553172920272e-02
2.195999999999994e+00 -1.934938546180615e-02
2.201999999999994e+00 -2.492244318580694e-02
2.207999999999994e+00 -3.048395030501910e-02
2.213999999999994e+00 -3.603315359989737e-02
2.219999999999994e+00 -4.156930133771440e-02
2.225999999999993e+00 -4.709164338251313e-02
2.231999999999993e+00 -5.259943130481937e-02
2.237999999999993e+00 -5.809191849109833e-02
2.243999999999993e+00 -6.356836025293960e-02
2.249999999999992e+00 -6.902801393595495e-02
2.255999999999992e+00 -7.447013902837324e-02
2.261999999999992e+00 -7.989399726931695e-02
2.267999999999992e+00 -8.529885275674470e-02
2.273999999999992e+00 -9.068397205504439e-02
2.279999999999991e+00 -9.604862430226138e-02
2.285999999999991e+00 -1.013920813169463e-01
2.291999999999991e+00 -1.067136177046078e-01
2.297999999999991e+00 -1.120125109637536e-01
2.303999999999991e+00 -1.172880415915065e-01
2.309999999999990e+00 -1.225394931887776e-01
2.315999999999990e+00 -1.277661525649856e-01
2.321999999999990e+00 -1.329673098423018e-01
2.327999999999990e+00 -1.381422585594118e-01
2.333999999999989e+00 -1.432902957747734e-01
2.339999999999989e+00 -1.484107221693606e-01
2.345999999999989e+00 -1.535028421488753e-01
2.351999999999989e+00 -1.585659639454146e-01
2.357999999999989e+00 -1.635993997185777e-01
2.363999999999988e+00 -1.686024656559983e-01
2.369999999999988e+00 -1.735744820732884e-01
2.375999999999988e+00 -1.785147735133784e-01
2.381999999999988e+00 -1.834226688452400e-01
2.387999999999987e+00 -1.882975013619774e-01
2.393999999999987e+00 -1.931386088782726e-01
2.399999999999987e+00 -1.979453338271714e-01
2.405999999999987e+00 -2.027170233561951e-01
2.411999999999987e+00 -2.074530294227653e-01
2.417999999999986e+00 -2.121527088889280e-01
2.423999999999986e+00 -2.168154236153618e-01
2.429999999999986e+00 -2.214405405546593e-01
2.435999999999986e+00 -2.260274318438659e-01
2.441999999999986e+00 -2.305754748962648e-01
2.447999999999985e+00 -2.350840524923927e-01
2.453999999999985e+00 -2.395525528702760e-01
2.459999999999985e+00 -2.439803698148715e-01
2.465999999999985e+00 -2.483669027467016e-01
2.471999999999984e+00 -2.527115568096692e-01
2.477999999999984e+00 -2.570137429580403e-01
2.483999999999984e+00 -2.612728780425829e-01
2.489999999999984e+00 -2.654883848958479e-01
2.495999999999984e+00 -2.696596924165815e-01
2.501999999999983e+00 -2.737862356532563e-01
2.507999999999983e+00 -2.778674558867085e-01
2.513999999999983e+00 -2.819028007118703e-01
2.519999999999983e+00 -2.858917241185861e-01
2.525999999999982e+00 -2.898336865714989e-01
2.531999999999982e+00 -2.937281550889981e-01
2.537999999999982e+00 -2.975746033212149e-01
2.543999999999982e+00 -3.013725116270566e-01
2.549999999999982e+00 -3.051213671502661e-01
2.555999999999981e+00 -3.088206638944976e-01
2.561999999999981e+00 -3.124699027973978e-01
2.567999999999981e+00 -3.160685918036799e-01
2.573999999999981e+00 -3.196162459371826e-01
2.579999999999981e+00 -3.231123873719024e-01
2.585999999999980e+00 -3.265565455019876e-01
2.591999999999980e+00 -3.299482570106883e-01
2.597999999999980e+00 -3.332870659382469e-01
2.603999999999980e+00 -3.365725237487238e-01
2.609999999999979e+00 -3.398041893957469e-01
2.615999999999979e+00 -3.429816293871749e-01
2.621999999999979e+00 -3.461044178486672e-01
2.627999999999979e+00 -3.491721365861486e-01
2.633999999999979e+00 -3.521843751471624e-01
2.639999999999978e+00 -3.551407308811009e-01
2.645999999999978e+00 -3.580408089983064e-01
2.651999999999978e+00 -3.608842226280340e-01
2.657999999999978e+00 -3.636705928752655e-01
2.663999999999977e+00 -3.663995488763711e-01
2.669999999999977e+00 -3.690707278536048e-01
2.675999999999977e+00 -3.716837751684317e-01
2.681999999999977e+00 -3.742383443736750e-01
2.687999999999977e+00 -3.767340972644777e-01
2.693999999999976e+00 -3.791707039280711e-01
2.699999999999976e+00 -3.815478427923420e-01
2.705999999999976e+00 -3.838652006731941e-01
2.711999999999976e+00 -3.861224728206933e-01
2.717999999999976e+00 -3.883193629639942e-01
2.723999999999975e+00 -3.904555833550372e-01
2.729999999999975e+00 -3.925308548110147e-01
2.735999999999975e+00 -3.945449067555951e-01
2.741999999999975e+00 -3.964974772589038e-01
2.747999999999974e+00 -3.983883130762511e-01
2.753999999999974e+00 -4.002171696856044e-01
2.759999999999974e+00 -4.019838113237983e-01
2.765999999999974e+00 -4.036880110214773e-01
2.771999999999974e+00 -4.053295506367660e-01
2.777999999999973e+00 -4.069082208876625e-01
2.783999999999973e+00 -4.084238213831509e-01
2.789999999999973e+00 -4.098761606530256e-01
2.795999999999973e+00 -4.112650561764278e-01
2.801999999999973e+00 -4.125903344090855e-01
2.807999999999972e+00 -4.138518308092561e-01
2.813999999999972e+00 -4.150493898623669e-01
2.819999999999972e+00 -4.161828651043502e-01
2.825999999999972e+00 -4.172521191436683e-01
2.831999999999971e+00 -4.182570236820284e-01
2.837999999999971e+00 -4.191974595337814e-01
2.843999999999971e+00 -4.200733166440024e-01
2.849999999999971e+00 -4.208844941052522e-01
2.855999999999971e+00 -4.216309001730159e-01
2.861999999999970e+00 -4.223124522798151e-01
2.867999999999970e+00 -4.229290770479955e-01
2.873999999999970e+00 -4.234807103011838e-01
2.879999999999970e+00 -4.239672970744160e-01
2.885999999999969e+00 -4.243887916229326e-01
2.891999999999969e+00 -4.247451574296414e-01
2.897999999999969e+00 -4.250363672112467e-01
2.903999999999969e+00 -4.252624029230427e-01
2.909999999999969e+00 -4.254232557623724e-01
2.915999999999968e+00 -4.255189261707497e-01
2.921999999999968e+00 -4.255494238346457e-01
2.927999999999968e+00 -4.255147676849384e-01
2.933999999999968e+00 -4.254149858950267e-01
2.939999999999968e+00 -4.252501158776073e-01
2.945999999999967e+00 -4.250202042801180e-01
2.951999999999967e+00 -4.247253069788441e-01
2.957999999999967e+00 -4.243654890716927e-01
2.963999999999967e+00 -4.239408248696334e-01
2.969999999999966e+00 -4.234513978868072e-01
2.975999999999966e+00 -4.228973008293063e-01
2.981999999999966e+00 -4.222786355826245e-01
2.987999999999966e+00 -4.215955131977810e-01
2.993999999999966e+00 -4.208480538761207e-01
2.999999999999965e+00 -4.200363869527909e-01
3.005999999999965e+00 -4.191606508788986e-01
3.011999999999965e+00 -4.182209932023507e-01
3.017999999999965e+00 -4.172175705473788e-01
3.023999999999964e+00 -4.161505485927534e-01
3.029999999999964e+00 -4.150201020486888e-01
3.035999999999964e+00 -4.138264146324437e-01
3.041999999999964e+00 -4.125696790426200e-01
3.047999999999964e+00 -4.112500969321627e-01
3.053999999999963e+00 -4.098678788800685e-01
3.059999999999963e+00 -4.084232443618014e-01
3.065999999999963e+00 -4.069164217184254e-01
3.071999999999963e+00 -4.053476481244548e-01
3.077999999999963e+00 -4.037171695544287e-01
3.083999999999962e+00 -4.020252407482135e-01
3.089999999999962e+00 -4.002721251750394e-01
3.095999999999962e+00 -3.984580949962749e-01
3.101999999999962e+00 -3.965834310269464e-01
3.107999999999961e+00 -3.946484226960064e-01
3.113999999999961e+00 -3.926533680053575e-01
3.119999999999961e+00 -3.905985734876383e-01
3.125999999999961e+00 -3.884843541627754e-01
3.131999999999961e+00 -3.863110334933105e-01
3.137999999999960e+00 -3.840789433385067e-01
3.143999999999960e+00 -3.817884239072418e-01
3.149999999999960e+00 -3.794398237096959e-01
3.155999999999960e+00 -3.770334995078383e-01
3.161999999999960e+00 -3.745698162647231e-01
3.167999999999959e+00 -3.720491470925998e-01
3.173999999999959e+00 -3.694718731998461e-01
3.179999999999959e+00 -3.668383838367308e-01
3.185999999999959e+00 -3.641490762400152e-01
3.191999999999958e+00 -3.614043555764008e-01
3.197999999999958e+00 -3.586046348848300e-01
3.203999999999958e+00 -3.557503350176509e-01
3.209999999999958e+00 -3.528418845806517e-01
3.215999999999958e+00 -3.498797198719761e-01
3.221999999999957e+00 -3.468642848199263e-01
3.227999999999957e+00 -3.437960309196640e-01
3.233999999999957e+00 -3.406754171688178e-01
3.239999999999957e+00 -3.375029100020064e-01
3.245999999999956e+00 -3.342789832242879e-01
3.251999999999956e+00 -3.310041179435432e-01
3.257999999999956e+00 -3.276788025018047e-01
3.263999999999956e+00 -3.243035324055394e-01
3.269999999999956e+00 -3.208788102548967e-01
3.275999999999955e+00 -3.174051456719319e-01
3.281999999999955e+00 -3.138830552278137e-01
3.287999999999955e+00 -3.103130623690283e-01
3.293999999999955e+00 -3.066956973425898e-01
3.299999999999955e+00 -3.030314971202681e-01
3.305999999999954e+00 -2.993210053218442e-01
3.311999999999954e+00 -2.955647721374058e-01
3.317999999999954e+00 -2.917633542486921e-01
3.323999999999954e+00 -2.879173147495014e-01
3.329999999999953e+00 -2.840272230651719e-01
3.335999999999953e+00 -2.800936548711467e-01
3.341999999999953e+00 -2.761171920106359e-01
3.347999999999953e+00 -2.720984224113873e-01
3.353999999999953e+00 -2.680379400015777e-01
3.359999999999952e+00 -2.639363446248360e-01
3.365999999999952e+00 -2.597942419544124e-01
3.371999999999952e+00 -2.556122434065042e-01
3.377999999999952e+00 -2.513909660527514e-01
3.383999999999951e+00 -2.471310325319149e-01
3.389999999999951e+00 -2.428330709607495e-01
3.395999999999951e+00 -2.384977148440857e-01
3.401999999999951e+00 -2.341256029841312e-01
3.407999999999951e+00 -2.297173793890080e-01
3.413999999999950e+00 -2.252736931805348e-01
3.419999999999950e+00 -2.207951985012722e-01
3.425999999999950e+00 -2.162825544208395e-01
3.431999999999950e+00 -2.117364248415212e-01
3.437999999999950e+00 -2.071574784031722e-01
3.443999999999949e+00 -2.025463883874404e-01
3.449999999999949e+00 -1.979038326213152e-01
3.455999999999949e+00 -1.932304933800206e-01
3.461999999999949e+00 -1.885270572892634e-01
3.467999999999948e+00 -1.837942152268531e-01
3.473999999999948e+00 -1.790326622237052e-01
3.479999999999948e+00 -1.742430973642450e-01
3.485999999999948e+00 -1.694262236862237e-01
3.491999999999948e+00 -1.645827480799629e-01
3.497999999999947e+00 -1.597133811870413e-01
3.503999999999947e+00 -1.548188372984381e-01
3.509999999999947e+00 -1.498998342521489e-01
3.515999999999947e+00 -1.449570933302866e-01
3.521999999999947e+00 -1.399913391556852e-01
3.527999999999946e+00 -1.350032995880184e-01
3.533999999999946e+00 -1.299937056194499e-01
3.539999999999946e+00 -1.249632912698302e-01
3.545999999999946e+00 -1.199127934814538e-01
3.551999999999945e+00 -1.148429520133935e-01
3.557999999999945e+00 -1.097545093354268e-01
3.563999999999945e+00 -1.046482105215677e-01
3.569999999999945e+00 -9.952480314322254e-02
3.575999999999945e+00 -9.438503716198277e-02
3.581999999999944e+00 -8.922966482207068e-02
3.587999999999944e+00 -8.405944054245434e-02
3.593999999999944e+00 -7.887512080864638e-02
3.599999999999944e+00 -7.367746406420307e-02
3.605999999999943e+00 -6.846723060193802e-02
3.611999999999943e+00 -6.324518245486793e-02
3.617999999999943e+00 -5.801208328690466e-02
3.623999999999943e+00 -5.276869828331016e-02
3.629999999999943e+00 -4.751579404092965e-02
3.635999999999942e+00 -4.225413845821905e-02
3.641999999999942e+00 -3.698450062508279e-02
3.647999999999942e+00 -3.170765071253702e-02
3.653999999999942e+00 -2.642435986221531e-02
3.659999999999942e+00 -2.113540007573146e-02
3.665999999999941e+00 -1.584154410391681e-02
3.671999999999941e+00 -1.054356533594656e-02
3.677999999999941e+00 -5.242237688372115e-03
3.683999999999941e+00 6.166450592481887e-05
3.689999999999940e+00 5.367366608840766e-03
3.695999999999940e+00 1.067409378820505e-02
3.701999999999940e+00 1.598107112896487e-02
3.707999999999940e+00 2.128752374438440e-02
3.713999999999940e+00 2.659267688724232e-02
3.719999999999939e+00 3.189575606101150e-02
3.725999999999939e+00 3.719598713100480e-02
3.731999999999939e+00 4.249259643547135e-02
3.737999999999939e+00 4.778481089662640e-02
3.743999999999938e+00 5.307185813159982e-02
3.749999999999938e+00 5.835296656328679e-02
3.755999999999938e+00 6.362736553108433e-02
3.761999999999938e+00 6.889428540149825e-02
3.767999999999938e+00 7.415295767860444e-02
3.773999999999937e+00 7.940261511434855e-02
3.779999999999937e+00 8.464249181866802e-02
3.785999999999937e+00 8.987182336942068e-02
3.791999999999937e+00 9.508984692210438e-02
3.797999999999937e+00 1.002958013193514e-01
3.803999999999936e+00 1.054889272001819e-01
3.809999999999936e+00 1.106684671090009e-01
3.815999999999936e+00 1.158336656043234e-01
3.821999999999936e+00 1.209837693672108e-01
3.827999999999935e+00 1.261180273094040e-01
3.833999999999935e+00 1.312356906811379e-01
3.839999999999935e+00 1.363360131786204e-01
3.845999999999935e+00 1.414182510511618e-01
3.851999999999935e+00 1.464816632079381e-01
3.857999999999934e+00 1.515255113243736e-01
3.863999999999934e+00 1.565490599481273e-01
3.869999999999934e+00 1.615515766046673e-01
3.875999999999934e+00 1.665323319024185e-01
3.881999999999934e+00 1.714905996374684e-01
3.887999999999933e+00 1.764256568978159e-01
3.893999999999933e+00 1.813367841671478e-01
3.899999999999933e+00 1.862232654281284e-01
3.905999999999933e+00 1.910843882651870e-01
3.911999999999932e+00 1.959194439667889e-01
3.917999999999932e+00 2.007277276271747e-01
3.923999999999932e+00 2.055085382475536e-01
3.929999999999932e+00 2.102611788367359e-01
3.935999999999932e+00 2.149849565111900e-01
3.941999999999931e+00 2.196791825945105e-01
3.947999999999931e+00 2.243431727162814e-01
3.953999999999931e+00 2.289762469103217e-01
3.959999999999931e+00 2.335777297122985e-01
3.965999999999930e+00 2.381469502566933e-01
3.971999999999930e+00 2.426832423731082e-01
3.977999999999930e+00 2.471859446818978e-01
3.983999999999930e+00 2.516544006891130e-01
3.989999999999930e+00 2.560879588807425e-01
3.995999999999929e+00 2.604859728162400e-01
4.001999999999930e+00 2.648478012213217e-01
4.007999999999930e+00 2.691728080800212e-01
4.013999999999930e+00 2.734603627259906e-01
4.019999999999930e+00 2.777098399330313e-01
4.025999999999931e+00 2.819206200048442e-01
4.031999999999931e+00 2.860920888639845e-01
4.037999999999931e+00 2.902236381400092e-01
4.043999999999931e+00 2.943146652568056e-01
4.049999999999931e+00 2.983645735190852e-01
4.055999999999932e+00 3.023727721980340e-01
4.061999999999932e+00 3.063386766161043e-01
4.067999999999932e+00 3.102617082309375e-01
4.073999999999932e+00 3.141412947184039e-01
4.079999999999933e+00 3.179768700547507e-01
4.085999999999933e+00 3.217678745978421e-01
4.091999999999933e+00 3.255137551674832e-01
4.097999999999933e+00 3.292139651248154e-01
4.103999999999933e+00 3.328679644507704e-01
4.109999999999934e+00 3.364752198235729e-01
4.115999999999934e+00 3.400352046952809e-01
4.121999999999934e+00 3.435473993673516e-01
4.127999999999934e+00 3.470112910652224e-01
4.133999999999935e+00 3.504263740118972e-01
4.139999999999935e+00 3.537921495005257e-01
4.145999999999935e+00 3.571081259659663e-01
4.151999999999935e+00 3.603738190553228e-01
4.157999999999936e+00 3.635887516974429e-01
4.163999999999936e+00 3.667524541713705e-01
4.169999999999936e+00 3.698644641737410e-01
4.175999999999936e+00 3.729243268851090e-01
4.181999999999936e+00 3.759315950352013e-01
4.187999999999937e+00 3.788858289670829e-01
4.193999999999937e+00 3.817865967002288e-01
4.199999999999937e+00 3.846334739924918e-01
4.205999999999937e+00 3.874260444009573e-01
4.211999999999938e+00 3.901638993416764e-01
4.217999999999938e+00 3.928466381482690e-01
4.223999999999938e+00 3.954738681293873e-01
4.229999999999938e+00 3.980452046250339e-01
4.235999999999938e+00 4.005602710617228e-01
4.241999999999939e+00 4.030186990064792e-01
4.247999999999939e+00 4.054201282196669e-01
4.253999999999939e+00 4.077642067066385e-01
4.259999999999939e+00 4.100505907681986e-01
4.265999999999940e+00 4.122789450498743e-01
4.271999999999940e+00 4.144489425899859e-01
4.277999999999940e+00 4.165602648665092e-01
4.283999999999940e+00 4.186126018427245e-01
4.289999999999941e+00 4.206056520116458e-01
4.295999999999941e+00 4.225391224392211e-01
4.301999999999941e+00 4.244127288063014e-01
4.307999999999941e+00 4.262261954493695e-01
4.313999999999941e+00 4.279792554000235e-01
4.319999999999942e+00 4.296716504232103e-01
4.325999999999942e+00 4.313031310542018e-01
4.331999999999942e+00 4.328734566343107e-01
4.337999999999942e+00 4.343823953453378e-01
4.343999999999943e+00 4.358297242427491e-01
4.349999999999943e+00 4.372152292875752e-01
4.355999999999943e+00 4.385387053770305e-01
4.361999999999943e+00 4.397999563738457e-01
4.367999999999943e+00 4.409987951343118e-01
4.373999999999944e+00 4.421350435350289e-01
4.379999999999944e+00 4.432085324983584e-01
4.385999999999944e+00 4.442191020165732e-01
4.391999999999944e+00 4.451666011747029e-01
4.397999999999945e+00 4.460508881720715e-01
4.403999999999945e+00 4.468718303425230e-01
4.409999999999945e+00 4.476293041733335e-01
4.415999999999945e+00 4.483231953228060e-01
4.421999999999946e+00 4.489533986365457e-01
4.427999999999946e+00 4.495198181624138e-01
4.433999999999946e+00 4.500223671641568e-01
4.439999999999946e+00 4.504609681337104e-01
4.445999999999946e+00 4.508355528021751e-01
4.451999999999947e+00 4.511460621494636e-01
4.457999999999947e+00 4.513924464126153e-01
4.463999999999947e+00 4.515746650927818e-01
4.469999999999947e+00 4.516926869608768e-01
4.475999999999948e+00 4.517464900618942e-01
4.481999999999948e+00 4.517360617178902e-01
4.487999999999948e+00 4.516613985296323e-01
4.493999999999948e+00 4.515225063769115e-01
4.499999999999948e+00 4.513194004175211e-01
4.505999999999949e+00 4.510521050848988e-01
4.511999999999949e+00 4.507206540844360e-01
4.517999999999949e+00 4.503250903884508e-01
4.523999999999949e+00 4.498654662298301e-01
4.529999999999950e+00 4.493418430943373e-01
4.535999999999950e+00 4.487542917115894e-01
4.541999999999950e+00 4.481028920447035e-01
4.547999999999950e+00 4.473877332786163e-01
4.553999999999951e+00 4.466089138070735e-01
4.559999999999951e+00 4.457665412182983e-01
4.565999999999951e+00 4.448607322793330e-01
4.571999999999951e+00 4.438916129190626e-01
4.577999999999951e+00 4.428593182099184e-01
4.583999999999952e+00 4.417639923482667e-01
4.589999999999952e+00 4.406057886334850e-01
4.595999999999952e+00 4.393848694457272e-01
4.601999999999952e+00 4.381014062223827e-01
4.607999999999953e+00 4.367555794332331e-01
4.613999999999953e+00 4.353475785543074e-01
4.619999999999953e+00 4.338776020404431e-01
4.625999999999953e+00 4.323458572965536e-01
4.631999999999953e+00 4.307525606476093e-01
4.637999999999954e+00 4.290979373073340e-01
4.643999999999954e+00 4.273822213456227e-01
4.649999999999954e+00 4.256056556546851e-01
4.655999999999954e+00 4.237684919139193e-01
4.661999999999955e+00 4.218709905535216e-01
4.667999999999955e+00 4.199134207168365e-01
4.673999999999955e+00 4.178960602214529e-01
4.679999999999955e+00 4.158191955190529e-01
4.685999999999956e+00 4.136831216540173e-01
4.691999999999956e+00 4.114881422207953e-01
4.697999999999956e+00 4.092345693200429e-01
4.703999999999956e+00 4.069227235135388e-01
4.709999999999956e+00 4.045529337778810e-01
4.715999999999957e+00 4.021255374569742e-01
4.721999999999957e+00 3.996408802133118e-01
4.727999999999957e+00 3.970993159780622e-01
4.733999999999957e+00 3.945012068999635e-01
4.739999999999958e+00 3.918469232930380e-01
4.745999999999958e+00 3.891368435831291e-01
4.751999999999958e+00 3.863713542532737e-01
4.757999999999958e+00 3.835508497879127e-01
4.763999999999958e+00 3.806757326159521e-01
4.769999999999959e+00 3.777464130526792e-01
4.775999999999959e+00 3.747633092405456e-01
4.781999999999959e+00 3.717268470888229e-01
4.787999999999959e+00 3.686374602121405e-01
4.793999999999960e+00 3.654955898679160e-01
4.799999999999960e+00 3.623016848926843e-01
4.805999999999960e+00 3.590562016373371e-01
4.811999999999960e+00 3.557596039012805e-01
4.817999999999961e+00 3.524123628655215e-01
4.823999999999961e+00 3.490149570246915e-01
4.829999999999961e+00 3.455678721180181e-01
4.835999999999961e+00 3.420716010592540e-01
4.841999999999961e+00 3.385266438655739e-01
4.847999999999962e+00 3.349335075854487e-01
4.853999999999962e+00 3.312927062255084e-01
4.859999999999962e+00 3.276047606764041e-01
4.865999999999962e+00 3.238701986376787e-01
4.871999999999963e+00 3.200895545416579e-01
4.877999999999963e+00 3.162633694763732e-01
4.883999999999963e+00 3.123921911075263e-01
4.889999999999963e+00 3.084765735995079e-01
4.895999999999963e+00 3.045170775354805e-01
4.901999999999964e+00 3.005142698365382e-01
4.907999999999964e+00 2.964687236799546e-01
4.913999999999964e+00 2.923810184165302e-01
4.919999999999964e+00 2.882517394870517e-01
4.925999999999965e+00 2.840814783378747e-01
4.931999999999965e+00 2.798708323356434e-01
4.937999999999965e+00 2.756204046811563e-01
4.943999999999965e+00 2.713308043223955e-01
4.949999999999966e+00 2.670026458667260e-01
4.955999999999966e+00 2.626365494922830e-01
4.961999999999966e+00 2.582331408585563e-01
4.967999999999966e+00 2.537930510161869e-01
4.973999999999966e+00 2.493169163159876e-01
4.979999999999967e+00 2.448053783172010e-01
4.985999999999967e+00 2.402590836950082e-01
4.991999999999967e+00 2.356786841473013e-01
4.997999999999967e+00 2.310648363007339e-01
5.003999999999968e+00 2.264182016160616e-01
5.009999999999968e+00 2.217394462927879e-01
5.015999999999968e+00 2.170292411731271e-01
5.021999999999968e+00 2.122882616453013e-01
5.027999999999968e+00 2.075171875461814e-01
5.033999999999969e+00 2.027167030632893e-01
5.039999999999969e+00 1.978874966361737e-01
5.045999999999969e+00 1.930302608571742e-01
5.051999999999969e+00 1.881456923715890e-01
5.057999999999970e+00 1.832344917772581e-01
5.063999999999970e+00 1.782973635235786e-01
5.069999999999970e+00 1.733350158099666e-01
5.075999999999970e+00 1.683481604837786e-01
5.081999999999971e+00 1.633375129377088e-01
5.087999999999971e+00 1.583037920066769e-01
5.093999999999971e+00 1.532477198642192e-01
5.099999999999971e+00 1.481700219184020e-01
5.105999999999971e+00 1.430714267072671e-01
5.111999999999972e+00 1.379526657938293e-01
5.117999999999972e+00 1.328144736606380e-01
5.123999999999972e+00 1.276575876039185e-01
5.129999999999972e+00 1.224827476273097e-01
5.135999999999973e+00 1.172906963352120e-01
5.141999999999973e+00 1.120821788257609e-01
5.147999999999973e+00 1.068579425834427e-01
5.153999999999973e+00 1.016187373713670e-01
5.159999999999973e+00 9.636531512321089e-02
5.165999999999974e+00 9.109842983485228e-02
5.171999999999974e+00 8.581883745570590e-02
5.177999999999974e+00 8.052729577977902e-02
5.183999999999974e+00 7.522456433646192e-02
5.189999999999975e+00 6.991140428106875e-02
5.195999999999975e+00 6.458857828514548e-02
5.201999999999975e+00 5.925685042655929e-02
5.207999999999975e+00 5.391698607938635e-02
5.213999999999976e+00 4.856975180361329e-02
5.219999999999976e+00 4.321591523466892e-02
5.225999999999976e+00 3.785624497280065e-02
5.231999999999976e+00 3.249151047231340e-02
5.237999999999976e+00 2.712248193068564e-02
5.243999999999977e+00 2.174993017757877e-02
5.249999999999977e+00 1.637462656375623e-02
5.255999999999977e+00 1.099734284992815e-02
5.261999999999977e+00 5.618851095536928e-03
5.267999999999978e+00 2.399235475009950e-04
5.273999999999978e+00 -5.138667471068582e-03
5.279999999999978e+00 -1.051614967216144e-02
5.285999999999978e+00 -1.589175091415612e-02
5.291999999999978e+00 -2.126469931308653e-02
5.297999999999979e+00 -2.663422335387088e-02
5.303999999999979e+00 -3.199955200148688e-02
5.309999999999979e+00 -3.735991481207770e-02
5.315999999999979e+00 -4.271454204397188e-02
5.321999999999980e+00 -4.806266476860199e-02
5.327999999999980e+00 -5.340351498130570e-02
5.333999999999980e+00 -5.873632571199316e-02
5.339999999999980e+00 -6.406033113566523e-02
5.345999999999981e+00 -6.937476668276604e-02
5.351999999999981e+00 -7.467886914935468e-02
5.357999999999981e+00 -7.997187680707937e-02
5.363999999999981e+00 -8.525302951293927e-02
5.369999999999981e+00 -9.052156881881694e-02
5.375999999999982e+00 -9.577673808076671e-02
5.381999999999982e+00 -1.010177825680428e-01
5.387999999999982e+00 -1.062439495718511e-01
5.393999999999982e+00 -1.114544885138102e-01
5.399999999999983e+00 -1.166486510541040e-01
5.405999999999983e+00 -1.218256911993127e-01
5.411999999999983e+00 -1.269848654099051e-01
5.417999999999983e+00 -1.321254327073765e-01
5.423999999999984e+00 -1.372466547810186e-01
5.429999999999984e+00 -1.423477960943035e-01
5.435999999999984e+00 -1.474281239908690e-01
5.441999999999984e+00 -1.524869088000882e-01
5.447999999999984e+00 -1.575234239422083e-01
5.453999999999985e+00 -1.625369460330447e-01
5.459999999999985e+00 -1.675267549882143e-01
5.465999999999985e+00 -1.724921341268932e-01
5.471999999999985e+00 -1.774323702750835e-01
5.477999999999986e+00 -1.823467538683751e-01
5.483999999999986e+00 -1.872345790541881e-01
5.489999999999986e+00 -1.920951437934784e-01
5.495999999999986e+00 -1.969277499618955e-01
5.501999999999986e+00 -2.017317034503756e-01
5.507999999999987e+00 -2.065063142651558e-01
5.513999999999987e+00 -2.112508966271961e-01
5.519999999999987e+00 -2.159647690709932e-01
5.525999999999987e+00 -2.206472545427733e-01
5.531999999999988e+00 -2.252976804980494e-01
5.537999999999988e+00 -2.299153789985284e-01
5.543999999999988e+00 -2.344996868083549e-01
5.549999999999988e+00 -2.390499454896774e-01
5.555999999999989e+00 -2.435655014975233e-01
5.561999999999989e+00 -2.480457062739686e-01
5.567999999999989e+00 -2.524899163415897e-01
5.573999999999989e+00 -2.568974933961828e-01
5.579999999999989e+00 -2.612678043987383e-01
5.585999999999990e+00 -2.656002216666561e-01
5.591999999999990e+00 -2.698941229641905e-01
5.597999999999990e+00 -2.741488915921085e-01
5.603999999999990e+00 -2.783639164765523e-01
5.609999999999991e+00 -2.825385922570909e-01
5.615999999999991e+00 -2.866723193739473e-01
5.621999999999991e+00 -2.907645041543924e-01
5.627999999999991e+00 -2.948145588982887e-01
5.633999999999991e+00 -2.988219019627755e-01
5.639999999999992e+00 -3.027859578460792e-01
5.645999999999992e+00 -3.067061572704417e-01
5.651999999999992e+00 -3.105819372641502e-01
5.657999999999992e+00 -3.144127412426587e-01
5.663999999999993e+00 -3.181980190887911e-01
5.669999999999993e+00 -3.219372272320110e-01
5.675999999999993e+00 -3.256298287267486e-01
5.681999999999993e+00 -3.292752933297744e-01
5.687999999999994e+00 -3.328730975766065e-01
5.693999999999994e+00 -3.364227248569417e-01
5.699999999999994e+00 -3.399236654890994e-01
5.705999999999994e+00 -3.433754167934671e-01
5.711999999999994e+00 -3.467774831649381e-01
5.717999999999995e+00 -3.501293761443292e-01
5.723999999999995e+00 -3.534306144887696e-01
5.729999999999995e+00 -3.566807242410509e-01
5.735999999999995e+00 -3.598792387979259e-01
5.741999999999996e+00 -3.630256989773507e-01
5.747999999999996e+00 -3.661196530846553e-01
5.753999999999996e+00 -3.691606569776376e-01
5.759999999999996e+00 -3.721482741305685e-01
5.765999999999996e+00 -3.750820756971007e-01
5.771999999999997e+00 -3.779616405720702e-01
5.777999999999997e+00 -3.807865554521846e-01
5.783999999999997e+00 -3.835564148955859e-01
5.789999999999997e+00 -3.862708213802820e-01
5.795999999999998e+00 -3.889293853614369e-01
5.801999999999998e+00 -3.915317253275126e-01
5.807999999999998e+00 -3.940774678552531e-01
5.813999999999998e+00 -3.965662476635042e-01
5.819999999999999e+00 -3.989977076658601e-01
5.825999999999999e+00 -4.013714990221293e-01
5.831999999999999e+00 -4.036872811886141e-01
5.837999999999999e+00 -4.059447219671938e-01
5.843999999999999e+00 -4.081434975532064e-01
5.850000000000000e+00 -4.102832925821218e-01
5.856000000000000e+00 -4.123638001749982e-01
5.862000000000000e+00 -4.143847219827178e-01
5.868000000000000e+00 -4.163457682289927e-01
5.874000000000001e+00 -4.182466577521369e-01
5.880000000000001e+00 -4.200871180455974e-01
5.886000000000001e+00 -4.218668852972373e-01
5.892000000000001e+00 -4.235857044273699e-01
5.898000000000001e+00 -4.252433291255311e-01
5.904000000000002e+00 -4.268395218859922e-01
5.910000000000002e+00 -4.283740540420022e-01
5.916000000000002e+00 -4.298467057987586e-01
5.922000000000002e+00 -4.312572662650993e-01
5.928000000000003e+00 -4.326055334839131e-01
5.934000000000003e+00 -4.338913144612624e-01
5.940000000000003e+00 -4.351144251942159e-01
5.946000000000003e+00 -4.362746906973864e-01
5.952000000000004e+00 -4.373719450281685e-01
5.958000000000004e+00 -4.384060313106756e-01
5.964000000000004e+00 -4.393768017583698e-01
5.970000000000004e+00 -4.402841176953841e-01
5.976000000000004e+00 -4.411278495765306e-01
5.982000000000005e+00 -4.419078770059949e-01
5.988000000000005e+00 -4.426240887547129e-01
5.994000000000005e+00 -4.432763827764266e-01
