0.000000000000000e+00 0.000000000000000e+00
6.000000000000000e-03 1.196378432568307e-02
1.200000000000000e-02 2.385427723780503e-02
1.800000000000000e-02 3.567019465216587e-02
2.400000000000000e-02 4.741026066224174e-02
3.000000000000000e-02 5.907320773823410e-02
3.600000000000000e-02 7.065777692482006e-02
4.200000000000000e-02 8.216271803757785e-02
4.799999999999999e-02 9.358678985805785e-02
5.399999999999999e-02 1.049287603274734e-01
5.999999999999999e-02 1.161874067389825e-01
6.599999999999999e-02 1.273615159285343e-01
7.199999999999999e-02 1.384498844642527e-01
7.800000000000000e-02 1.494513188343308e-01
8.400000000000001e-02 1.603646356334102e-01
9.000000000000001e-02 1.711886617474167e-01
9.600000000000002e-02 1.819222345368289e-01
1.020000000000000e-01 1.925642020183526e-01
1.080000000000000e-01 2.031134230449750e-01
1.140000000000000e-01 2.135687674843738e-01
1.200000000000000e-01 2.239291163956565e-01
1.260000000000000e-01 2.341933622044038e-01
1.320000000000000e-01 2.443604088759930e-01
1.380000000000000e-01 2.544291720871769e-01
1.440000000000000e-01 2.643985793958952e-01
1.500000000000000e-01 2.742675704092910e-01
1.560000000000001e-01 2.840350969499132e-01
1.620000000000001e-01 2.937001232200778e-01
1.680000000000001e-01 3.032616259643662e-01
1.740000000000001e-01 3.127185946302385e-01
1.800000000000001e-01 3.220700315267373e-01
1.860000000000001e-01 3.313149519812612e-01
1.920000000000001e-01 3.404523844943850e-01
1.980000000000001e-01 3.494813708927053e-01
2.040000000000001e-01 3.584009664796890e-01
2.100000000000001e-01 3.672102401845049e-01
2.160000000000001e-01 3.759082747088163e-01
2.220000000000001e-01 3.844941666715151e-01
2.280000000000001e-01 3.929670267513741e-01
2.340000000000001e-01 4.013259798276023e-01
2.400000000000001e-01 4.095701651182788e-01
2.460000000000001e-01 4.176987363166475e-01
2.520000000000001e-01 4.257108617252547e-01
2.580000000000001e-01 4.336057243879095e-01
2.640000000000001e-01 4.413825222194470e-01
2.700000000000001e-01 4.490404681332790e-01
2.760000000000001e-01 4.565787901667133e-01
2.820000000000001e-01 4.639967316040212e-01
2.880000000000001e-01 4.712935510972413e-01
2.940000000000002e-01 4.784685227846963e-01
3.000000000000002e-01 4.855209364072126e-01
3.060000000000002e-01 4.924500974220213e-01
3.120000000000002e-01 4.992553271143259e-01
3.180000000000002e-01 5.059359627065243e-01
3.240000000000002e-01 5.124913574650646e-01
3.300000000000002e-01 5.189208808049228e-01
3.360000000000002e-01 5.252239183916894e-01
3.420000000000002e-01 5.313998722412444e-01
3.480000000000002e-01 5.374481608170159e-01
3.540000000000002e-01 5.433682191247976e-01
3.600000000000002e-01 5.491594988051243e-01
3.660000000000002e-01 5.548214682231809e-01
3.720000000000002e-01 5.603536125562405e-01
3.780000000000002e-01 5.657554338786160e-01
3.840000000000002e-01 5.710264512441128e-01
3.900000000000002e-01 5.761662007659734e-01
3.960000000000002e-01 5.811742356943008e-01
4.020000000000002e-01 5.860501264909510e-01
4.080000000000003e-01 5.907934609018838e-01
4.140000000000003e-01 5.954038440269619e-01
4.200000000000003e-01 5.998808983871881e-01
4.260000000000003e-01 6.042242639893733e-01
4.320000000000003e-01 6.084335983882231e-01
4.380000000000003e-01 6.125085767458374e-01
4.440000000000003e-01 6.164488918886131e-01
4.500000000000003e-01 6.202542543615435e-01
4.560000000000003e-01 6.239243924799038e-01
4.620000000000003e-01 6.274590523783216e-01
4.680000000000003e-01 6.308579980572173e-01
4.740000000000003e-01 6.341210114266171e-01
4.800000000000003e-01 6.372478923473252e-01
4.860000000000003e-01 6.402384586694536e-01
4.920000000000003e-01 6.430925462683048e-01
4.980000000000003e-01 6.458100090775988e-01
5.040000000000003e-01 6.483907191200435e-01
5.100000000000003e-01 6.508345665352440e-01
5.160000000000003e-01 6.531414596049446e-01
5.220000000000004e-01 6.553113247756044e-01
5.280000000000004e-01 6.573441066782973e-01
5.340000000000004e-01 6.592397681459434e-01
5.400000000000004e-01 6.609982902278583e-01
5.460000000000004e-01 6.626196722016279e-01
5.520000000000004e-01 6.641039315823023e-01
5.580000000000004e-01 6.654511041289095e-01
5.640000000000004e-01 6.666612438482873e-01
5.700000000000004e-01 6.677344229962352e-01
5.760000000000004e-01 6.686707320759833e-01
5.820000000000004e-01 6.694702798339821e-01
5.880000000000004e-01 6.701331932530118e-01
5.940000000000004e-01 6.706596175426128e-01
6.000000000000004e-01 6.710497161268401e-01
6.060000000000004e-01 6.713036706293426e-01
6.120000000000004e-01 6.714216808557710e-01
6.180000000000004e-01 6.714039647735148e-01
6.240000000000004e-01 6.712507584887741e-01
6.300000000000004e-01 6.709623162209696e-01
6.360000000000005e-01 6.705389102744915e-01
6.420000000000005e-01 6.699808310077979e-01
6.480000000000005e-01 6.692883867998598e-01
6.540000000000005e-01 6.684619040139651e-01
6.600000000000005e-01 6.675017269588817e-01
6.660000000000005e-01 6.664082178473880e-01
6.720000000000005e-01 6.651817567521782e-01
6.780000000000005e-01 6.638227415591451e-01
6.840000000000005e-01 6.623315879180524e-01
6.900000000000005e-01 6.607087291905992e-01
6.960000000000005e-01 6.589546163958886e-01
7.020000000000005e-01 6.570697181533053e-01
7.080000000000005e-01 6.550545206228116e-01
7.140000000000005e-01 6.529095274426728e-01
7.200000000000005e-01 6.506352596646185e-01
7.260000000000005e-01 6.482322556864496e-01
7.320000000000005e-01 6.457010711821030e-01
7.380000000000005e-01 6.430422790291831e-01
7.440000000000005e-01 6.402564692339705e-01
7.500000000000006e-01 6.373442488539186e-01
7.560000000000006e-01 6.343062419176518e-01
7.620000000000006e-01 6.311430893424747e-01
7.680000000000006e-01 6.278554488494049e-01
7.740000000000006e-01 6.244439948757425e-01
7.800000000000006e-01 6.209094184851903e-01
7.860000000000006e-01 6.172524272755342e-01
7.920000000000006e-01 6.134737452839011e-01
7.980000000000006e-01 6.095741128896071e-01
8.040000000000006e-01 6.055542867146089e-01
8.100000000000006e-01 6.014150395215742e-01
8.160000000000006e-01 5.971571601095871e-01
8.220000000000006e-01 5.927814532075009e-01
8.280000000000006e-01 5.882887393649561e-01
8.340000000000006e-01 5.836798548410796e-01
8.400000000000006e-01 5.789556514908800e-01
8.460000000000006e-01 5.741169966493562e-01
8.520000000000006e-01 5.691647730133376e-01
8.580000000000007e-01 5.640998785210702e-01
8.640000000000007e-01 5.589232262295698e-01
8.700000000000007e-01 5.536357441897559e-01
8.760000000000007e-01 5.482383753193900e-01
8.820000000000007e-01 5.427320772738313e-01
8.880000000000007e-01 5.371178223146319e-01
8.940000000000007e-01 5.313965971759900e-01
9.000000000000007e-01 5.255694029290812e-01
9.060000000000007e-01 5.196372548442844e-01
9.120000000000007e-01 5.136011822513283e-01
9.180000000000007e-01 5.074622283973728e-01
9.240000000000007e-01 5.012214503030495e-01
9.300000000000007e-01 4.948799186164818e-01
9.360000000000007e-01 4.884387174653044e-01
9.420000000000007e-01 4.818989443067060e-01
9.480000000000007e-01 4.752617097755139e-01
9.540000000000007e-01 4.685281375303471e-01
9.600000000000007e-01 4.616993640978548e-01
9.660000000000007e-01 4.547765387150686e-01
9.720000000000008e-01 4.477608231698849e-01
9.780000000000008e-01 4.406533916397076e-01
9.840000000000008e-01 4.334554305282706e-01
9.900000000000008e-01 4.261681383006623e-01
9.960000000000008e-01 4.187927253165805e-01
1.002000000000001e+00 4.113304136618391e-01
1.008000000000001e+00 4.037824369781499e-01
1.014000000000001e+00 3.961500402912088e-01
1.020000000000001e+00 3.884344798371068e-01
1.026000000000001e+00 3.806370228870915e-01
1.032000000000001e+00 3.727589475707086e-01
1.038000000000001e+00 3.648015426973436e-01
1.044000000000001e+00 3.567661075761933e-01
1.050000000000001e+00 3.486539518346929e-01
1.056000000000001e+00 3.404663952354219e-01
1.062000000000001e+00 3.322047674915201e-01
1.068000000000001e+00 3.238704080806367e-01
1.074000000000001e+00 3.154646660574416e-01
1.080000000000001e+00 3.069888998647248e-01
1.086000000000001e+00 2.984444771431121e-01
1.092000000000001e+00 2.898327745394244e-01
1.098000000000001e+00 2.811551775137089e-01
1.104000000000001e+00 2.724130801449686e-01
1.110000000000001e+00 2.636078849356208e-01
1.116000000000001e+00 2.547410026147102e-01
1.122000000000001e+00 2.458138519399072e-01
1.128000000000001e+00 2.368278594983197e-01
1.134000000000001e+00 2.277844595061452e-01
1.140000000000001e+00 2.186850936071965e-01
1.146000000000001e+00 2.095312106703253e-01
1.152000000000001e+00 2.003242665857765e-01
1.158000000000001e+00 1.910657240605020e-01
1.164000000000001e+00 1.817570524124618e-01
1.170000000000001e+00 1.723997273639447e-01
1.176000000000001e+00 1.629952308339384e-01
1.182000000000001e+00 1.535450507295751e-01
1.188000000000001e+00 1.440506807366894e-01
1.194000000000001e+00 1.345136201095132e-01
1.200000000000001e+00 1.249353734595404e-01
1.206000000000001e+00 1.153174505435918e-01
1.212000000000001e+00 1.056613660511113e-01
1.218000000000001e+00 9.596863939072389e-02
1.224000000000001e+00 8.624079447608429e-02
1.230000000000001e+00 7.647935951105136e-02
1.236000000000001e+00 6.668586677421613e-02
1.242000000000001e+00 5.686185240281544e-02
1.248000000000001e+00 4.700885617606321e-02
1.254000000000001e+00 3.712842129792940e-02
1.260000000000001e+00 2.722209417939986e-02
1.266000000000001e+00 1.729142422024701e-02
1.272000000000001e+00 7.337963590343166e-03
1.278000000000001e+00 -2.636732989450760e-03
1.284000000000001e+00 -1.263110846679054e-02
1.290000000000001e+00 -2.264360367771574e-02
1.296000000000001e+00 -3.267265756684727e-02
1.302000000000001e+00 -4.271670740788241e-02
1.308000000000001e+00 -5.277418902435681e-02
1.314000000000001e+00 -6.284353701064027e-02
1.320000000000001e+00 -7.292318495313560e-02
1.326000000000001e+00 -8.301156565164722e-02
1.332000000000001e+00 -9.310711134088800e-02
1.338000000000001e+00 -1.032082539120934e-01
1.344000000000001e+00 -1.133134251347087e-01
1.350000000000001e+00 -1.234210568781188e-01
1.356000000000001e+00 -1.335295813333887e-01
1.362000000000001e+00 -1.436374312349811e-01
1.368000000000001e+00 -1.537430400824203e-01
1.374000000000001e+00 -1.638448423618699e-01
1.380000000000001e+00 -1.739412737675929e-01
1.386000000000001e+00 -1.840307714232608e-01
1.392000000000001e+00 -1.941117741030805e-01
1.398000000000001e+00 -2.041827224527080e-01
1.404000000000001e+00 -2.142420592099147e-01
1.410000000000001e+00 -2.242882294249765e-01
1.416000000000001e+00 -2.343196806807523e-01
1.422000000000001e+00 -2.443348633124213e-01
1.428000000000001e+00 -2.543322306268468e-01
1.434000000000001e+00 -2.643102391215342e-01
1.440000000000001e+00 -2.742673487031518e-01
1.446000000000001e+00 -2.842020229055847e-01
1.452000000000001e+00 -2.941127291074863e-01
1.458000000000001e+00 -3.039979387493008e-01
1.464000000000001e+00 -3.138561275497200e-01
1.470000000000001e+00 -3.236857757215487e-01
1.476000000000001e+00 -3.334853681869422e-01
1.482000000000001e+00 -3.432533947919894e-01
1.488000000000001e+00 -3.529883505206063e-01
1.494000000000001e+00 -3.626887357077125e-01
1.500000000000001e+00 -3.723530562516582e-01
1.506000000000001e+00 -3.819798238258696e-01
1.512000000000001e+00 -3.915675560896860e-01
1.518000000000001e+00 -4.011147768983543e-01
1.524000000000001e+00 -4.106200165121517e-01
1.530000000000001e+00 -4.200818118046079e-01
1.536000000000001e+00 -4.294987064697945e-01
1.542000000000001e+00 -4.388692512286529e-01
1.548000000000001e+00 -4.481920040343306e-01
1.554000000000001e+00 -4.574655302764959e-01
1.560000000000001e+00 -4.666884029846022e-01
1.566000000000001e+00 -4.758592030300713e-01
1.572000000000001e+00 -4.849765193273683e-01
1.578000000000001e+00 -4.940389490339362e-01
1.584000000000001e+00 -5.030450977489651e-01
1.590000000000001e+00 -5.119935797109637e-01
1.596000000000001e+00 -5.208830179941063e-01
1.602000000000001e+00 -5.297120447033271e-01
1.608000000000001e+00 -5.384793011681326e-01
1.614000000000001e+00 -5.471834381351046e-01
1.620000000000001e+00 -5.558231159590665e-01
1.626000000000001e+00 -5.643970047928846e-01
1.632000000000001e+00 -5.729037847758757e-01
1.638000000000001e+00 -5.813421462207976e-01
1.644000000000001e+00 -5.897107897993907e-01
1.650000000000001e+00 -5.980084267264481e-01
1.656000000000001e+00 -6.062337789423833e-01
1.662000000000001e+00 -6.143855792942743e-01
1.668000000000001e+00 -6.224625717153529e-01
1.674000000000001e+00 -6.304635114029161e-01
1.680000000000001e+00 -6.383871649946334e-01
1.686000000000001e+00 -6.462323107432244e-01
1.692000000000001e+00 -6.539977386894806e-01
1.698000000000001e+00 -6.616822508336082e-01
1.704000000000001e+00 -6.692846613048652e-01
1.710000000000001e+00 -6.768037965294693e-01
1.716000000000001e+00 -6.842384953967525e-01
1.722000000000001e+00 -6.915876094235377e-01
1.728000000000001e+00 -6.988500029167137e-01
1.734000000000001e+00 -7.060245531339859e-01
1.740000000000001e+00 -7.131101504427780e-01
1.746000000000001e+00 -7.201056984772624e-01
1.752000000000001e+00 -7.270101142934980e-01
1.758000000000001e+00 -7.338223285226504e-01
1.764000000000001e+00 -7.405412855222733e-01
1.770000000000001e+00 -7.471659435256309e-01
1.776000000000001e+00 -7.536952747890378e-01
1.782000000000001e+00 -7.601282657371941e-01
1.788000000000001e+00 -7.664639171064989e-01
1.794000000000001e+00 -7.727012440863161e-01
1.800000000000001e+00 -7.788392764581767e-01
1.806000000000001e+00 -7.848770587328940e-01
1.812000000000001e+00 -7.908136502855743e-01
1.818000000000001e+00 -7.966481254885018e-01
1.824000000000001e+00 -8.023795738418809e-01
1.830000000000001e+00 -8.080071001024123e-01
1.836000000000001e+00 -8.135298244096908e-01
1.842000000000001e+00 -8.189468824104010e-01
1.848000000000001e+00 -8.242574253802948e-01
1.854000000000001e+00 -8.294606203439344e-01
1.860000000000001e+00 -8.345556501921818e-01
1.866000000000001e+00 -8.395417137974179e-01
1.872000000000001e+00 -8.444180261264755e-01
1.878000000000001e+00 -8.491838183512687e-01
1.884000000000001e+00 -8.538383379571031e-01
1.890000000000001e+00 -8.583808488486530e-01
1.896000000000001e+00 -8.628106314535861e-01
1.902000000000001e+00 -8.671269828238236e-01
1.908000000000001e+00 -8.713292167344231e-01
1.914000000000001e+00 -8.754166637800631e-01
1.920000000000001e+00 -8.793886714691230e-01
1.926000000000001e+00 -8.832446043153405e-01
1.932000000000001e+00 -8.869838439270323e-01
1.938000000000001e+00 -8.906057890938693e-01
1.944000000000002e+00 -8.941098558711899e-01
1.950000000000002e+00 -8.974954776618415e-01
1.956000000000002e+00 -9.007621052955355e-01
1.962000000000002e+00 -9.039092071057089e-01
1.968000000000002e+00 -9.069362690038771e-01
1.974000000000002e+00 -9.098427945514688e-01
1.980000000000002e+00 -9.126283050291321e-01
1.986000000000002e+00 -9.152923395035032e-01
1.992000000000002e+00 -9.178344548914263e-01
1.998000000000002e+00 -9.202542260216162e-01
2.004000000000001e+00 -9.225512456937534e-01
2.010000000000001e+00 -9.247251247350056e-01
2.016000000000001e+00 -9.267754920539650e-01
2.022000000000001e+00 -9.287019946919955e-01
2.028000000000000e+00 -9.305042978719796e-01
2.034000000000000e+00 -9.321820850444613e-01
2.040000000000000e+00 -9.337350579311754e-01
2.046000000000000e+00 -9.351629365659588e-01
2.052000000000000e+00 -9.364654593330374e-01
2.057999999999999e+00 -9.376423830026810e-01
2.063999999999999e+00 -9.386934827642252e-01
2.069999999999999e+00 -9.396185522564504e-01
2.075999999999999e+00 -9.404174035953188e-01
2.081999999999999e+00 -9.410898673990594e-01
2.087999999999998e+00 -9.416357928106031e-01
2.093999999999998e+00 -9.420550475173608e-01
2.099999999999998e+00 -9.423475177683430e-01
2.105999999999998e+00 -9.425131083886182e-01
2.111999999999997e+00 -9.425517427911075e-01
2.117999999999997e+00 -9.424633629857142e-01
2.123999999999997e+00 -9.422479295857875e-01
2.129999999999997e+00 -9.419054218119175e-01
2.135999999999997e+00 -9.414358374930624e-01
2.141999999999996e+00 -9.408391930650082e-01
2.147999999999996e+00 -9.401155235661585e-01
2.153999999999996e+00 -9.392648826306580e-01
2.159999999999996e+00 -9.382873424788483e-01
2.165999999999995e+00 -9.371829939050589e-01
2.171999999999995e+00 -9.359519462627337e-01
2.177999999999995e+00 -9.345943274468964e-01
2.183999999999995e+00 -9.331102838739562e-01
2.189999999999995e+00 -9.314999804588572e-01
2.195999999999994e+00 -9.297636005895753e-01
2.201999999999994e+00 -9.279013460989638e-01
2.207999999999994e+00 -9.259134372339557e-01
2.213999999999994e+00 -9.238001126221225e-01
2.219999999999994e+00 -9.215616292355988e-01
2.225999999999993e+00 -9.191982623523729e-01
2.231999999999993e+00 -9.167103055149546e-01
2.237999999999993e+00 -9.140980704864208e-01
2.243999999999993e+00 -9.113618872038483e-01
2.249999999999992e+00 -9.085021037291390e-01
2.255999999999992e+00 -9.055190861972472e-01
2.261999999999992e+00 -9.024132187618106e-01
2.267999999999992e+00 -8.991849035382002e-01
2.273999999999992e+00 -8.958345605439912e-01
2.279999999999991e+00 -8.923626276368667e-01
2.285999999999991e+00 -8.887695604499611e-01
2.291999999999991e+00 -8.850558323246559e-01
2.297999999999991e+00 -8.812219342408314e-01
2.303999999999991e+00 -8.772683747445916e-01
2.309999999999990e+00 -8.731956798734660e-01
2.315999999999990e+00 -8.690043930791049e-01
2.321999999999990e+00 -8.646950751474741e-01
2.327999999999990e+00 -8.602683041165632e-01
2.333999999999989e+00 -8.557246751916205e-01
2.339999999999989e+00 -8.510648006579227e-01
2.345999999999989e+00 -8.462893097910958e-01
2.351999999999989e+00 -8.413988487649974e-01
2.357999999999989e+00 -8.363940805571760e-01
2.363999999999988e+00 -8.312756848519175e-01
2.369999999999988e+00 -8.260443579408977e-01
2.375999999999988e+00 -8.207008126214491e-01
2.381999999999988e+00 -8.152457780924617e-01
2.387999999999987e+00 -8.096799998479302e-01
2.393999999999987e+00 -8.040042395681635e-01
2.399999999999987e+00 -7.982192750086715e-01
2.405999999999987e+00 -7.923258998867466e-01
2.411999999999987e+00 -7.863249237657539e-01
2.417999999999986e+00 -7.802171719371498e-01
2.423999999999986e+00 -7.740034853002427e-01
2.429999999999986e+00 -7.676847202397148e-01
2.435999999999986e+00 -7.612617485009235e-01
2.441999999999986e+00 -7.547354570629980e-01
2.447999999999985e+00 -7.481067480097504e-01
2.453999999999985e+00 -7.413765383984207e-01
2.459999999999985e+00 -7.345457601262733e-01
2.465999999999985e+00 -7.276153597950649e-01
2.471999999999984e+00 -7.205862985734023e-01
2.477999999999984e+00 -7.134595520570116e-01
2.483999999999984e+00 -7.062361101269372e-01
2.489999999999984e+00 -6.989169768056912e-01
2.495999999999984e+00 -6.915031701113763e-01
2.501999999999983e+00 -6.839957219097977e-01
2.507999999999983e+00 -6.763956777645918e-01
2.513999999999983e+00 -6.687040967853892e-01
2.519999999999983e+00 -6.609220514740340e-01
2.525999999999982e+00 -6.530506275688828e-01
2.531999999999982e+00 -6.450909238872052e-01
2.537999999999982e+00 -6.370440521657090e-01
2.543999999999982e+00 -6.289111368992111e-01
2.549999999999982e+00 -6.206933151774803e-01
2.555999999999981e+00 -6.123917365202721e-01
2.561999999999981e+00 -6.040075627105829e-01
2.567999999999981e+00 -5.955419676261442e-01
2.573999999999981e+00 -5.869961370691824e-01
2.579999999999981e+00 -5.783712685944694e-01
2.585999999999980e+00 -5.696685713356879e-01
2.591999999999980e+00 -5.608892658301360e-01
2.597999999999980e+00 -5.520345838417972e-01
2.603999999999980e+00 -5.431057681828001e-01
2.609999999999979e+00 -5.341040725332954e-01
2.615999999999979e+00 -5.250307612597743e-01
2.621999999999979e+00 -5.158871092318540e-01
2.627999999999979e+00 -5.066744016375589e-01
2.633999999999979e+00 -4.973939337971234e-01
2.639999999999978e+00 -4.880470109753393e-01
2.645999999999978e+00 -4.786349481924822e-01
2.651999999999978e+00 -4.691590700338365e-01
2.657999999999978e+00 -4.596207104578513e-01
2.663999999999977e+00 -4.500212126029527e-01
2.669999999999977e+00 -4.403619285930414e-01
2.675999999999977e+00 -4.306442193417013e-01
2.681999999999977e+00 -4.208694543551516e-01
2.687999999999977e+00 -4.110390115339653e-01
2.693999999999976e+00 -4.011542769735866e-01
2.699999999999976e+00 -3.912166447636756e-01
2.705999999999976e+00 -3.812275167863061e-01
2.711999999999976e+00 -3.711883025130492e-01
2.717999999999976e+00 -3.611004188009692e-01
2.723999999999975e+00 -3.509652896875642e-01
2.729999999999975e+00 -3.407843461846758e-01
2.735999999999975e+00 -3.305590260714034e-01
2.741999999999975e+00 -3.202907736860495e-01
2.747999999999974e+00 -3.099810397171249e-01
2.753999999999974e+00 -2.996312809934485e-01
2.759999999999974e+00 -2.892429602733660e-01
2.765999999999974e+00 -2.788175460331227e-01
2.771999999999974e+00 -2.683565122544177e-01
2.777999999999973e+00 -2.578613382111724e-01
2.783999999999973e+00 -2.473335082555413e-01
2.789999999999973e+00 -2.367745116031992e-01
2.795999999999973e+00 -2.261858421179317e-01
2.801999999999973e+00 -2.155689980955642e-01
2.807999999999972e+00 -2.049254820472573e-01
2.813999999999972e+00 -1.942568004822007e-01
2.819999999999972e+00 -1.835644636897384e-01
2.825999999999972e+00 -1.728499855209532e-01
2.831999999999971e+00 -1.621148831697456e-01
2.837999999999971e+00 -1.513606769534367e-01
2.843999999999971e+00 -1.405888900929253e-01
2.849999999999971e+00 -1.298010484924343e-01
2.855999999999971e+00 -1.189986805188757e-01
2.861999999999970e+00 -1.081833167808653e-01
2.867999999999970e+00 -9.735648990742130e-02
2.873999999999970e+00 -8.651973432637691e-02
2.879999999999970e+00 -7.567458604253877e-02
2.885999999999969e+00 -6.482258241562451e-02
2.891999999999969e+00 -5.396526193800966e-02
2.897999999999969e+00 -4.310416401231700e-02
2.903999999999969e+00 -3.224082872888047e-02
2.909999999999969e+00 -2.137679664311405e-02
2.915999999999968e+00 -1.051360855282055e-02
2.921999999999968e+00 3.471947245313467e-04
2.927999999999968e+00 1.120407257452586e-02
2.933999999999968e+00 2.205548480848634e-02
2.939999999999968e+00 3.289989188609380e-02
2.945999999999967e+00 4.373575513790812e-02
2.951999999999967e+00 5.456153698775799e-02
2.957999999999967e+00 6.537570117496916e-02
2.963999999999967e+00 7.617671297639812e-02
2.969999999999966e+00 8.696303942823938e-02
2.975999999999966e+00 9.773314954757488e-02
2.981999999999966e+00 1.084855145536330e-01
2.987999999999966e+00 1.192186080887257e-01
2.993999999999966e+00 1.299309064388326e-01
2.999999999999965e+00 1.406208887537985e-01
3.005999999999965e+00 1.512870372671150e-01
3.011999999999965e+00 1.619278375152524e-01
3.017999999999965e+00 1.725417785565124e-01
3.023999999999964e+00 1.831273531893677e-01
3.029999999999964e+00 1.936830581702600e-01
3.035999999999964e+00 2.042073944308216e-01
3.041999999999964e+00 2.146988672944936e-01
3.047999999999964e+00 2.251559866925048e-01
3.053999999999963e+00 2.355772673791844e-01
3.059999999999963e+00 2.459612291465744e-01
3.065999999999963e+00 2.563063970383136e-01
3.071999999999963e+00 2.666113015627593e-01
3.077999999999963e+00 2.768744789053191e-01
3.083999999999962e+00 2.870944711399602e-01
3.089999999999962e+00 2.972698264398664e-01
3.095999999999962e+00 3.073990992872132e-01
3.101999999999962e+00 3.174808506820287e-01
3.107999999999961e+00 3.275136483501138e-01
3.113999999999961e+00 3.374960669499875e-01
3.119999999999961e+00 3.474266882788316e-01
3.125999999999961e+00 3.573041014774013e-01
3.131999999999961e+00 3.671269032338765e-01
3.137999999999960e+00 3.768936979866200e-01
3.143999999999960e+00 3.866030981258173e-01
3.149999999999960e+00 3.962537241939657e-01
3.155999999999960e+00 4.058442050851869e-01
3.161999999999960e+00 4.153731782433321e-01
3.167999999999959e+00 4.248392898588522e-01
3.173999999999959e+00 4.342411950644044e-01
3.179999999999959e+00 4.435775581291673e-01
3.185999999999959e+00 4.528470526518366e-01
3.191999999999958e+00 4.620483617522731e-01
3.197999999999958e+00 4.711801782617759e-01
3.203999999999958e+00 4.802412049119536e-01
3.209999999999958e+00 4.892301545221658e-01
3.215999999999958e+00 4.981457501855077e-01
3.221999999999957e+00 5.069867254533128e-01
3.227999999999957e+00 5.157518245181444e-01
3.233999999999957e+00 5.244398023952520e-01
3.239999999999957e+00 5.330494251024653e-01
3.245999999999956e+00 5.415794698384998e-01
3.251999999999956e+00 5.500287251596492e-01
3.257999999999956e+00 5.583959911548382e-01
3.263999999999956e+00 5.666800796190118e-01
3.269999999999956e+00 5.748798142248340e-01
3.275999999999955e+00 5.829940306926740e-01
3.281999999999955e+00 5.910215769588530e-01
3.287999999999955e+00 5.989613133421288e-01
3.293999999999955e+00 6.068121127083929e-01
3.299999999999955e+00 6.145728606335599e-01
3.305999999999954e+00 6.222424555646197e-01
3.311999999999954e+00 6.298198089788357e-01
3.317999999999954e+00 6.373038455410609e-01
3.323999999999954e+00 6.446935032591544e-01
3.329999999999953e+00 6.519877336374700e-01
3.335999999999953e+00 6.591855018284000e-01
3.341999999999953e+00 6.662857867819502e-01
3.347999999999953e+00 6.732875813933236e-01
3.353999999999953e+00 6.801898926484942e-01
3.359999999999952e+00 6.869917417677467e-01
3.365999999999952e+00 6.936921643471650e-01
3.371999999999952e+00 7.002902104980462e-01
3.377999999999952e+00 7.067849449842212e-01
3.383999999999951e+00 7.131754473572636e-01
3.389999999999951e+00 7.194608120895631e-01
3.395999999999951e+00 7.256401487052504e-01
3.401999999999951e+00 7.317125819089492e-01
3.407999999999951e+00 7.376772517123402e-01
3.413999999999950e+00 7.435333135585173e-01
3.419999999999950e+00 7.492799384441186e-01
3.425999999999950e+00 7.549163130392154e-01
3.431999999999950e+00 7.604416398049401e-01
3.437999999999950e+00 7.658551371088377e-01
3.443999999999949e+00 7.711560393379235e-01
3.449999999999949e+00 7.763435970094320e-01
3.455999999999949e+00 7.814170768792383e-01
3.461999999999949e+00 7.863757620479399e-01
3.467999999999948e+00 7.912189520645804e-01
3.473999999999948e+00 7.959459630280037e-01
3.479999999999948e+00 8.005561276858199e-01
3.485999999999948e+00 8.050487955309724e-01
3.491999999999948e+00 8.094233328958905e-01
3.497999999999947e+00 8.136791230442132e-01
3.503999999999947e+00 8.178155662600746e-01
3.509999999999947e+00 8.218320799349320e-01
3.515999999999947e+00 8.257280986519318e-01
3.521999999999947e+00 8.295030742677924e-01
3.527999999999946e+00 8.331564759922021e-01
3.533999999999946e+00 8.366877904647111e-01
3.539999999999946e+00 8.400965218291123e-01
3.545999999999946e+00 8.433821918053008e-01
3.551999999999945e+00 8.465443397585959e-01
3.557999999999945e+00 8.495825227665232e-01
3.563999999999945e+00 8.524963156830406e-01
3.569999999999945e+00 8.552853112002041e-01
3.575999999999945e+00 8.579491199072607e-01
3.581999999999944e+00 8.604873703471622e-01
3.587999999999944e+00 8.628997090704904e-01
3.593999999999944e+00 8.651858006867887e-01
3.599999999999944e+00 8.673453279132877e-01
3.605999999999943e+00 8.693779916210219e-01
3.611999999999943e+00 8.712835108783317e-01
3.617999999999943e+00 8.730616229917387e-01
3.623999999999943e+00 8.747120835441961e-01
3.629999999999943e+00 8.762346664307008e-01
3.635999999999942e+00 8.776291638912710e-01
3.641999999999942e+00 8.788953865412742e-01
3.647999999999942e+00 8.800331633991111e-01
3.653999999999942e+00 8.810423419112445e-01
3.659999999999942e+00 8.819227879745735e-01
3.665999999999941e+00 8.826743859561478e-01
3.671999999999941e+00 8.832970387102197e-01
3.677999999999941e+00 8.837906675926323e-01
3.683999999999941e+00 8.841552124725407e-01
3.689999999999940e+00 8.843906317414647e-01
3.695999999999940e+00 8.844969023196720e-01
3.701999999999940e+00 8.844740196598926e-01
3.707999999999940e+00 8.843219977483587e-01
3.713999999999940e+00 8.840408691031774e-01
3.719999999999939e+00 8.836306847700293e-01
3.725999999999939e+00 8.830915143151994e-01
3.731999999999939e+00 8.824234458159372e-01
3.737999999999939e+00 8.816265858481498e-01
3.743999999999938e+00 8.807010594714278e-01
3.749999999999938e+00 8.796470102114092e-01
3.755999999999938e+00 8.784646000394809e-01
3.761999999999938e+00 8.771540093498211e-01
3.767999999999938e+00 8.757154369337883e-01
3.773999999999937e+00 8.741490999516582e-01
3.779999999999937e+00 8.724552339017128e-01
3.785999999999937e+00 8.706340925866873e-01
3.791999999999937e+00 8.686859480775794e-01
3.797999999999937e+00 8.666110906748248e-01
3.803999999999936e+00 8.644098288668467e-01
3.809999999999936e+00 8.620824892859833e-01
3.815999999999936e+00 8.596294166618011e-01
3.821999999999936e+00 8.570509737718002e-01
3.827999999999935e+00 8.543475413895172e-01
3.833999999999935e+00 8.515195182300370e-01
3.839999999999935e+00 8.485673208929180e-01
3.845999999999935e+00 8.454913838025386e-01
3.851999999999935e+00 8.422921591458771e-01
3.857999999999934e+00 8.389701168077305e-01
3.863999999999934e+00 8.355257443033827e-01
3.869999999999934e+00 8.319595467087336e-01
3.875999999999934e+00 8.282720465878951e-01
3.881999999999934e+00 8.244637839182690e-01
3.887999999999933e+00 8.205353160131142e-01
3.893999999999933e+00 8.164872174416162e-01
3.899999999999933e+00 8.123200799464695e-01
3.905999999999933e+00 8.080345123589853e-01
3.911999999999932e+00 8.036311405117371e-01
3.917999999999932e+00 7.991106071487553e-01
3.923999999999932e+00 7.944735718332850e-01
3.929999999999932e+00 7.897207108531207e-01
3.935999999999932e+00 7.848527171235293e-01
3.941999999999931e+00 7.798703000877797e-01
3.947999999999931e+00 7.747741856152863e-01
3.953999999999931e+00 7.695651158973905e-01
3.959999999999931e+00 7.642438493407850e-01
3.965999999999930e+00 7.588111604586053e-01
3.971999999999930e+00 7.532678397591979e-01
3.977999999999930e+00 7.476146936325838e-01
3.983999999999930e+00 7.418525442346342e-01
3.989999999999930e+00 7.359822293689731e-01
3.995999999999929e+00 7.300046023666252e-01
4.001999999999930e+00 7.239205319634261e-01
4.007999999999930e+00 7.177309021752140e-01
4.013999999999930e+00 7.114366121708166e-01
4.019999999999930e+00 7.050385761428565e-01
4.025999999999931e+00 6.985377231763905e-01
4.031999999999931e+00 6.919349971154030e-01
4.037999999999931e+00 6.852313564271724e-01
4.043999999999931e+00 6.784277740645307e-01
4.049999999999931e+00 6.715252373260345e-01
4.055999999999932e+00 6.645247477140688e-01
4.061999999999932e+00 6.574273207909053e-01
4.067999999999932e+00 6.502339860327320e-01
4.073999999999932e+00 6.429457866816798e-01
4.079999999999933e+00 6.355637795958643e-01
4.085999999999933e+00 6.280890350974648e-01
4.091999999999933e+00 6.205226368188643e-01
4.097999999999933e+00 6.128656815468698e-01
4.103999999999933e+00 6.051192790650374e-01
4.109999999999934e+00 5.972845519941256e-01
4.115999999999934e+00 5.893626356306955e-01
4.121999999999934e+00 5.813546777838877e-01
4.127999999999934e+00 5.732618386103928e-01
4.133999999999935e+00 5.650852904476453e-01
4.139999999999935e+00 5.568262176452584e-01
4.145999999999935e+00 5.484858163947313e-01
4.151999999999935e+00 5.400652945574471e-01
4.157999999999936e+00 5.315658714909904e-01
4.163999999999936e+00 5.229887778738070e-01
4.169999999999936e+00 5.143352555282314e-01
4.175999999999936e+00 5.056065572419112e-01
4.181999999999936e+00 4.968039465876463e-01
4.187999999999937e+00 4.879286977416784e-01
4.193999999999937e+00 4.789820953004484e-01
4.199999999999937e+00 4.699654340958542e-01
4.205999999999937e+00 4.608800190090326e-01
4.211999999999938e+00 4.517271647826923e-01
4.217999999999938e+00 4.425081958320253e-01
4.223999999999938e+00 4.332244460542256e-01
4.229999999999938e+00 4.238772586366392e-01
4.235999999999938e+00 4.144679858635759e-01
4.241999999999939e+00 4.049979889218099e-01
4.247999999999939e+00 3.954686377047970e-01
4.253999999999939e+00 3.858813106156361e-01
4.259999999999939e+00 3.762373943688053e-01
4.265999999999940e+00 3.665382837906982e-01
4.271999999999940e+00 3.567853816189920e-01
4.277999999999940e+00 3.469800983008746e-01
4.283999999999940e+00 3.371238517901602e-01
4.289999999999941e+00 3.272180673433231e-01
4.295999999999941e+00 3.172641773144781e-01
4.301999999999941e+00 3.072636209493375e-01
4.307999999999941e+00 2.972178441781749e-01
4.313999999999941e+00 2.871282994078254e-01
4.319999999999942e+00 2.769964453127507e-01
4.325999999999942e+00 2.668237466252018e-01
4.331999999999942e+00 2.566116739245072e-01
4.337999999999942e+00 2.463617034255184e-01
4.343999999999943e+00 2.360753167662427e-01
4.349999999999943e+00 2.257540007946933e-01
4.355999999999943e+00 2.153992473549881e-01
4.361999999999943e+00 2.050125530727288e-01
4.367999999999943e+00 1.945954191396892e-01
4.373999999999944e+00 1.841493510978444e-01
4.379999999999944e+00 1.736758586227744e-01
4.385999999999944e+00 1.631764553064687e-01
4.391999999999944e+00 1.526526584395683e-01
4.397999999999945e+00 1.421059887930711e-01
4.403999999999945e+00 1.315379703995382e-01
4.409999999999945e+00 1.209501303338269e-01
4.415999999999945e+00 1.103439984933849e-01
4.421999999999946e+00 9.972110737813858e-02
4.427999999999946e+00 8.908299187000258e-02
4.433999999999946e+00 7.843118901204840e-02
4.439999999999946e+00 6.776723778735755e-02
4.445999999999946e+00 5.709267889759682e-02
4.451999999999947e+00 4.640905454134361e-02
4.457999999999947e+00 3.571790819219462e-02
4.463999999999947e+00 2.502078437669039e-02
4.469999999999947e+00 1.431922845208704e-02
4.475999999999948e+00 3.614786384006664e-03
4.481999999999948e+00 -7.090995476000151e-03
4.487999999999948e+00 -1.779657061294881e-02
4.493999999999948e+00 -2.850039257093990e-02
4.499999999999948e+00 -3.920091517567055e-02
4.505999999999949e+00 -4.989659275690708e-02
4.511999999999949e+00 -6.058588037088462e-02
4.517999999999949e+00 -7.126723402260515e-02
4.523999999999949e+00 -8.193911088799799e-02
4.529999999999950e+00 -9.259996953591416e-02
4.535999999999950e+00 -1.032482701499206e-01
4.541999999999950e+00 -1.138824747498626e-01
4.547999999999950e+00 -1.245010474131633e-01
4.553999999999951e+00 -1.351024544958278e-01
4.559999999999951e+00 -1.456851648531201e-01
4.565999999999951e+00 -1.562476500598808e-01
4.571999999999951e+00 -1.667883846304549e-01
4.577999999999951e+00 -1.773058462381966e-01
4.583999999999952e+00 -1.877985159345208e-01
4.589999999999952e+00 -1.982648783674682e-01
4.595999999999952e+00 -2.087034219997546e-01
4.601999999999952e+00 -2.191126393262711e-01
4.607999999999953e+00 -2.294910270910046e-01
4.613999999999953e+00 -2.398370865033480e-01
4.619999999999953e+00 -2.501493234537675e-01
4.625999999999953e+00 -2.604262487287975e-01
4.631999999999953e+00 -2.706663782253307e-01
4.637999999999954e+00 -2.808682331641741e-01
4.643999999999954e+00 -2.910303403028385e-01
4.649999999999954e+00 -3.011512321475317e-01
4.655999999999954e+00 -3.112294471643257e-01
4.661999999999955e+00 -3.212635299894651e-01
4.667999999999955e+00 -3.312520316387894e-01
4.673999999999955e+00 -3.411935097162364e-01
4.679999999999955e+00 -3.510865286213984e-01
4.685999999999956e+00 -3.609296597561005e-01
4.691999999999956e+00 -3.707214817299720e-01
4.697999999999956e+00 -3.804605805649793e-01
4.703999999999956e+00 -3.901455498988944e-01
4.709999999999956e+00 -3.997749911876654e-01
4.715999999999957e+00 -4.093475139066642e-01
4.721999999999957e+00 -4.188617357507783e-01
4.727999999999957e+00 -4.283162828333212e-01
4.733999999999957e+00 -4.377097898837305e-01
4.739999999999958e+00 -4.470409004440274e-01
4.745999999999958e+00 -4.563082670640059e-01
4.751999999999958e+00 -4.655105514951283e-01
4.757999999999958e+00 -4.746464248830942e-01
4.763999999999958e+00 -4.837145679590590e-01
4.769999999999959e+00 -4.927136712294726e-01
4.775999999999959e+00 -5.016424351645103e-01
4.781999999999959e+00 -5.104995703850721e-01
4.787999999999959e+00 -5.192837978483176e-01
4.793999999999960e+00 -5.279938490317170e-01
4.799999999999960e+00 -5.366284661155852e-01
4.805999999999960e+00 -5.451864021640771e-01
4.811999999999960e+00 -5.536664213046152e-01
4.817999999999961e+00 -5.620672989057260e-01
4.823999999999961e+00 -5.703878217532583e-01
4.829999999999961e+00 -5.786267882249565e-01
4.835999999999961e+00 -5.867830084633686e-01
4.841999999999961e+00 -5.948553045470577e-01
4.847999999999962e+00 -6.028425106600974e-01
4.853999999999962e+00 -6.107434732598238e-01
4.859999999999962e+00 -6.185570512428218e-01
4.865999999999962e+00 -6.262821161091203e-01
4.871999999999963e+00 -6.339175521245729e-01
4.877999999999963e+00 -6.414622564814018e-01
4.883999999999963e+00 -6.489151394568807e-01
4.889999999999963e+00 -6.562751245701347e-01
4.895999999999963e+00 -6.635411487370327e-01
4.901999999999964e+00 -6.707121624231538e-01
4.907999999999964e+00 -6.777871297947996e-01
4.913999999999964e+00 -6.847650288680394e-01
4.919999999999964e+00 -6.916448516557562e-01
4.925999999999965e+00 -6.984256043126824e-01
4.931999999999965e+00 -7.051063072783968e-01
4.937999999999965e+00 -7.116859954182674e-01
4.943999999999965e+00 -7.181637181623156e-01
4.949999999999966e+00 -7.245385396419858e-01
4.955999999999966e+00 -7.308095388247970e-01
4.961999999999966e+00 -7.369758096468597e-01
4.967999999999966e+00 -7.430364611432375e-01
4.973999999999966e+00 -7.489906175761358e-01
4.979999999999967e+00 -7.548374185608973e-01
4.985999999999967e+00 -7.605760191897886e-01
4.991999999999967e+00 -7.662055901535579e-01
4.997999999999967e+00 -7.717253178607479e-01
5.003999999999968e+00 -7.771344045547453e-01
5.009999999999968e+00 -7.824320684285508e-01
5.015999999999968e+00 -7.876175437372542e-01
5.021999999999968e+00 -7.926900809081951e-01
5.027999999999968e+00 -7.976489466487976e-01
5.033999999999969e+00 -8.024934240520598e-01
5.039999999999969e+00 -8.072228126996852e-01
5.045999999999969e+00 -8.118364287628402e-01
5.051999999999969e+00 -8.163336051005230e-01
5.057999999999970e+00 -8.207136913555304e-01
5.063999999999970e+00 -8.249760540480088e-01
5.069999999999970e+00 -8.291200766665745e-01
5.075999999999970e+00 -8.331451597569921e-01
5.081999999999971e+00 -8.370507210083964e-01
5.087999999999971e+00 -8.408361953370469e-01
5.093999999999971e+00 -8.445010349676025e-01
5.099999999999971e+00 -8.480447095119037e-01
5.105999999999971e+00 -8.514667060452515e-01
5.111999999999972e+00 -8.547665291801728e-01
5.117999999999972e+00 -8.579437011376614e-01
5.123999999999972e+00 -8.609977618158822e-01
5.129999999999972e+00 -8.639282688563331e-01
5.135999999999973e+00 -8.667347977074499e-01
5.141999999999973e+00 -8.694169416856488e-01
5.147999999999973e+00 -8.719743120337969e-01
5.153999999999973e+00 -8.744065379771013e-01
5.159999999999973e+00 -8.767132667764092e-01
5.165999999999974e+00 -8.788941637789112e-01
5.171999999999974e+00 -8.809489124662420e-01
5.177999999999974e+00 -8.828772144999689e-01
5.183999999999974e+00 -8.846787897644638e-01
5.189999999999975e+00 -8.863533764071513e-01
5.195999999999975e+00 -8.879007308761275e-01
5.201999999999975e+00 -8.893206279551440e-01
5.207999999999975e+00 -8.906128607959533e-01
5.213999999999976e+00 -8.917772409480066e-01
5.219999999999976e+00 -8.928135983855073e-01
5.225999999999976e+00 -8.937217815318083e-01
5.231999999999976e+00 -8.945016572811543e-01
5.237999999999976e+00 -8.951531110177656e-01
5.243999999999977e+00 -8.956760466322590e-01
5.249999999999977e+00 -8.960703865354044e-01
5.255999999999977e+00 -8.963360716692153e-01
5.261999999999977e+00 -8.964730615153711e-01
5.267999999999978e+00 -8.964813341009702e-01
5.273999999999978e+00 -8.963608860016139e-01
5.279999999999978e+00 -8.961117323418180e-01
5.285999999999978e+00 -8.957339067927554e-01
5.291999999999978e+00 -8.952274615673290e-01
5.297999999999979e+00 -8.945924674125728e-01
5.303999999999979e+00 -8.938290135993867e-01
5.309999999999979e+00 -8.929372079096032e-01
5.315999999999979e+00 -8.919171766203903e-01
5.321999999999980e+00 -8.907690644859894e-01
5.327999999999980e+00 -8.894930347167957e-01
5.333999999999980e+00 -8.880892689557792e-01
5.339999999999980e+00 -8.865579672522528e-01
5.345999999999981e+00 -8.848993480329903e-01
5.351999999999981e+00 -8.831136480706986e-01
5.357999999999981e+00 -8.812011224498485e-01
5.363999999999981e+00 -8.791620445298695e-01
5.369999999999981e+00 -8.769967059057115e-01
5.375999999999982e+00 -8.747054163657847e-01
5.381999999999982e+00 -8.722885038472764e-01
5.387999999999982e+00 -8.697463143888572e-01
5.393999999999982e+00 -8.670792120807802e-01
5.399999999999983e+00 -8.642875790123808e-01
5.405999999999983e+00 -8.613718152169865e-01
5.411999999999983e+00 -8.583323386142419e-01
5.417999999999983e+00 -8.551695849498583e-01
5.423999999999984e+00 -8.518840077327995e-01
5.429999999999984e+00 -8.484760781699052e-01
5.435999999999984e+00 -8.449462850979716e-01
5.441999999999984e+00 -8.412951349132903e-01
5.447999999999984e+00 -8.375231514986607e-01
5.453999999999985e+00 -8.336308761478834e-01
5.459999999999985e+00 -8.296188674877484e-01
5.465999999999985e+00 -8.254877013975273e-01
5.471999999999985e+00 -8.212379709259799e-01
5.477999999999986e+00 -8.168702862058921e-01
5.483999999999986e+00 -8.123852743661513e-01
5.489999999999986e+00 -8.077835794413754e-01
5.495999999999986e+00 -8.030658622791090e-01
5.501999999999986e+00 -7.982328004445975e-01
5.507999999999987e+00 -7.932850881231553e-01
5.513999999999987e+00 -7.882234360201404e-01
5.519999999999987e+00 -7.830485712585510e-01
5.525999999999987e+00 -7.777612372742577e-01
5.531999999999988e+00 -7.723621937088885e-01
5.537999999999988e+00 -7.668522163003785e-01
5.543999999999988e+00 -7.612320967712038e-01
5.549999999999988e+00 -7.555026427143142e-01
5.555999999999989e+00 -7.496646774767785e-01
5.561999999999989e+00 -7.437190400411644e-01
5.567999999999989e+00 -7.376665849046664e-01
5.573999999999989e+00 -7.315081819559992e-01
5.579999999999989e+00 -7.252447163500758e-01
5.585999999999990e+00 -7.188770883804875e-01
5.591999999999990e+00 -7.124062133498046e-01
5.597999999999990e+00 -7.058330214377158e-01
5.603999999999990e+00 -6.991584575670250e-01
5.609999999999991e+00 -6.923834812675282e-01
5.615999999999991e+00 -6.855090665377831e-01
5.621999999999991e+00 -6.785362017047994e-01
5.627999999999991e+00 -6.714658892816643e-01
5.633999999999991e+00 -6.642991458231254e-01
5.639999999999992e+00 -6.570370017791536e-01
5.645999999999992e+00 -6.496805013465029e-01
5.651999999999992e+00 -6.422307023182939e-01
5.657999999999992e+00 -6.346886759316371e-01
5.663999999999993e+00 -6.270555067133227e-01
5.669999999999993e+00 -6.193322923235957e-01
5.675999999999993e+00 -6.115201433980409e-01
5.681999999999993e+00 -6.036201833875992e-01
5.687999999999994e+00 -5.956335483967394e-01
5.693999999999994e+00 -5.875613870198082e-01
5.699999999999994e+00 -5.794048601755812e-01
5.705999999999994e+00 -5.711651409400406e-01
5.711999999999994e+00 -5.628434143774014e-01
5.717999999999995e+00 -5.544408773694135e-01
5.723999999999995e+00 -5.459587384429601e-01
5.729999999999995e+00 -5.373982175959812e-01
5.735999999999995e+00 -5.287605461217446e-01
5.741999999999996e+00 -5.200469664314922e-01
5.747999999999996e+00 -5.112587318754834e-01
5.753999999999996e+00 -5.023971065624651e-01
5.759999999999996e+00 -4.934633651775930e-01
5.765999999999996e+00 -4.844587927988291e-01
5.771999999999997e+00 -4.753846847118439e-01
5.777999999999997e+00 -4.662423462234481e-01
5.783999999999997e+00 -4.570330924735832e-01
5.789999999999997e+00 -4.477582482458940e-01
5.795999999999998e+00 -4.384191477769152e-01
5.801999999999998e+00 -4.290171345638949e-01
5.807999999999998e+00 -4.195535611712872e-01
5.813999999999998e+00 -4.100297890359366e-01
5.819999999999999e+00 -4.004471882709879e-01
5.825999999999999e+00 -3.908071374685451e-01
5.831999999999999e+00 -3.811110235011100e-01
5.837999999999999e+00 -3.713602413218298e-01
5.843999999999999e+00 -3.615561937635794e-01
5.850000000000000e+00 -3.517002913369116e-01
5.856000000000000e+00 -3.417939520268996e-01
5.862000000000000e+00 -3.318386010889055e-01
5.868000000000000e+00 -3.218356708433016e-01
5.874000000000001e+00 -3.117866004691733e-01
5.880000000000001e+00 -3.016928357970364e-01
5.886000000000001e+00 -2.915558291005964e-01
5.892000000000001e+00 -2.813770388875791e-01
5.898000000000001e+00 -2.711579296896655e-01
5.904000000000002e+00 -2.608999718515582e-01
5.910000000000002e+00 -2.506046413192119e-01
5.916000000000002e+00 -2.402734194272568e-01
5.922000000000002e+00 -2.299077926856468e-01
5.928000000000003e+00 -2.195092525655626e-01
5.934000000000003e+00 -2.090792952846006e-01
5.940000000000003e+00 -1.986194215912789e-01
5.946000000000003e+00 -1.881311365488899e-01
5.952000000000004e+00 -1.776159493187341e-01
5.958000000000004e+00 -1.670753729427612e-01
5.964000000000004e+00 -1.565109241256555e-01
5.970000000000004e+00 -1.459241230163915e-01
5.976000000000004e+00 -1.353164929892958e-01
5.982000000000005e+00 -1.246895604246438e-01
5.988000000000005e+00 -1.140448544888236e-01
5.994000000000005e+00 -1.033839069141002e-01
