0, 2.390851332151607e-01
1, 1.091486678483933e-02
2, 1.140851332151607e-01
3, 5.158513321516067e-02
4, 2.033513321516067e-02
5, 4.710133215160672e-03
6, 3.102366784839328e-03
7, 8.038832151606723e-04
8, 1.149241784839328e-03
9, 1.726792848393277e-04
10, 3.156019651606723e-04
11, 7.146134016067229e-05
12, 5.060897233932771e-05
13, 1.042618391067229e-05
14, 2.009139421432771e-05
15, 4.832605151827707e-06
16, 2.796789379422293e-06
17, 1.017907886202707e-06
18, 8.894407466097931e-07
19, 6.423356979645689e-08
20, 4.126035884066681e-07
21, 1.741850093051056e-07
22, 5.497571975432436e-08
23, 4.628925021066266e-09
24, 2.517339736662905e-08
25, 1.027223617278139e-08
26, 2.821655575857562e-09
27, 9.036347226043517e-10
28, 9.590104266266053e-10
29, 2.768785201112678e-11
30, 4.379734352966125e-10
31, 2.051427916427428e-10
32, 8.872746981580804e-11
33, 3.051980890234063e-11
34, 1.415978445606925e-12
35, 1.313593678275993e-11
36, 5.859979168576501e-12
37, 2.222000361484788e-12
38, 4.030109579389318e-13
39, 5.064837438339964e-13
40, 5.173639294753229e-14
41, 1.756372824956998e-13
42, 6.195044477408373e-14
43, 5.107025913275720e-15
44, 2.331468351712829e-14
45, 9.103828801926284e-15
46, 1.998401444325282e-15
47, 1.554312234475219e-15
48, 2.220446049250313e-16
49, 6.661338147750939e-16
50, 2.220446049250313e-16
51, 0.000000000000000e+00
52, 1.110223024625157e-16
53, 0.000000000000000e+00
54, 0.000000000000000e+00
55, 0.000000000000000e+00
56, 0.000000000000000e+00
57, 0.000000000000000e+00
58, 0.000000000000000e+00
59, 0.000000000000000e+00
