0, 5.401177588911554e-02
1, 2.786135601506645e-03
2, 1.397772494474703e-04
3, 7.002335134953519e-06
4, 3.507662376112108e-07
5, 1.757078238462384e-08
6, 8.801654960421956e-10
7, 4.408984288772899e-11
8, 2.208566662886824e-12
9, 1.106892355551281e-13
10, 5.551115123125783e-15
11, 2.220446049250313e-16
12, 0.000000000000000e+00
13, 1.110223024625157e-16
14, 0.000000000000000e+00
15, 0.000000000000000e+00
16, 0.000000000000000e+00
17, 0.000000000000000e+00
18, 0.000000000000000e+00
19, 0.000000000000000e+00
20, 0.000000000000000e+00
21, 0.000000000000000e+00
22, 0.000000000000000e+00
23, 0.000000000000000e+00
24, 0.000000000000000e+00
25, 0.000000000000000e+00
26, 0.000000000000000e+00
27, 0.000000000000000e+00
28, 0.000000000000000e+00
29, 0.000000000000000e+00
30, 0.000000000000000e+00
31, 0.000000000000000e+00
32, 0.000000000000000e+00
33, 0.000000000000000e+00
34, 0.000000000000000e+00
35, 0.000000000000000e+00
36, 0.000000000000000e+00
37, 0.000000000000000e+00
38, 0.000000000000000e+00
39, 0.000000000000000e+00
40, 0.000000000000000e+00
41, 0.000000000000000e+00
42, 0.000000000000000e+00
43, 0.000000000000000e+00
44, 0.000000000000000e+00
45, 0.000000000000000e+00
46, 0.000000000000000e+00
47, 0.000000000000000e+00
48, 0.000000000000000e+00
49, 0.000000000000000e+00
50, 0.000000000000000e+00
51, 0.000000000000000e+00
52, 0.000000000000000e+00
53, 0.000000000000000e+00
54, 0.000000000000000e+00
55, 0.000000000000000e+00
56, 0.000000000000000e+00
57, 0.000000000000000e+00
58, 0.000000000000000e+00
59, 0.000000000000000e+00
