1 0.220419946634365
2 0.503458512886922
3 0.336500017902523
4 0.452570021685489
5 0.408395650977741
6 0.345278646154796
7 0.298181999988462
8 0.349152625861166
9 0.395571869099740
10 0.402804386544742
11 0.429829792326201
12 0.394104805429578
13 0.380509109450337
14 0.388793552272056
15 0.366987060714896
16 0.345552786041537
17 0.326329359212129
18 0.310105671948575
19 0.306040868994170
20 0.305277996910087
21 0.290740950080444
22 0.304885303138451
23 0.322484001533834
24 0.344166576949571
25 0.333058897273559
26 0.321495323014555
27 0.309600304454011
28 0.300123052372478
29 0.296078485640821
30 0.286550437852049
31 0.281110292578505
32 0.279364088293221
33 0.270916188000814
34 0.266804439450611
35 0.287711051791717
36 0.301892864794054
37 0.293736371016335
38 0.293580675732031
39 0.307370907085610
40 0.299687313454001
41 0.292381118650826
42 0.291736020061940
43 0.285040591842204
44 0.278617608799046
45 0.272578828458131
46 0.283784903054795
47 0.298505734777897
48 0.310690262923477
49 0.304353561284341
50 0.300374675896318
51 0.294963385325730
52 0.296590048684268
53 0.298874504453156
54 0.301386333221625
55 0.297026252462807
56 0.291778657373080
57 0.297561077289242
58 0.299632737367915
59 0.294611587537177
60 0.291184400262510
61 0.288101337516106
62 0.295667849806880
63 0.302528255105200
64 0.298425331619171
65 0.293936478863323
66 0.289639841112451
67 0.287038809513772
68 0.282819678756771
69 0.278737348805366
70 0.274791190134598
71 0.271156463808486
72 0.267745905730345
73 0.271407583612594
74 0.271179765616767
75 0.267565706962793
76 0.264365029720641
77 0.261788018940146
78 0.258507170706724
79 0.255358117203062
80 0.257554341061552
81 0.255695015105678
82 0.257616191505443
83 0.256984862346752
84 0.262912966360352
85 0.259839013716789
86 0.262671254874986
87 0.261294733257202
88 0.259534952979700
89 0.265557055600033
90 0.262910154062620
91 0.266918441793365
92 0.267202366668843
93 0.274931019036288
94 0.276158396294752
95 0.281820276467385
96 0.278968264527312
97 0.284055829365788
98 0.281158815180519
99 0.280491071300193
100 0.277958027054229
101 0.280033029054873
102 0.281203005811370
103 0.278546168841527
104 0.278949709554765
105 0.276366493486285
106 0.277738729431531
107 0.276861126154083
108 0.276012137896661
109 0.273611328592281
110 0.272740623019850
111 0.270285463866994
112 0.270634051724845
113 0.269459573724826
114 0.267121171188404
115 0.265983694364335
116 0.263785148293524
117 0.261542819269830
118 0.266791073911958
119 0.264725342661836
120 0.269137353177242
121 0.268928995805008
122 0.274438166385956
123 0.272260344555025
124 0.270064699367614
125 0.267929421896518
126 0.268245369325880
127 0.267774284864285
128 0.265730668728509
129 0.263826796310468
130 0.261797375963103
131 0.260089590236798
132 0.260446145861518
133 0.258494282742250
134 0.257301151704308
135 0.258667428678596
136 0.256823412350908
137 0.255014771359542
138 0.260223171050508
139 0.260949513574168
140 0.265711111500024
141 0.266330058493257
142 0.264456826635892
143 0.263659577691192
144 0.264444424627938
145 0.262663390712995
146 0.262876430343664
147 0.261089976746189
148 0.261256059115752
149 0.262144204291657
150 0.260496639989531
151 0.260621325949507
152 0.259744992844090
153 0.263616794810476
154 0.265030096558429
155 0.263339213996901
156 0.262337108999235
157 0.265675210688870
158 0.266605255359070
159 0.269171886788029
160 0.267645205597034
161 0.266081650606230
162 0.264444957996057
163 0.264915462374036
164 0.263332100613165
165 0.261736271565777
166 0.260343549496549
167 0.263951510877097
168 0.265891433022310
169 0.267876273671849
170 0.266569054952787
171 0.265659794293350
172 0.264866357677412
173 0.266246237594569
174 0.266695974935387
175 0.266590927363803
176 0.269123671285585
177 0.268211166879197
178 0.266875357978506
179 0.265460948974143
180 0.264045420990342
181 0.267754256672480
182 0.267861001730131
183 0.267944256894256
184 0.266535101578128
185 0.268986527904728
186 0.269483965434832
187 0.270075377678851
188 0.268640444983793
189 0.267399696262027
190 0.270347274199766
191 0.271476661276996
192 0.270818197607260
193 0.272665055290937
194 0.271409926080571
195 0.271673867442801
196 0.272878139800980
197 0.272508701907686
198 0.271253264344889
199 0.272161655064455
200 0.271898775908644
201 0.270551771728584
202 0.272237656290028
203 0.274188411684032
204 0.272864730863267
205 0.272178709901857
206 0.271323380411075
207 0.270220155385979
208 0.268953475657768
209 0.267956240924507
210 0.266683150968534
211 0.265419532265577
212 0.267682983185262
213 0.269290013014727
214 0.268067836460008
215 0.266928165816083
216 0.265692546215051
217 0.264945210715295
218 0.265792254693594
219 0.268256431902007
220 0.269238483532174
221 0.268215496026347
222 0.267084809656992
223 0.266034661099693
224 0.267929078771699
225 0.266741061760615
226 0.266735966292489
227 0.265677896986107
228 0.265229629965832
229 0.266045792599978
230 0.265144534976692
231 0.264035615303177
232 0.263413854132511
233 0.266454508432075
234 0.265744974302858
235 0.267642641813586
236 0.270040024961613
237 0.271476595656914
238 0.270500630936836
239 0.270784989374313
240 0.270601978869714
241 0.272866841616630
242 0.275654136179877
243 0.274930504288402
244 0.275321811518254
245 0.274363046896230
246 0.275841753296961
247 0.275353592150861
248 0.278092699668568
249 0.278171808394423
250 0.280432545383300
251 0.281074392469938
252 0.280942234202386
253 0.279831790627470
254 0.280094912107659
255 0.279429150057081
256 0.278531063568778
257 0.280679154650987
258 0.279595455891129
259 0.279109313145946
260 0.278322415111857
261 0.277984944526927
262 0.277808936711014
263 0.276830260238713
264 0.276277063082100
265 0.275709843108568
266 0.274706215478030
267 0.274255314955322
268 0.275494043790184
269 0.276461622768691
270 0.275591806874394
271 0.275677643495890
272 0.274678024467532
273 0.273675722184112
274 0.272676906036924
275 0.272178214895147
276 0.272208790943309
277 0.271585139757611
278 0.271591600955820
279 0.270875082580376
280 0.269908514454067
281 0.269369305866909
282 0.268468515042865
283 0.267556235016957
284 0.267359047618839
285 0.266496741774389
286 0.265635157845895
287 0.264773560411087
288 0.267078577699970
289 0.266409865940773
290 0.266612777357568
291 0.265913148099362
292 0.265255905273042
293 0.264350596605723
294 0.266507402038982
295 0.268638329310472
296 0.268646817136798
297 0.268612666167028
298 0.267712546201176
299 0.268561424777536
300 0.269911699310792
301 0.269229305360476
302 0.268700282447215
303 0.267875080850511
304 0.268852382719229
305 0.270310558497626
306 0.269438682813215
307 0.268582841276606
308 0.268903661919644
309 0.268062729348110
310 0.267770921185756
311 0.269400171535308
312 0.268595647161792
313 0.270384959695084
314 0.270512986071312
315 0.269738720964838
316 0.269918519009032
317 0.269085398860394
318 0.271075273392109
319 0.271180947742015
320 0.271447330055696
321 0.271049883434270
322 0.270403424994069
323 0.271714098270707
324 0.271371954095949
325 0.270537822927099
326 0.269970182657698
327 0.269211125479835
328 0.270702220934684
329 0.270070705708521
330 0.269253083557127
331 0.269469176085356
332 0.268657619632966
333 0.268549122421971
334 0.268934867371250
335 0.268476726078122
336 0.268395921086952
337 0.267688415696215
338 0.267122802753722
339 0.266678237913230
340 0.268057653863413
341 0.267839463003838
342 0.267688483317131
343 0.266908339125746
344 0.266732805004389
345 0.265959672116992
346 0.265226593962984
347 0.264462252481280
348 0.265842157596253
349 0.266089748862468
350 0.266714197118399
351 0.266961801126258
352 0.266722373273322
353 0.266012923017425
354 0.265297039236252
355 0.267346043768239
356 0.267995199880532
357 0.268416740565622
358 0.267667167164354
359 0.266951076658172
360 0.266285710003298
361 0.266880442648426
362 0.266159222426160
363 0.265454167015205
364 0.264808466930191
365 0.264338993915568
366 0.263621136137557
367 0.263003999695125
368 0.262725550386684
369 0.262132358250134
370 0.262924957112779
371 0.262406261759298
372 0.261727311183677
373 0.261531775955416
374 0.262021465499845
375 0.262683954077989
376 0.261985541606619
377 0.262243015192505
378 0.263540442873832
379 0.262944898948708
380 0.262293651881480
381 0.263260746538252
382 0.263589231227952
383 0.263029368595457
384 0.262779585778560
385 0.262680739490859
386 0.262018727352582
387 0.262367112655426
388 0.261702891113413
389 0.261030574960662
390 0.261516845970711
391 0.262085344612436
392 0.262803808968725
393 0.263410008141739
394 0.262930663585581
395 0.262383720115333
396 0.262653653507973
397 0.263938582344038
398 0.263885520054317
399 0.264533023475361
400 0.264383537048182
401 0.263724245236711
402 0.263169877025886
403 0.264732115764299
404 0.264759076319150
405 0.264123318891951
406 0.263473102561020
407 0.262839401812124
408 0.262780433087376
409 0.262138034209773
410 0.262384035801127
411 0.261806052005988
412 0.262065075852521
413 0.262047500714179
414 0.262647376820533
415 0.262677805681239
416 0.262734986750707
417 0.262591117188333
418 0.262014063059569
419 0.261390920719257
420 0.261471673938762
421 0.263142941458965
422 0.263076735327733
423 0.264649090316829
424 0.264248313465343
425 0.263813618462660
426 0.264338914999625
427 0.263724899286997
428 0.263144233082085
429 0.262530843910664
430 0.261959189934134
431 0.263053985285654
432 0.263462353454153
433 0.262923757123450
434 0.264566638334817
435 0.263964440782320
436 0.263380967509967
437 0.262971740849470
438 0.262600084701555
439 0.262015203465928
440 0.261495974790573
441 0.263051895685687
442 0.263055585177611
443 0.263962655399212
444 0.263435061994192
445 0.262843172268952
446 0.264452550251407
447 0.264253163679696
448 0.265250781851177
449 0.264675775600144
450 0.264345097159284
451 0.263760302632524
452 0.263230690810574
453 0.263008605313006
454 0.262888290017773
455 0.263397796842916
456 0.262843677187438
457 0.262989664159612
458 0.262462508149650
459 0.262201835570648
460 0.263232433107597
461 0.263472421827002
462 0.262902139470711
463 0.262858226514312
464 0.262292103918340
465 0.261753717696906
466 0.262150380501658
467 0.263353430242286
468 0.264342356338074
469 0.263841646929235
470 0.263280281757580
471 0.263841218732576
472 0.263289339100134
473 0.263095067137189
474 0.263250604511014
475 0.262697425079043
476 0.262145583405700
477 0.261596504530313
478 0.261113281783332
479 0.260569887035252
480 0.260059980164749
481 0.259674942358483
482 0.260290521887220
483 0.260452000043606
484 0.259913998362795
485 0.260175106777414
486 0.260325904196817
487 0.259816771352514
488 0.259287097668357
489 0.259148633647281
490 0.260080408408665
491 0.259873663413786
492 0.259993784555667
493 0.259466836027733
494 0.260389828849097
495 0.261709494523503
496 0.261400779486121
497 0.261795436986144
498 0.261851872412143
499 0.261422425395792
500 0.261616484886683
501 0.262132193464388
502 0.262197470895497
503 0.261676652886083
504 0.261159548680935
505 0.261490300162889
506 0.262295123611829
507 0.263263678938844
508 0.264042915336507
509 0.264236504020487
510 0.264569556401975
511 0.264083518557609
512 0.264341368504290
513 0.263867040015814
514 0.263397514544879
515 0.264468578019967
516 0.265430914990917
517 0.265215482908374
518 0.266202026315046
519 0.265739465081105
520 0.265232164433877
521 0.264724355085250
522 0.264709384538164
523 0.264215318015291
524 0.264100115601495
525 0.263597091339795
526 0.264487506493186
527 0.265571858632033
528 0.265068904609756
529 0.266125741373053
530 0.266228199699338
531 0.265858636686792
532 0.265867719582159
533 0.266850225350154
534 0.266525401458713
535 0.267573989864859
536 0.267085482336244
537 0.266945780151566
538 0.266460115197540
539 0.266056691150675
540 0.266653940823866
541 0.267951541782177
542 0.267521387747696
543 0.267028809887211
544 0.266612000407774
545 0.266913828426981
546 0.267620248779515
547 0.268054386874523
548 0.268949533977958
549 0.270115340547319
550 0.269659859241141
551 0.270916444980742
552 0.270459152160677
553 0.269990118998042
554 0.269731016810865
555 0.269412919690791
556 0.269354537644390
557 0.269282483500238
558 0.268799963103926
559 0.268598757919319
560 0.268715687614620
561 0.268928856039759
562 0.269474222909559
563 0.268996749251716
564 0.269150130201995
565 0.269204588052458
566 0.268816145969062
567 0.268494102674260
568 0.268118874906731
569 0.267647692380247
570 0.267570312964920
571 0.267258153926336
572 0.268200845657258
573 0.268966448099663
574 0.268497881213596
575 0.268185645080903
576 0.267720813218621
577 0.268358884752073
578 0.268227575057567
579 0.267803748011344
580 0.267342098129603
581 0.266881988157292
582 0.267134495549701
583 0.266723821426656
584 0.266520708362448
585 0.267692302414198
586 0.267440132200622
587 0.267055659085632
588 0.267390301987656
589 0.267892673590831
590 0.267479906972465
591 0.267771189387974
592 0.267517332930368
593 0.267071514737135
594 0.266623805010582
595 0.266272898325221
596 0.267028722851351
597 0.266581541710715
598 0.266246738923640
599 0.266110939419192
600 0.266259620951293
601 0.265818180997143
602 0.265383505177294
603 0.264949348334522
604 0.264516122133080
605 0.264198910684930
606 0.264741625233062
607 0.264488345583362
608 0.265396019240134
609 0.265296469549195
610 0.264976473923580
611 0.264644429446341
612 0.264249855041503
613 0.264399994323144
614 0.264036717522405
615 0.263630733180215
616 0.264461644236071
617 0.264114746483877
618 0.264053476719021
619 0.264674213156254
620 0.264247578234548
621 0.264295048672853
622 0.264357417630889
623 0.264292173102986
624 0.263979624729314
625 0.263567980270087
626 0.263348643369819
627 0.262976847078908
628 0.262572105938489
629 0.262154728101771
630 0.262029425804714
631 0.261667387360851
632 0.261259890201985
633 0.261646011490522
634 0.262165932930874
635 0.261931769087909
636 0.261706457946104
637 0.261584118114600
638 0.261930916165645
639 0.261525281755319
640 0.262325427846815
641 0.263228178041259
642 0.262898534172666
643 0.262493355479836
644 0.262530331667165
645 0.262123314913119
646 0.261718114267674
647 0.262130355944947
648 0.261851446033956
649 0.261532651012051
650 0.262076954102040
651 0.261674379267932
652 0.261421961966506
653 0.261024879076745
654 0.260634463345584
655 0.260237293326076
656 0.259985677042751
657 0.260543064069558
658 0.260147123343453
659 0.260722025124413
660 0.260729744052790
661 0.260759890351788
662 0.261313619852412
663 0.261438073067986
664 0.261648648775981
665 0.261257786377682
666 0.261264744992567
667 0.261000917505436
668 0.261931083825752
669 0.261600889945795
670 0.262139561174137
671 0.261862450302182
672 0.261472801410283
673 0.262254202111234
674 0.262006936974121
675 0.261799123711275
676 0.261417694051601
677 0.262294619960326
678 0.263063642869143
679 0.264144120156845
680 0.263756245676965
681 0.263368944350873
682 0.262997707398069
683 0.263301024105671
684 0.264334211386387
685 0.263963336049728
686 0.264354377036758
687 0.263977438492629
688 0.263952833033853
689 0.263574397109589
690 0.263631424551742
691 0.263249971222843
692 0.262881910609394
693 0.263553963332718
694 0.263202292385457
695 0.263324530408778
696 0.263068354351120
697 0.262691379500624
698 0.262582797086865
699 0.262207155864251
700 0.262072738094753
701 0.262291783163171
702 0.261918307533834
703 0.261598323115692
704 0.261251641818825
705 0.261089736704170
706 0.261140623389167
707 0.260930545732350
708 0.261237790012248
709 0.261052899386947
710 0.261703625881373
711 0.262095057459891
712 0.262552508592567
713 0.262213975767690
714 0.262343733181713
715 0.261983829679099
716 0.261993001704583
717 0.262754276553286
718 0.262642510704617
719 0.263281343027256
720 0.264009115344628
721 0.263643317005583
722 0.263399440707886
723 0.263843073601508
724 0.264455720905690
725 0.264720553264415
726 0.265080426857378
727 0.264765877727108
728 0.264428297816719
729 0.264427560598771
730 0.264400505666171
731 0.264054872598702
732 0.263720936893350
733 0.263990420099278
734 0.263698393055127
735 0.264227256076942
736 0.264189246281467
737 0.264420279513402
738 0.264061986465515
739 0.263705831145615
740 0.263551979156020
741 0.263638469719477
742 0.264623358133744
743 0.264289456905516
744 0.264451375413159
745 0.264102157795160
746 0.263793805758043
747 0.263449806374269
748 0.263200551705597
749 0.262875487350741
750 0.262645731860858
751 0.262315293509228
752 0.262020729401262
753 0.261969046267272
754 0.261674437813070
755 0.261351328551981
756 0.261464296389951
757 0.261143505475559
758 0.260936226683834
759 0.260855329978974
760 0.260525924291233
761 0.260961482790867
762 0.261301488306969
763 0.260959282767338
764 0.260619574552382
765 0.260378543841943
766 0.260737199440934
767 0.260397279476869
768 0.260059585826355
769 0.260019304498646
770 0.259809789702856
771 0.259520498706368
772 0.259270497627923
773 0.259093912699414
774 0.258773633722133
775 0.258482089078388
776 0.258675379353147
777 0.258735043267163
778 0.258402838475834
779 0.258813790131397
780 0.258528352461408
781 0.258213750700648
782 0.258004727692161
783 0.257687993021586
784 0.258259011497791
785 0.258519553089669
786 0.258251998757932
787 0.257961905928968
788 0.257965762856458
789 0.257711246595456
790 0.257406867773382
791 0.257206341650973
792 0.256914389023220
793 0.256957758179178
794 0.256635715039165
795 0.256484119720835
796 0.256162552287108
797 0.256272206017223
798 0.256020475600478
799 0.256366831416689
800 0.256493745474506
801 0.256174480862229
802 0.255855191498826
803 0.255545776367226
804 0.255310072479630
805 0.255990914846193
806 0.255908328229446
807 0.255591219021987
808 0.256122972356656
809 0.256460616025345
810 0.257142197959666
811 0.256826430988447
812 0.256568076913478
813 0.256937997834158
814 0.256871766727167
815 0.257213828376155
816 0.257115062036304
817 0.257021692910321
818 0.256871031939165
819 0.257725518193757
820 0.257830573703980
821 0.257519224354150
822 0.257212074791511
823 0.257992155885632
824 0.257829235030249
825 0.257518378985804
826 0.257393659674150
827 0.257337721424202
828 0.257033180806129
829 0.256985964356513
830 0.256676861868513
831 0.256380771826075
832 0.256177391159427
833 0.255878875229874
834 0.256092309792481
835 0.256165725558205
836 0.256035610286714
837 0.256879315715856
838 0.256572925390916
839 0.256308430673590
840 0.256007027163472
841 0.255922409311097
842 0.256551804531166
843 0.257417280962794
844 0.257275318038908
845 0.256970909204654
846 0.257379263929803
847 0.257075437951939
848 0.256825921601115
849 0.257640453967529
850 0.257904071318480
851 0.257628258332320
852 0.258145287023521
853 0.257989572394487
854 0.257698253766872
855 0.257397797313229
856 0.257754196841125
857 0.257460748437183
858 0.257161535853172
859 0.256894072781115
860 0.256664747721203
861 0.256369089130222
862 0.256902997005299
863 0.256624305868504
864 0.256359099187120
865 0.256978755900870
866 0.256921604595855
867 0.257203571247110
868 0.257448215010287
869 0.257497843798468
870 0.257518233189224
871 0.257244300729108
872 0.257125810724671
873 0.257830171807078
874 0.257535239648323
875 0.257396033877145
876 0.257679125357491
877 0.258150945225860
878 0.257870142440870
879 0.258353359981832
880 0.258084155140290
881 0.257791227224498
882 0.257505710846793
883 0.257224567157264
884 0.256942455405876
885 0.256789625529543
886 0.256558202960786
887 0.256951761494901
888 0.256686496674033
889 0.257171212515528
890 0.257393243398960
891 0.257388444730474
892 0.257542405761595
893 0.257278450008692
894 0.257651760756894
895 0.258214796534943
896 0.257952497281467
897 0.257689357199868
898 0.257589670274525
899 0.257470378827324
900 0.257188147117162
901 0.257939263908109
902 0.257712265024410
903 0.258064457183394
904 0.257779130688407
905 0.258490733905398
906 0.258229716742532
907 0.258258353620877
908 0.257982980441645
909 0.257742233702559
910 0.257892219431237
911 0.257657078126215
912 0.257411771031139
913 0.257491943443047
914 0.257591685693410
915 0.257789476201102
916 0.257787789349580
917 0.257508355856426
918 0.257542071141716
919 0.257274059396187
920 0.257673234537673
921 0.257402932955715
922 0.257327506987156
923 0.257269670469467
924 0.257000071248604
925 0.256722421638688
926 0.257255061369124
927 0.256985844043043
928 0.256774620088238
929 0.256516996346907
930 0.256519013059411
931 0.257011065693577
932 0.257030371683755
933 0.257562823125666
934 0.257299526404451
935 0.257024351667818
936 0.257101053964652
937 0.257059348864520
938 0.257073309837146
939 0.256881882031346
940 0.257026009517361
941 0.256836423907493
942 0.256615429636453
943 0.256439198739139
944 0.256295764416512
945 0.257031107162946
946 0.256805228641061
947 0.257396008718681
948 0.257132520153479
949 0.256911052225309
950 0.256641043020014
951 0.256383466808740
952 0.256295595367857
953 0.256030500686942
954 0.255894283006470
955 0.255631446178718
956 0.255887847769141
957 0.255720335242507
958 0.255454540263861
959 0.255189426294758
960 0.255180346258798
961 0.255585562520657
962 0.255951290451509
963 0.256396416496893
964 0.256151859579117
965 0.255992442497416
966 0.255736002930236
967 0.256079598597742
968 0.255912276952092
969 0.256310576311071
970 0.256049028260795
971 0.256352295345287
972 0.256148355054388
973 0.255888058524015
974 0.255627200329141
975 0.255370105035120
976 0.255614689170846
977 0.256100342595506
978 0.255840418992804
979 0.255983639519072
980 0.256425446930267
981 0.256176603201732
982 0.256149048130572
983 0.256523988960125
984 0.256320866305366
985 0.256451307314428
986 0.256364732098759
987 0.256158733352325
988 0.256035208894908
989 0.255890669836339
990 0.255708218722927
991 0.255715640371033
992 0.256422362676478
993 0.256164951194017
994 0.255913290373835
995 0.255776995047990
996 0.255520203611514
997 0.255539785119416
998 0.255311559092580
999 0.255077544466493
1000 0.254863356875297
1001 0.255027429637285
1002 0.255200505211109
1003 0.255533071439928
1004 0.255283248291068
1005 0.255140062905559
1006 0.254886444605344
1007 0.254770726596356
1008 0.254527357827443
1009 0.254360939519260
1010 0.254109106451652
1011 0.253861751571330
1012 0.253942239106336
1013 0.254069322801834
1014 0.253839269712578
1015 0.253590415566303
1016 0.253378225154149
1017 0.253908816358804
1018 0.254047623545177
1019 0.253806990356893
1020 0.253601890079874
1021 0.253355911316723
1022 0.253744694690912
1023 0.253997006218951
1024 0.253849564751988
1025 0.254432611567543
1026 0.254442307689004
1027 0.254574836126090
1028 0.255030139078442
1029 0.254875628178755
1030 0.254771421437884
1031 0.254563666071675
1032 0.254361889944010
1033 0.254132491164486
1034 0.254004075887778
1035 0.253866645732278
1036 0.253621974765389
1037 0.253462383156364
1038 0.253218200886959
1039 0.253086953749636
1040 0.253261301123643
1041 0.253235451677711
1042 0.252992503341592
1043 0.252758692007234
1044 0.252757530067067
1045 0.253095346502575
1046 0.252853621504760
1047 0.253526886768827
1048 0.253352366530973
1049 0.253511154632097
1050 0.253269765930661
1051 0.253305880019413
1052 0.253096954756071
1053 0.252922681056994
1054 0.252761288479313
1055 0.252710600656384
1056 0.252471726719662
1057 0.252306684971944
1058 0.252079233009452
1059 0.252038368840683
1060 0.252480096457667
1061 0.252907834348893
1062 0.253309188879563
1063 0.253070929533632
1064 0.252949725167497
1065 0.252770010253443
1066 0.252577132505024
1067 0.252736185915450
1068 0.252500570070673
1069 0.252264403840870
1070 0.252031342815606
1071 0.251796604485341
1072 0.251634986352892
1073 0.251460758031568
1074 0.251233124441898
1075 0.251641570565083
1076 0.251716713187618
1077 0.251674900624039
1078 0.252304319070843
1079 0.252178622253170
1080 0.252161036899647
1081 0.251934851837322
1082 0.251795703140477
1083 0.251943314595602
1084 0.251776920801419
1085 0.251573044610583
1086 0.251343426794991
1087 0.252013757887030
1088 0.252271629701584
1089 0.252178082233951
1090 0.252700822148654
1091 0.252469678363163
1092 0.252238486817024
1093 0.252787637233791
1094 0.252597321004191
1095 0.252405621953354
1096 0.252581342889545
1097 0.252354528296596
1098 0.252164591124634
1099 0.252177944328819
1100 0.251964386384315
1101 0.251749346416689
1102 0.251578653871767
1103 0.251376864941602
1104 0.251159369829517
1105 0.251428173825492
1106 0.251290928093834
1107 0.251069516535515
1108 0.251456506107201
1109 0.252030949849786
1110 0.251803897547833
1111 0.251788234740926
1112 0.252315087369191
1113 0.252106137693984
1114 0.251879837738086
1115 0.251735636394942
1116 0.251737301749983
1117 0.252040756208754
1118 0.252581121561958
1119 0.252355419683374
1120 0.252397411145825
1121 0.252188171011148
1122 0.252372994293854
1123 0.252154652056489
1124 0.251947717949594
1125 0.251946874456613
1126 0.252497053261266
1127 0.252294631797080
1128 0.252074148147176
1129 0.251991374114222
1130 0.251859502730859
1131 0.251640599034168
1132 0.251556422563678
1133 0.251334969112038
1134 0.251533578324459
1135 0.251315176346294
1136 0.251096634626728
1137 0.251436014816996
1138 0.251776050213960
1139 0.251556118392547
1140 0.251341550648964
1141 0.251888179308883
1142 0.251672495288433
1143 0.251496448247379
1144 0.251330401588173
1145 0.251904465645111
1146 0.251982291133459
1147 0.252177938885785
1148 0.252767476528615
1149 0.253393028799291
1150 0.253793777627758
1151 0.253854548484711
1152 0.253875200256838
1153 0.253857527701260
1154 0.253976953736052
1155 0.254453868222708
1156 0.254464221769812
1157 0.254958540468080
1158 0.255010805419862
1159 0.255330715836132
1160 0.255367284139255
1161 0.255292251330276
1162 0.255380472959389
1163 0.255185499927832
1164 0.255688977193089
1165 0.255612684003592
1166 0.255413934953064
1167 0.255404888375946
1168 0.255192180624519
1169 0.255099373544297
1170 0.254929552339157
1171 0.254955363337068
1172 0.254948494192549
1173 0.254894573838143
1174 0.254763334545020
1175 0.254901888219563
1176 0.255465917782072
1177 0.255269980965463
1178 0.255160937602244
1179 0.255284138013660
1180 0.255141727788301
1181 0.255307431437325
1182 0.255847514944466
1183 0.256404705769473
1184 0.256560036512191
1185 0.256521536915949
1186 0.256764417302551
1187 0.256569182065058
1188 0.256355649776031
1189 0.256695847522445
1190 0.256606195877912
1191 0.256390822013421
1192 0.256200098756449
1193 0.255990898368387
1194 0.255776870337927
1195 0.255563176618844
1196 0.255438693193260
1197 0.255443621459450
1198 0.255879897502243
1199 0.255980765651451
1200 0.255806929825327
1201 0.256052013537031
1202 0.255839016620583
1203 0.256106836058285
1204 0.255899718835302
1205 0.256147799889555
1206 0.256497607005592
1207 0.256635134491714
1208 0.256676266103219
1209 0.256475403071924
1210 0.256329663814713
1211 0.256144579371887
1212 0.255933278377733
1213 0.255726206014299
1214 0.255518780489748
1215 0.255869368607709
1216 0.256467021393749
1217 0.256262835016459
1218 0.256052454019231
1219 0.255860369567626
1220 0.256019790123501
1221 0.255874614578547
1222 0.255771826788637
1223 0.256084961638916
1224 0.255876047501399
1225 0.255740838784121
1226 0.255681200458020
1227 0.255556370451557
1228 0.255350033113108
1229 0.255178117460055
1230 0.255222481786051
1231 0.255086241330715
1232 0.255110164586003
1233 0.255227123909089
1234 0.255440575215535
1235 0.255438931685961
1236 0.255775011453230
1237 0.255835932824221
1238 0.255687681571509
1239 0.255525009583777
1240 0.255420506161383
1241 0.255648168851879
1242 0.255534093153281
1243 0.255444377743503
1244 0.255583700126891
1245 0.255384323777422
1246 0.255266408474182
1247 0.255118683118675
1248 0.254949378300891
1249 0.254808584057540
1250 0.254642543592255
1251 0.255006495808339
1252 0.254912254010936
1253 0.254891093706476
1254 0.254866632339064
1255 0.254685419136287
1256 0.255190801531418
1257 0.255017504705548
1258 0.254819704819144
1259 0.254708805319065
1260 0.255104373963068
1261 0.255164945778166
1262 0.255100752892355
1263 0.255290107718048
1264 0.255088522506144
1265 0.254903925642153
1266 0.254974554926724
1267 0.254773463150222
1268 0.254828160481049
1269 0.254632499228288
1270 0.254432399549480
1271 0.254430099585957
1272 0.254303351028510
1273 0.254103585265770
1274 0.254133450440344
1275 0.253969286046217
1276 0.253936862536540
1277 0.254211971875844
1278 0.254624815333418
1279 0.254573108311533
1280 0.254830637134262
1281 0.254649540973300
1282 0.254883359408980
1283 0.254686385976458
1284 0.254534073398722
1285 0.254393190171700
1286 0.254644996716671
1287 0.254485565721313
1288 0.255010585878254
1289 0.255280879538033
1290 0.255696067684848
1291 0.255499713986262
1292 0.255721100195543
1293 0.255741601424793
1294 0.255683553530754
1295 0.255828218159820
1296 0.255818786337168
1297 0.255689660996291
1298 0.255784272195975
1299 0.255588317860448
1300 0.255578112432128
1301 0.255403919907269
1302 0.255709636009084
1303 0.255614688438096
1304 0.255533188951613
1305 0.255783139224789
1306 0.256280200818478
1307 0.256492658980876
1308 0.256434166725951
1309 0.256239661775924
1310 0.256134181192997
1311 0.255973672729771
1312 0.255845449875089
1313 0.255989225107548
1314 0.255845514086317
1315 0.256392630648388
1316 0.256242388190680
1317 0.256516604431345
1318 0.256326681055800
1319 0.256132491048137
1320 0.255939633697034
1321 0.256460060618058
1322 0.256640412854744
1323 0.256494327335500
1324 0.256756898488133
1325 0.256574193130012
1326 0.256636183665400
1327 0.256477657285330
1328 0.256303944889683
1329 0.256121153189220
1330 0.256425095678079
1331 0.256592039658525
1332 0.256640673811705
1333 0.256448251786748
1334 0.256612916587076
1335 0.256420698495972
1336 0.256523185915786
1337 0.256348277023831
1338 0.256203086191068
1339 0.256542389192094
1340 0.256562943122590
1341 0.256371630844881
1342 0.256185304725812
1343 0.256330163089678
1344 0.256143620880588
1345 0.256438961940039
1346 0.256249615086788
1347 0.256140970181589
1348 0.256050875325469
1349 0.256418060434883
1350 0.256440376470050
1351 0.256288950386639
1352 0.256140180612233
1353 0.256252212834452
1354 0.256416407298162
1355 0.256245588981176
1356 0.256056617308080
1357 0.255939036868494
1358 0.256389826498472
1359 0.256345247991580
1360 0.256157319152598
1361 0.256174974147401
1362 0.255989046427483
1363 0.255801638468707
1364 0.256099359577645
1365 0.255966915386936
1366 0.256181603545036
1367 0.255996207245017
1368 0.255809232188556
1369 0.255655403518335
1370 0.256093975821582
1371 0.256063465580226
1372 0.256365367144258
1373 0.256299816201229
1374 0.256113280728251
1375 0.256300642948891
1376 0.256114412317324
1377 0.256083117264150
1378 0.256522194617003
1379 0.256486100638073
1380 0.256620387267066
1381 0.256584599206798
1382 0.256411634266382
1383 0.256248479507534
1384 0.256393571989631
1385 0.256209938296380
1386 0.256548268654785
1387 0.256747584594482
1388 0.256578578948441
1389 0.256412822540155
1390 0.256255590477130
1391 0.256127481524695
1392 0.255943483213733
1393 0.256002147310984
1394 0.255931925603869
1395 0.255748462086908
1396 0.255569652218082
1397 0.255438772537053
1398 0.255933479364951
1399 0.256259466011257
1400 0.256172289638440
1401 0.255989555611422
1402 0.255983950970123
1403 0.256373779621517
1404 0.256198548787649
1405 0.256261749592297
1406 0.256686549467022
1407 0.256573331381309
1408 0.256391111320356
1409 0.256820956929040
1410 0.257175637740761
1411 0.257018522377427
1412 0.256838265718646
1413 0.257171309399187
1414 0.257666210856288
1415 0.257963726825259
1416 0.257797887433036
1417 0.257617809954182
1418 0.257438052397761
1419 0.257869170680720
1420 0.257915103647474
1421 0.258044248542943
1422 0.258283506555194
1423 0.258612673961844
1424 0.258431201920855
1425 0.258283508152731
1426 0.258102560712784
1427 0.258042555009103
1428 0.258028375960843
1429 0.257847847278590
1430 0.257681315430188
1431 0.257515133356768
1432 0.257335799007394
1433 0.257193835153719
1434 0.257070740893228
1435 0.257375447716291
1436 0.257420732743767
1437 0.257317465025886
1438 0.257138527810035
1439 0.257246330898411
1440 0.257069142610710
1441 0.257451127566371
1442 0.257958417335931
1443 0.258008218765261
1444 0.258006588288761
1445 0.258226561941304
1446 0.258452088504717
1447 0.258273705287467
1448 0.258641198517626
1449 0.258782386446492
1450 0.258693172941683
1451 0.258775243037790
1452 0.258604008286795
1453 0.258849107903980
1454 0.258744538096689
1455 0.259245220407940
1456 0.259075419024056
1457 0.259090770202667
1458 0.259159236307998
1459 0.259249827783364
1460 0.259076324968259
1461 0.258914453500340
1462 0.258955474935436
1463 0.258792502393355
1464 0.258954159662921
1465 0.258801045830752
1466 0.258656550829473
1467 0.258549460618980
1468 0.258388047349838
1469 0.258674616806477
1470 0.258505152334343
1471 0.258519092658049
1472 0.258375524141518
1473 0.258304486464975
1474 0.258135199851761
1475 0.258171699992469
1476 0.258008516710648
1477 0.257873867024857
1478 0.258061114832959
1479 0.258354729313560
1480 0.258401397724429
1481 0.258226947766208
1482 0.258721494796911
1483 0.258548101569642
1484 0.258820272429865
1485 0.258766890002103
1486 0.258601080056369
1487 0.258675477596253
1488 0.258598845969380
1489 0.258551076472472
1490 0.258453233628026
1491 0.258380450011460
1492 0.258644962260398
1493 0.258474111996862
1494 0.258308356482879
1495 0.258626023318690
1496 0.258611254628525
1497 0.258924228287414
1498 0.258798928931851
1499 0.258829275275493
1500 0.259315909912456
1501 0.259637711405720
1502 0.259564861575033
1503 0.259396558060919
1504 0.259472006053156
1505 0.259597303329099
1506 0.259530201398569
1507 0.259374257197849
1508 0.259202258658772
1509 0.259154642937597
1510 0.259485700789809
1511 0.259336703859339
1512 0.259293486369314
1513 0.259637155360239
1514 0.259617995525154
1515 0.259448254873966
1516 0.259459950011158
1517 0.259774314813702
1518 0.259604139264598
1519 0.259433407911198
1520 0.259819397574830
1521 0.259649558398274
1522 0.259515180034856
1523 0.259918566500494
1524 0.259953525300663
1525 0.259961396405275
1526 0.260244300007933
1527 0.260076294339730
1528 0.260027661878012
1529 0.259858203690846
1530 0.259824813921826
1531 0.259738557836777
1532 0.259954545384483
1533 0.259897591788391
1534 0.260334092860430
1535 0.260191666971578
1536 0.260027730123227
1537 0.260013379367918
1538 0.259844319954601
1539 0.259771034181846
1540 0.260047502726659
1541 0.259914308260354
1542 0.259747448082481
1543 0.259617701701923
1544 0.259584979238535
1545 0.259468772681902
1546 0.259329747378962
1547 0.259467179125417
1548 0.259411367527311
1549 0.259664458337329
1550 0.259498046732695
1551 0.259330766080009
1552 0.259240281908872
1553 0.259087687909912
1554 0.258963096780965
1555 0.258796561156776
1556 0.258780191392202
1557 0.258904927515950
1558 0.258933923745016
1559 0.258767856201203
1560 0.258776187610446
1561 0.259110415410665
1562 0.259406500045340
1563 0.259806082086875
1564 0.259975741904480
1565 0.260179212392547
1566 0.260116587254500
1567 0.259952024745649
1568 0.260127122638949
1569 0.259961952811896
1570 0.259924643148514
1571 0.259796989910761
1572 0.260066366737507
1573 0.260241948248790
1574 0.260150613350108
1575 0.259985774938970
1576 0.260070892346010
1577 0.260021390248337
1578 0.259863421028590
1579 0.259698912601433
1580 0.259662923531553
1581 0.259558559029145
1582 0.259404580823687
1583 0.259400516730565
1584 0.259239469167860
1585 0.259076159650899
1586 0.259018000127559
1587 0.259053498607245
1588 0.259085896450312
1589 0.259007870386458
1590 0.258971234829575
1591 0.258904992342189
1592 0.259127962621031
1593 0.258996825204727
1594 0.258856008805374
1595 0.258693759129011
1596 0.258987777743220
1597 0.259073790179239
1598 0.258920273337273
1599 0.258856911691064
1600 0.258796273750584
1601 0.258639904477744
1602 0.258494663464989
1603 0.258754832196920
1604 0.258593513791554
1605 0.258842758028043
1606 0.259239323135944
1607 0.259116753387575
1608 0.259573467987507
1609 0.259433963966503
1610 0.259278733203016
1611 0.259634470466270
1612 0.259727679992483
1613 0.259752800528191
1614 0.259673393516204
1615 0.259898432612992
1616 0.260282572582860
1617 0.260194495489267
1618 0.260378167488073
1619 0.260799517111983
1620 0.261036215959137
1621 0.261300244401760
1622 0.261288675097638
1623 0.261307616705729
1624 0.261150129432748
1625 0.261042632730073
1626 0.261300291347169
1627 0.261395707147039
1628 0.261236137068954
1629 0.261086676161003
1630 0.260926625833946
1631 0.260882805891929
1632 0.260763160734970
1633 0.261101089683730
1634 0.260942675217126
1635 0.261376075801646
1636 0.261226305110560
1637 0.261169852185718
1638 0.261120253024164
1639 0.260984244283464
1640 0.260860581511910
1641 0.260922680972387
1642 0.260785284732560
1643 0.260685504938212
1644 0.260526944612388
1645 0.260448491448598
1646 0.260719234885673
1647 0.260769912757505
1648 0.261024383165995
1649 0.260957547937362
1650 0.260805882959596
1651 0.261097272300299
1652 0.260942478492250
1653 0.261194577386575
1654 0.261331043581837
1655 0.261216758791160
1656 0.261209425588310
1657 0.261053457356511
1658 0.261000838342843
1659 0.260843798886799
1660 0.260745343636689
1661 0.260630556298059
1662 0.260473738896446
1663 0.260324767496067
1664 0.260203086758474
1665 0.260061104750876
1666 0.259905458478142
1667 0.259980092940191
1668 0.259972599892974
1669 0.260198320827647
1670 0.260057137383480
1671 0.260341012238086
1672 0.260624413827209
1673 0.260695412932624
1674 0.260649906005806
1675 0.260625052225581
1676 0.260516450851352
1677 0.260909300597633
1678 0.260791188191013
1679 0.260638919255574
1680 0.260955374520533
1681 0.260804844187726
1682 0.260893538853203
1683 0.260794520056984
1684 0.260775587386867
1685 0.260694331299235
1686 0.260539956538811
1687 0.260682585848489
1688 0.260533356716714
1689 0.260438128817693
1690 0.260312043418252
1691 0.260158126823031
1692 0.260476524354649
1693 0.260326635600531
1694 0.260173185802669
1695 0.260101550080822
1696 0.260019766137208
1697 0.259877778325257
1698 0.259727939409622
1699 0.259575488267995
1700 0.259423997799717
1701 0.259564549933272
1702 0.259413681425271
1703 0.259261820981036
1704 0.259202996566342
1705 0.259078262704885
1706 0.259406326654485
1707 0.259284357195941
1708 0.259648362333173
1709 0.259496566583525
1710 0.259344828681927
1711 0.259204651083726
1712 0.259053766875117
1713 0.258971755091942
1714 0.258855364922466
1715 0.258850147503151
1716 0.258702332756538
1717 0.258791121427339
1718 0.258708083399718
1719 0.258852361053473
1720 0.259137793215120
1721 0.259027833421738
1722 0.258891646854195
1723 0.258876386057626
1724 0.258808096041030
1725 0.258777138910828
1726 0.258638230225047
1727 0.258533511388171
1728 0.258607680272826
1729 0.258841129249797
1730 0.258724742878038
1731 0.258575537662533
1732 0.258670684706012
1733 0.258546274726986
1734 0.258398077993462
1735 0.258680738357680
1736 0.258548302869987
1737 0.258536942535127
1738 0.258432896775390
1739 0.258541623432553
1740 0.258526017598887
1741 0.258644979312379
1742 0.258775235354938
1743 0.259184879436430
1744 0.259070835234143
1745 0.258961367315326
1746 0.258815522157671
1747 0.258712785042638
1748 0.258928366770678
1749 0.258912482063021
1750 0.258764542082505
1751 0.258660655004122
1752 0.258740232906619
1753 0.259138077629736
1754 0.259013586927736
1755 0.259181373205000
1756 0.259041494934045
1757 0.259027352790603
1758 0.258994636223457
1759 0.259352040486284
1760 0.259205054807247
1761 0.259058450259213
1762 0.259124067224251
1763 0.259162586019543
1764 0.259086491213421
1765 0.259025558678893
1766 0.258884662303437
1767 0.258762107329431
1768 0.258620012378222
1769 0.258547124100947
1770 0.258401097005335
1771 0.258526715695847
1772 0.258415388035467
1773 0.258270472248739
1774 0.258292772772322
1775 0.258168918648350
1776 0.258326146213407
1777 0.258663649366119
1778 0.258518292394203
1779 0.258723685914732
1780 0.258748285290022
1781 0.258603726357109
1782 0.258642199627032
1783 0.258672015827925
1784 0.258709386213802
1785 0.258567907474114
1786 0.258503193620326
1787 0.258513709382396
1788 0.258369426285007
1789 0.258235735957109
1790 0.258091486204212
1791 0.257948352128475
1792 0.257907938729115
1793 0.258250824279123
1794 0.258110170379129
1795 0.258409115313496
1796 0.258294346900819
1797 0.258172629348761
1798 0.258077221439310
1799 0.257973191476346
1800 0.257835071425203
1801 0.257691911936674
1802 0.257816481031549
1803 0.257716669090511
1804 0.257588698033387
1805 0.257446250705403
1806 0.257473728741394
1807 0.257347601681266
1808 0.257230836573246
1809 0.257089532540475
1810 0.256947806992006
1811 0.257214258416112
1812 0.257196234324691
1813 0.257060990954160
1814 0.256979164893722
1815 0.256932293559542
1816 0.257037265930722
1817 0.256895803645925
1818 0.257065195239466
1819 0.256924568479507
1820 0.256783465700194
1821 0.256730923007012
1822 0.256708535386953
1823 0.256973528426515
1824 0.256835774585692
1825 0.256740182820996
1826 0.256845566668934
1827 0.256973387554570
1828 0.256861190116810
1829 0.256973658078310
1830 0.257105798718482
1831 0.256966001404247
1832 0.256849214269835
1833 0.256711029744123
1834 0.256721046461316
1835 0.256764527981076
1836 0.256644205753460
1837 0.256665805763316
1838 0.256811557953577
1839 0.257076147254495
1840 0.256936446362167
1841 0.257205186098368
1842 0.257072174503509
1843 0.257038064099905
1844 0.257061296058907
1845 0.257422878751005
1846 0.257315619998299
1847 0.257176415526809
1848 0.257526661918612
1849 0.257438292274144
1850 0.257308135306250
1851 0.257172784443937
1852 0.257035460284842
1853 0.256944462130263
1854 0.256819618904052
1855 0.256697797317629
1856 0.256968380210230
1857 0.256914614071746
1858 0.256834312335999
1859 0.256707449830615
1860 0.256635428478064
1861 0.256805878565270
1862 0.256678371871475
1863 0.256580306243595
1864 0.256567458398248
1865 0.256838482268149
1866 0.256842362632843
1867 0.256814301569352
1868 0.256737899547003
1869 0.256965840920513
1870 0.256828561820789
1871 0.256692403192926
1872 0.256856015698470
1873 0.256737416804528
1874 0.256668187587695
1875 0.256893396104659
1876 0.257090641819030
1877 0.256975394029147
1878 0.256880399438595
1879 0.256747162202693
1880 0.256624142045591
1881 0.256566028591658
1882 0.256711092486986
1883 0.256955829657719
1884 0.256844108180774
1885 0.257194822823580
1886 0.257059229948019
1887 0.256945294852340
1888 0.257051516198977
1889 0.256925754515023
1890 0.256805693687184
1891 0.256700822367441
1892 0.256784577009134
1893 0.256720500916578
1894 0.256931715564593
1895 0.256820799241580
1896 0.256685345287230
1897 0.256564144086030
1898 0.256658232432097
1899 0.256523735238253
1900 0.256624620243679
1901 0.256685495700461
1902 0.256596920865144
1903 0.256948001121400
1904 0.257031633713056
1905 0.256922917652747
1906 0.257170744996910
1907 0.257308126935371
1908 0.257175727538798
1909 0.257061470906771
1910 0.257035179375220
1911 0.257335059023763
1912 0.257417925789430
1913 0.257289427870832
1914 0.257215632266989
1915 0.257087369287382
1916 0.257133980075027
1917 0.257000822716956
1918 0.256866930023600
1919 0.256733075623829
1920 0.256822565286063
1921 0.256815109098543
1922 0.256691813620297
1923 0.256559356152324
1924 0.256426907998221
1925 0.256581412923113
1926 0.256557461908502
1927 0.256835920082361
1928 0.256775349161703
1929 0.256657661120503
1930 0.257041248757941
1931 0.256916346506508
1932 0.256785935329022
1933 0.256656277589549
1934 0.256969687023837
1935 0.256882710702785
1936 0.257007128351444
1937 0.256874467819766
1938 0.256780858745460
1939 0.256671214162940
1940 0.256652441863577
1941 0.256975191891892
1942 0.257193164896802
1943 0.257077307041896
1944 0.256962483474473
1945 0.256915732491669
1946 0.256796434904479
1947 0.256667656927872
1948 0.256538422739901
1949 0.256780333018761
1950 0.256649708432525
1951 0.256530809129425
1952 0.256727899613977
1953 0.256708762259964
1954 0.256600414561472
1955 0.256528530167830
1956 0.256518665413760
1957 0.256606492935100
1958 0.256520565911458
1959 0.256390419877884
1960 0.256261657982934
1961 0.256562169379474
1962 0.256456229765738
1963 0.256325588657087
1964 0.256370346837973
1965 0.256250137114099
1966 0.256221019365578
1967 0.256171975477441
1968 0.256496174622139
1969 0.256383699684372
1970 0.256253730068581
1971 0.256198535892266
1972 0.256070913821489
1973 0.255945462702463
1974 0.255828491188095
1975 0.255715654960929
1976 0.255586252759985
1977 0.255519393078579
1978 0.255395609152145
1979 0.255491388231374
1980 0.255586558922630
1981 0.255471301302708
1982 0.255359191495556
1983 0.255234470847504
1984 0.255106266674780
1985 0.254982255750802
1986 0.254944993239934
1987 0.254870656549660
1988 0.254749676217251
1989 0.254636787794135
1990 0.254546323648864
1991 0.254824453888675
1992 0.255092063123141
1993 0.254968478399824
1994 0.255155622725313
1995 0.255063120676485
1996 0.254957958645539
1997 0.255310334325223
1998 0.255202339173892
1999 0.255083908197464
2000 0.254965084247170
2001 0.254844943191521
2002 0.255016353892344
2003 0.254906674190639
2004 0.255088048816142
2005 0.254961030302686
2006 0.255119647875847
2007 0.255417850719584
2008 0.255599537024162
2009 0.255472488730860
2010 0.255355610499383
2011 0.255681745358229
2012 0.255609846888825
2013 0.255500290206587
2014 0.255504175997406
2015 0.255574025461938
2016 0.255493710151300
2017 0.255408435699644
2018 0.255643847430609
2019 0.255517559086827
2020 0.255874468597253
2021 0.255807540142604
2022 0.255751201235919
2023 0.255650215651339
2024 0.255789661864024
2025 0.255663731799967
2026 0.255589649411213
2027 0.255503298853392
2028 0.255378561906703
2029 0.255269599246246
2030 0.255149277120768
2031 0.255135937485957
2032 0.255165259497314
2033 0.255278777333042
2034 0.255352464181137
2035 0.255436732348471
2036 0.255454725704654
2037 0.255420119688567
2038 0.255353851909403
2039 0.255232631772801
2040 0.255363197424464
2041 0.255247654840285
2042 0.255168061206425
2043 0.255294279454744
2044 0.255185927056597
2045 0.255519551423969
2046 0.255394967369968
2047 0.255618879073166
2048 0.255896435811053
2049 0.255783643977673
2050 0.255681737853445
2051 0.255573767905290
2052 0.255765852098803
2053 0.255654646484491
2054 0.255733248773686
2055 0.255649519776166
2056 0.255801188927967
2057 0.255783340203062
2058 0.255663804042384
2059 0.255539843639405
2060 0.255415830261422
2061 0.255303584256672
2062 0.255185620585888
2063 0.255157799182091
2064 0.255039776620460
2065 0.255335655737043
2066 0.255426579371131
2067 0.255553256383907
2068 0.255534133238588
2069 0.255569321266823
2070 0.255456671930774
2071 0.255333564821721
2072 0.255541602244838
2073 0.255418713760447
2074 0.255504155659619
2075 0.255389162735050
2076 0.255278033528055
2077 0.255163115956435
2078 0.255175327511874
2079 0.255202404230018
2080 0.255157935672881
2081 0.255255608888723
2082 0.255539020667831
2083 0.255419482219338
2084 0.255607637586557
2085 0.255674950265135
2086 0.255552830895102
2087 0.255431381388303
2088 0.255742861761841
2089 0.255813308555366
2090 0.255691155256826
2091 0.255588340502476
2092 0.255466344239978
2093 0.255667252890410
2094 0.255567657517918
2095 0.255448420582460
2096 0.255670888861810
2097 0.255746291609174
2098 0.255983436787995
2099 0.255913363548003
2100 0.255929356917732
2101 0.255846721092965
2102 0.255728528205091
2103 0.255700859638452
2104 0.255579613129185
2105 0.255533348900367
2106 0.255415020865826
2107 0.255312068049830
2108 0.255217801080130
2109 0.255098602560904
2110 0.254997843527456
2111 0.254877361045353
2112 0.254766999691850
2113 0.254964073699746
2114 0.254976691793891
2115 0.255001106329098
2116 0.255337991258774
2117 0.255451985378299
2118 0.255420356224814
2119 0.255340912023800
2120 0.255226374246927
2121 0.255164738585235
2122 0.255044661816453
2123 0.254930841791438
2124 0.254816339770537
2125 0.254696786600012
2126 0.254688012090572
2127 0.254598587389118
2128 0.254635275470204
2129 0.254517675509369
2130 0.254401029966839
2131 0.254502071390605
2132 0.254668775151833
2133 0.254794051502822
2134 0.254680581757665
2135 0.254729165079832
2136 0.254642509678044
2137 0.254631708338483
2138 0.254701177127683
2139 0.254582141261876
2140 0.254564980258817
2141 0.254594764287333
2142 0.254478131557306
2143 0.254360214117192
2144 0.254242794446067
2145 0.254227525405545
2146 0.254164032610909
2147 0.254272358489320
2148 0.254160273375189
2149 0.254091732739898
2150 0.253975997390650
2151 0.253884179595356
2152 0.253877948820752
2153 0.254082055903109
2154 0.253967156424392
2155 0.254049890332791
2156 0.253992674185563
2157 0.254248258742160
2158 0.254593622063491
2159 0.254482737637582
2160 0.254471981497592
2161 0.254358162894482
2162 0.254330667780234
2163 0.254373126050418
2164 0.254257456193092
2165 0.254376711613611
2166 0.254287959843817
2167 0.254216492447318
2168 0.254396271978869
2169 0.254293029790484
2170 0.254209367883226
2171 0.254116517619445
2172 0.254387430404925
2173 0.254537479102539
2174 0.254421053934996
2175 0.254522595632938
2176 0.254406444175759
2177 0.254695392697560
2178 0.254620405673444
2179 0.254569554957943
2180 0.254558037041198
2181 0.254660722720736
2182 0.254877559834440
2183 0.255152435704915
2184 0.255036772313437
2185 0.255249054258374
2186 0.255168326087579
2187 0.255384604744595
2188 0.255615427183748
2189 0.255526643676124
2190 0.255469362017585
2191 0.255522664044164
2192 0.255537070749395
2193 0.255722019031180
2194 0.255605951329706
2195 0.255496788745688
2196 0.255476897294770
2197 0.255394419375428
2198 0.255423929285976
2199 0.255578451911237
2200 0.255501186132727
2201 0.255501742058238
2202 0.255390622943796
2203 0.255291127634522
2204 0.255207088108701
2205 0.255194558079240
2206 0.255081607787733
2207 0.254966151361782
2208 0.254856153743582
2209 0.255115614278244
2210 0.255069610921268
2211 0.255269059015983
2212 0.255154279330203
2213 0.255204002986831
2214 0.255279353262853
2215 0.255165329285986
2216 0.255261177986393
2217 0.255213785211442
2218 0.255325164888386
2219 0.255344559908065
2220 0.255268707516322
2221 0.255204536045312
2222 0.255090878671615
2223 0.255220580696808
2224 0.255363476816063
2225 0.255250658387074
2226 0.255325303951138
2227 0.255245553964949
2228 0.255132749033512
2229 0.255150499571790
2230 0.255036494871592
2231 0.255191772086754
2232 0.255078744941996
2233 0.255053619412926
2234 0.254940957253680
2235 0.255166135485865
2236 0.255052018308848
2237 0.254938003855400
2238 0.254847901942359
2239 0.255146457139868
2240 0.255076839141983
2241 0.255034663711057
2242 0.255105587007348
2243 0.255289027646894
2244 0.255352395689570
2245 0.255247656331885
2246 0.255304156681262
2247 0.255578103938130
2248 0.255534771433629
2249 0.255642293933644
2250 0.255539083477196
2251 0.255425665695885
2252 0.255312665746010
2253 0.255202735920621
2254 0.255407957131494
2255 0.255363642129825
2256 0.255251346216623
2257 0.255138481055041
2258 0.255088547705030
2259 0.254980774811602
2260 0.255134113052184
2261 0.255089220456919
2262 0.255089829110777
2263 0.255023587351248
2264 0.255314070062525
2265 0.255203058599984
2266 0.255094159491752
2267 0.254982357784542
2268 0.255036436713349
2269 0.254924061045237
2270 0.254960060371687
2271 0.254905496656588
2272 0.255037155391691
2273 0.255128167773068
2274 0.255016201833861
2275 0.254954514628042
2276 0.254892398944264
2277 0.254821830033648
2278 0.254957597157971
2279 0.254872846394696
2280 0.254796041251800
2281 0.254820997085432
2282 0.255031257654186
2283 0.254919775812226
2284 0.255105080861608
2285 0.255060764478703
2286 0.255154545311615
2287 0.255345445773083
2288 0.255305531269687
2289 0.255299191731830
2290 0.255219978750244
2291 0.255229206851032
2292 0.255240832333100
2293 0.255129531898753
2294 0.255029902062553
2295 0.255084808261381
2296 0.255315241348413
2297 0.255223613884602
2298 0.255136863678834
2299 0.255397613955776
2300 0.255365232528171
2301 0.255396794661731
2302 0.255287040653190
2303 0.255305106847112
2304 0.255206577722390
2305 0.255203054231336
2306 0.255160765462272
2307 0.255214081023120
2308 0.255123434024373
2309 0.255020788822314
2310 0.254910450554247
2311 0.254842490408142
2312 0.254770404503285
2313 0.254663166069180
2314 0.254668280686149
2315 0.254722121585303
2316 0.254820083834802
2317 0.254763955726904
2318 0.254861961042181
2319 0.255022605264999
2320 0.254913031712518
2321 0.255014921752629
2322 0.254942311662245
2323 0.254980961352347
2324 0.254960607370596
2325 0.254852422381558
2326 0.254743133981478
2327 0.254727839516054
2328 0.255047069724497
2329 0.254940003602852
2330 0.254969143260047
2331 0.254888266125359
2332 0.254844027075445
2333 0.255121178484555
2334 0.255164778546806
2335 0.255094863581365
2336 0.255311578003709
2337 0.255202854546509
2338 0.255094539876345
2339 0.255071268666866
2340 0.254981762016848
2341 0.255016398982359
2342 0.254935339920707
2343 0.254828009321075
2344 0.254804593920813
2345 0.254710509867907
2346 0.254658393031501
2347 0.254966364030870
2348 0.255087582192221
2349 0.254979283780142
2350 0.255197688590849
2351 0.255128617374983
2352 0.255209888249394
2353 0.255184826739177
2354 0.255163477760588
2355 0.255077696001930
2356 0.255088004001424
2357 0.255284897822101
2358 0.255600218173564
2359 0.255492369612032
2360 0.255387574049691
2361 0.255383691445900
2362 0.255276208773134
2363 0.255216782013858
2364 0.255212657419158
2365 0.255380664946869
2366 0.255300525600456
2367 0.255461829761739
2368 0.255468066855869
2369 0.255364221788302
2370 0.255502274047155
2371 0.255394675068622
2372 0.255334024008420
2373 0.255406253408358
2374 0.255583793012844
2375 0.255518972445918
2376 0.255669350076700
2377 0.255562051196180
2378 0.255507445992582
2379 0.255692383703134
2380 0.255967703998143
2381 0.255871817187993
2382 0.255766560646704
2383 0.255787967873026
2384 0.255754373863549
2385 0.256064051050066
2386 0.256225202273263
2387 0.256247150652090
2388 0.256388258709048
2389 0.256288821258082
2390 0.256181609841922
2391 0.256079808366513
2392 0.256034497459114
2393 0.256070846580381
2394 0.256088631923723
2395 0.255984667248632
2396 0.256128665065961
2397 0.256047276784054
2398 0.255945125444735
2399 0.256136930144579
2400 0.256083840310097
2401 0.256324197664120
2402 0.256342774397867
2403 0.256238735641571
2404 0.256294218836775
2405 0.256221992127188
2406 0.256161065310876
2407 0.256082673128949
2408 0.255981999050755
2409 0.255919114300405
2410 0.255910460909850
2411 0.255831777403096
2412 0.255732163126385
2413 0.255627351179618
2414 0.255592097288888
2415 0.255544861226466
2416 0.255485147293457
2417 0.255379470559646
2418 0.255281080774486
2419 0.255265104069198
2420 0.255161067030305
2421 0.255063030335721
2422 0.254961061032756
2423 0.255252291207425
2424 0.255536153930910
2425 0.255456825933669
2426 0.255368769366402
2427 0.255322558251648
2428 0.255220079963507
2429 0.255181690547503
2430 0.255078605468967
2431 0.255043557812509
2432 0.254986565046576
2433 0.254892364069528
2434 0.254890420552402
2435 0.255108003242861
2436 0.255003746227548
2437 0.255067488251700
2438 0.254966358763854
2439 0.255238961705522
2440 0.255309821572936
2441 0.255251032770704
2442 0.255405492466000
2443 0.255368344424529
2444 0.255378803880433
2445 0.255364998557917
2446 0.255260691995143
2447 0.255556273565203
2448 0.255511629747914
2449 0.255551654254751
2450 0.255642499921748
2451 0.255539586390940
2452 0.255518402085700
2453 0.255693268391615
2454 0.255636682114396
2455 0.255552299356428
2456 0.255518947485972
2457 0.255567812515731
2458 0.255465235126888
2459 0.255406108583038
2460 0.255416229428271
2461 0.255325943408096
2462 0.255227620719611
2463 0.255362935213036
2464 0.255345525932037
2465 0.255250370979406
2466 0.255295125035646
2467 0.255200991750876
2468 0.255186614988367
2469 0.255208221207256
2470 0.255104964590552
2471 0.255003476489787
2472 0.254924938119596
2473 0.254822510700637
2474 0.254724088822268
2475 0.254633998173655
2476 0.254533723268430
2477 0.254565925977576
2478 0.254597622768471
2479 0.254495210003239
2480 0.254529588305893
2481 0.254828954022727
2482 0.254758185607680
2483 0.254669434849018
2484 0.254568264482532
2485 0.254466635269580
2486 0.254659424839061
2487 0.254576994405691
2488 0.254481740055327
2489 0.254500193087878
2490 0.254398186418198
2491 0.254296147518012
2492 0.254200165940604
2493 0.254249697042234
2494 0.254179854683735
2495 0.254245175327137
2496 0.254372485577810
2497 0.254543024411872
2498 0.254757979216677
2499 0.254664085499348
2500 0.254566926424613
2501 0.254470220083907
2502 0.254368524551305
2503 0.254641078513841
2504 0.254540959682898
2505 0.254460947678705
2506 0.254505751172137
2507 0.254547121526372
2508 0.254682362081484
2509 0.254607903731273
2510 0.254542781442003
2511 0.254653963936365
2512 0.254943181327558
2513 0.255147648139064
2514 0.255049429888700
2515 0.254948795175027
2516 0.255079967398376
2517 0.255371790715491
2518 0.255304209839119
2519 0.255594486572905
2520 0.255493323204258
2521 0.255397667595633
2522 0.255297338230308
2523 0.255203640144294
2524 0.255458560213292
2525 0.255523937994317
2526 0.255590017882733
2527 0.255497689539640
2528 0.255399272171889
2529 0.255298795262246
2530 0.255204832019787
2531 0.255377195777908
2532 0.255644053388066
2533 0.255571540032237
2534 0.255471569245152
2535 0.255399772572050
2536 0.255299105511993
2537 0.255205725866939
2538 0.255119590675578
2539 0.255171547356688
2540 0.255165260629462
2541 0.255228729507265
2542 0.255142704932172
2543 0.255043919798801
2544 0.254971676615217
2545 0.254909257584638
2546 0.254809521102472
2547 0.254774730484388
2548 0.254781458820756
2549 0.254728124758056
2550 0.254628661381872
2551 0.254534855296791
2552 0.254435139785621
2553 0.254369123819783
2554 0.254281416973523
2555 0.254182255696861
2556 0.254289016678353
2557 0.254214705676842
2558 0.254118209497661
2559 0.254052319170762
2560 0.254071570790518
2561 0.254321554898102
2562 0.254367937969683
2563 0.254269393026553
2564 0.254410160502892
2565 0.254315332014450
2566 0.254233885059042
2567 0.254179083291506
2568 0.254080197996524
2569 0.254162291598210
2570 0.254063548453927
2571 0.253984803201407
2572 0.253942646481104
2573 0.253983425909528
2574 0.253899850338592
2575 0.253802092176410
2576 0.254047535090135
2577 0.254043718490395
2578 0.253945876372606
2579 0.253930999491344
2580 0.253909928131633
2581 0.253900256003334
2582 0.254076063775828
2583 0.253978479835561
2584 0.253880802630014
2585 0.253789745147735
2586 0.253781858398505
2587 0.253749295249009
2588 0.253831487894952
2589 0.253853263103592
2590 0.253927434429419
2591 0.253833811292595
2592 0.253744378328311
2593 0.253680033544621
2594 0.253593165775274
2595 0.253862468943041
2596 0.254000842596188
2597 0.254011833585332
2598 0.254050157522928
2599 0.253954459220036
2600 0.253859951516906
2601 0.254052515127019
2602 0.254273499705256
2603 0.254276934185213
2604 0.254245400250107
2605 0.254158114143860
2606 0.254100566236847
2607 0.254149997411166
2608 0.254149054767984
2609 0.254079445885760
2610 0.253989576697247
2611 0.253900214248673
2612 0.253906173831263
2613 0.253826397485960
2614 0.253928331743224
2615 0.253926516595044
2616 0.253841816154328
2617 0.253883153334226
2618 0.253786210780079
2619 0.253786853487953
2620 0.253939869196217
2621 0.253916774822605
2622 0.253856657150917
2623 0.253856991233941
2624 0.253760247934195
2625 0.253726072028846
2626 0.253629452535592
2627 0.253572728171488
2628 0.253827344884994
2629 0.253869136673248
2630 0.253774927599058
2631 0.253723219117115
2632 0.253665412096841
2633 0.253683916239458
2634 0.253893604190434
2635 0.253855176319107
2636 0.253895558755232
2637 0.253850583350166
2638 0.253900243363275
2639 0.254126744618032
2640 0.254060032170766
2641 0.254183518892806
2642 0.254147480951721
2643 0.254122958834462
2644 0.254245007487043
2645 0.254294149005864
2646 0.254423950637322
2647 0.254491847032506
2648 0.254497444481635
2649 0.254584646069063
2650 0.254569319610380
2651 0.254488193558173
2652 0.254392473295506
2653 0.254297016998935
2654 0.254209267827484
2655 0.254225836550389
2656 0.254379849745713
2657 0.254292102236993
2658 0.254427335241476
2659 0.254406362782939
2660 0.254314865936846
2661 0.254242706463878
2662 0.254327735831109
2663 0.254262200827857
2664 0.254402391989510
2665 0.254307000722431
2666 0.254211650307978
2667 0.254116388607834
2668 0.254386867494452
2669 0.254307929441542
2670 0.254213171030748
2671 0.254305797268300
2672 0.254226419283295
2673 0.254382828379834
2674 0.254597497547417
2675 0.254548776616635
2676 0.254454768464949
2677 0.254500371577620
2678 0.254405337892568
2679 0.254359928620557
2680 0.254265368648210
2681 0.254212869374119
2682 0.254125994204514
2683 0.254144197199093
2684 0.254078896925248
2685 0.253990519522067
2686 0.253900032851452
2687 0.253818586106882
2688 0.253957091821032
2689 0.253956262884762
2690 0.254059259007767
2691 0.253977116814198
2692 0.253961648382734
2693 0.253996929584771
2694 0.253951563040675
2695 0.254223923742993
2696 0.254148549635022
2697 0.254054430826704
2698 0.253969125872693
2699 0.253877840962743
2700 0.253807008432940
2701 0.253914277375999
2702 0.253906837349442
2703 0.253819883690719
2704 0.253748647496142
2705 0.253714037776112
2706 0.253656634364963
2707 0.253562973404843
2708 0.253541565960684
2709 0.253462768919667
2710 0.253378574284587
2711 0.253543455896396
2712 0.253563408657277
2713 0.253663977428775
2714 0.253570704908771
2715 0.253568395732899
2716 0.253740446514602
2717 0.253647069111645
2718 0.253562847058537
2719 0.253553667528427
2720 0.253789697866643
2721 0.253780215484866
2722 0.253950136221479
2723 0.253973936982995
2724 0.253881022189735
2725 0.253882555176357
2726 0.253806460659741
2727 0.253715763975617
2728 0.253622760091132
2729 0.253657367767016
2730 0.253667042056922
2731 0.253903296411791
2732 0.254102316516026
2733 0.254280522636729
2734 0.254193087732698
2735 0.254117623557735
2736 0.254090656311730
2737 0.254210546037544
2738 0.254118174986681
2739 0.254029480597330
2740 0.253937814065952
2741 0.253919089953292
2742 0.253955168138594
2743 0.254120451357937
2744 0.254047404478977
2745 0.254112059844487
2746 0.254019521144849
2747 0.253930360536796
2748 0.253880613252106
2749 0.253817950416069
2750 0.253767314722038
2751 0.253726366799609
2752 0.253636960381386
2753 0.253548459118333
2754 0.253456810412016
2755 0.253474182058193
2756 0.253517435495360
2757 0.253428140983638
2758 0.253349890406747
2759 0.253258063699872
2760 0.253335072873619
2761 0.253567954759375
2762 0.253477263548233
2763 0.253402219378246
2764 0.253382110451445
2765 0.253376181138787
2766 0.253284577351622
2767 0.253193258524431
2768 0.253332274367738
2769 0.253394372871515
2770 0.253550225301206
2771 0.253458728603011
2772 0.253572465459379
2773 0.253515544826562
2774 0.253429438229316
2775 0.253388467061707
2776 0.253300263983183
2777 0.253221864470292
2778 0.253130801720097
2779 0.253065395698828
2780 0.252977564044189
2781 0.252921630891750
2782 0.253018246127206
2783 0.252927389643807
2784 0.252898175970330
2785 0.252838985592887
2786 0.252778738503235
2787 0.252696147187797
2788 0.252642431384736
2789 0.252571041712200
2790 0.252510147369876
2791 0.252450668204598
2792 0.252465495365224
2793 0.252594916887627
2794 0.252662673850890
2795 0.252591476754170
2796 0.252518236107400
2797 0.252742004860370
2798 0.252900724877628
2799 0.252839029732863
2800 0.252756719599059
2801 0.252675554697394
2802 0.252754103602335
2803 0.252696061216051
2804 0.252699450460951
2805 0.252917513968000
2806 0.253093999015306
2807 0.253167650086027
2808 0.253078856353523
2809 0.253040913389616
2810 0.252955886146806
2811 0.252871184532941
2812 0.252781303130134
2813 0.252691934239855
2814 0.252607646112836
2815 0.252521390774333
2816 0.252431738201065
2817 0.252351653188484
2818 0.252520476466308
2819 0.252480782733736
2820 0.252405520553079
2821 0.252318273425475
2822 0.252331306982193
2823 0.252288276760506
2824 0.252310024086953
2825 0.252237316753095
2826 0.252193066821331
2827 0.252103861257084
2828 0.252021538837147
2829 0.252209117262134
2830 0.252371970701974
2831 0.252305936260394
2832 0.252417049776783
2833 0.252362533079747
2834 0.252455154959007
2835 0.252409682548385
2836 0.252388264988200
2837 0.252299437304933
2838 0.252329281440760
2839 0.252337036745189
2840 0.252252678379811
2841 0.252179031964057
2842 0.252147377535931
2843 0.252180321454715
2844 0.252091652415579
2845 0.252023555588321
2846 0.252127812904936
2847 0.252388574785926
2848 0.252395270396774
2849 0.252472524368254
2850 0.252423865262416
2851 0.252354928453271
2852 0.252280434571278
2853 0.252274388002529
2854 0.252185995311336
2855 0.252100387792066
2856 0.252204554122340
2857 0.252159091765014
2858 0.252088458212763
2859 0.252008754129214
2860 0.251929938130779
2861 0.251888366077089
2862 0.251800360385093
2863 0.252061310929656
2864 0.252016571414093
2865 0.251934259345734
2866 0.252144512327451
2867 0.252058366491507
2868 0.252061068066107
2869 0.252163856901729
2870 0.252154685646287
2871 0.252068097893367
2872 0.252009153611435
2873 0.252098744174516
2874 0.252332623606012
2875 0.252411802955112
2876 0.252324507260295
2877 0.252245214473954
2878 0.252204486525152
2879 0.252140362890888
2880 0.252072001099935
2881 0.252223767863401
2882 0.252138805976468
2883 0.252279465674983
2884 0.252227017210637
2885 0.252246070796647
2886 0.252198786454774
2887 0.252158343590409
2888 0.252071234698760
2889 0.251989867905693
2890 0.251918861354035
2891 0.251833837384562
2892 0.251779064952652
2893 0.251823379823670
2894 0.251744119298817
2895 0.251660905391532
2896 0.251582822455231
2897 0.251599790754588
2898 0.251516717436846
2899 0.251466381647494
2900 0.251573024566264
2901 0.251488592968945
2902 0.251495289065916
2903 0.251416269947829
2904 0.251482635730453
2905 0.251624224352705
2906 0.251588232537704
2907 0.251541913908338
2908 0.251467579419336
2909 0.251567647419053
2910 0.251493815182844
2911 0.251436989665851
2912 0.251355349692661
2913 0.251348081070651
2914 0.251261834543102
2915 0.251500432222356
2916 0.251539405310703
2917 0.251468818404024
2918 0.251382873318223
2919 0.251328807237473
2920 0.251279073201067
2921 0.251284011206045
2922 0.251235047541577
2923 0.251267155208008
2924 0.251316486015894
2925 0.251291631343563
2926 0.251305761272015
2927 0.251220010870891
2928 0.251137623140500
2929 0.251175099628688
2930 0.251170269432047
2931 0.251105997408985
2932 0.251021214726392
2933 0.250937720603469
2934 0.251033425738952
2935 0.250947907648171
2936 0.250865825528503
2937 0.250843507967711
2938 0.250761126657156
2939 0.250863455605564
2940 0.250880910429307
2941 0.251103043715129
2942 0.251024893670824
2943 0.250939945147991
2944 0.250858458380754
2945 0.251080646534122
2946 0.251324253134603
2947 0.251365223740198
2948 0.251280194712755
2949 0.251294698029363
2950 0.251392054099203
2951 0.251306867809014
2952 0.251548507869543
2953 0.251557887306490
2954 0.251597897764914
2955 0.251716913153512
2956 0.251632673259822
2957 0.251547582659288
2958 0.251464225785260
2959 0.251432361560221
2960 0.251353442846957
2961 0.251286935720916
2962 0.251203051800616
2963 0.251405140871268
2964 0.251383681692680
2965 0.251473634695192
2966 0.251389168874475
2967 0.251327925381355
2968 0.251410798521494
2969 0.251566271907007
2970 0.251481569818326
2971 0.251554282483777
2972 0.251470541290877
2973 0.251524115826899
2974 0.251453474119863
2975 0.251388117221160
2976 0.251315840536499
2977 0.251516555191156
2978 0.251432235450866
2979 0.251348015902227
2980 0.251331821646734
2981 0.251319101554772
2982 0.251333065221246
2983 0.251251907538800
2984 0.251250595694770
2985 0.251174541830953
2986 0.251090622603210
2987 0.251083876221791
2988 0.251100316040642
2989 0.251016828847212
2990 0.251105777414807
2991 0.251107977922225
2992 0.251051027013120
2993 0.251068068759220
2994 0.251148130512046
2995 0.251064882050908
2996 0.250981888474147
2997 0.250898181647942
2998 0.250859084605938
2999 0.250799171143371
3000 0.250755857443595
3001 0.250870942660795
3002 0.251063111671624
3003 0.250994681492260
3004 0.251041479920236
3005 0.250958947195950
3006 0.250927953555497
3007 0.250852962437223
3008 0.250829363737676
3009 0.250801698748910
3010 0.250726017654450
3011 0.250642856020515
3012 0.250562796711300
3013 0.250480877165391
3014 0.250484640852391
3015 0.250401566720755
3016 0.250338570338148
3017 0.250310773238548
3018 0.250290879966373
3019 0.250207974857045
3020 0.250136476739883
3021 0.250242792994687
3022 0.250217917406241
3023 0.250150327987307
3024 0.250195225483359
3025 0.250179705520055
3026 0.250155453625760
3027 0.250331635738774
3028 0.250431526180574
3029 0.250604583520944
3030 0.250521915543565
3031 0.250439287396198
3032 0.250367655284998
3033 0.250308648137666
3034 0.250548525863930
3035 0.250524844191435
3036 0.250472215330061
3037 0.250391390553069
3038 0.250518126205403
3039 0.250622651950649
3040 0.250798772501750
3041 0.250872845669289
3042 0.250868477243425
3043 0.250889891888330
3044 0.251098888946385
3045 0.251029088357709
3046 0.251079886316208
3047 0.251030630770227
3048 0.250955630187669
3049 0.250900478295500
3050 0.250820513900396
3051 0.250738310141550
3052 0.250656535476178
3053 0.250576004688419
3054 0.250522087923140
3055 0.250554641492647
3056 0.250473735209182
3057 0.250392518466983
3058 0.250342200188720
3059 0.250273983164877
3060 0.250274780839601
3061 0.250216118030791
3062 0.250252525498038
3063 0.250179229753673
3064 0.250104271148026
3065 0.250097860962898
3066 0.250017930650506
3067 0.249956397836662
3068 0.249883052902149
3069 0.249982902785412
3070 0.249910630632810
3071 0.250142751086865
3072 0.250083154563091
3073 0.250085219609029
3074 0.250004026942856
3075 0.250174684710014
3076 0.250282530948116
3077 0.250202191124084
3078 0.250413685535043
3079 0.250381017735460
3080 0.250308202004483
3081 0.250502255466475
3082 0.250684145493012
3083 0.250700035409016
3084 0.250618745231184
3085 0.250538261550040
3086 0.250486230147007
3087 0.250505331771386
3088 0.250532853335268
3089 0.250460224101369
3090 0.250415221805956
3091 0.250354371617112
3092 0.250332906172870
3093 0.250301100292155
3094 0.250260742916493
3095 0.250181562480930
3096 0.250114705402355
3097 0.250060769783825
3098 0.250014661506268
3099 0.250132393510515
3100 0.250057369970283
3101 0.249977043471259
3102 0.250111226790479
3103 0.250178672850090
3104 0.250098075069822
3105 0.250018015540223
3106 0.250031892650655
3107 0.250104603225022
3108 0.250210705375976
3109 0.250192356698784
3110 0.250122103161844
3111 0.250045199808551
3112 0.249991540896351
3113 0.249911414536366
3114 0.249994838897243
3115 0.250179308774705
3116 0.250099041769149
3117 0.250139237689041
3118 0.250121565342668
3119 0.250047900961497
3120 0.249983439702002
3121 0.249903567809989
3122 0.249903092987787
3123 0.249823188795448
3124 0.249823367031173
3125 0.249750354350986
3126 0.249693104150110
3127 0.249712107947450
3128 0.249686343419474
3129 0.249827758344634
3130 0.249983793986839
3131 0.250162012481798
3132 0.250096147154776
3133 0.250016320743302
3134 0.249994930122996
3135 0.249917071691160
3136 0.249970873297704
3137 0.249894550604409
3138 0.249831618358936
3139 0.249758165515952
3140 0.249958556982614
3141 0.249960758248184
3142 0.250039367391442
3143 0.250009079069159
3144 0.250039104985349
3145 0.250150140157684
3146 0.250227350856563
3147 0.250330384901665
3148 0.250253254589805
3149 0.250433559824097
3150 0.250540049197285
3151 0.250498971560653
3152 0.250420838688206
3153 0.250382485454248
3154 0.250535077586403
3155 0.250471866320073
3156 0.250565171837434
3157 0.250572337946252
3158 0.250522186259453
3159 0.250607449286376
3160 0.250743914619325
3161 0.250942583221970
3162 0.250893502933480
3163 0.250896073579650
3164 0.250875451145255
3165 0.250842311607007
3166 0.250781396495389
3167 0.250705347313005
3168 0.250696623924817
3169 0.250887034317198
3170 0.250810778249542
3171 0.250749038147556
3172 0.250672781197800
3173 0.250603942636091
3174 0.250544062859513
3175 0.250499424167382
3176 0.250420785759948
3177 0.250345733834590
3178 0.250501137324309
3179 0.250435808621005
3180 0.250391018874990
3181 0.250458132841327
3182 0.250382704653717
3183 0.250316546796446
3184 0.250238106467106
3185 0.250211183313659
3186 0.250141001308922
3187 0.250070642554090
3188 0.249992864195995
3189 0.249998218426810
3190 0.249992709331739
3191 0.249968523291713
3192 0.249901708471293
3193 0.249911882313357
3194 0.249834429177758
3195 0.250040572386895
3196 0.250200648908351
3197 0.250219839186179
3198 0.250152976557898
3199 0.250283582419960
3200 0.250269508714707
3201 0.250200038807721
3202 0.250123411824922
3203 0.250045830218331
3204 0.250028988701587
3205 0.250027486702298
3206 0.249950015163310
3207 0.249872100802349
3208 0.249863326890529
3209 0.249789747985857
3210 0.249712930153964
3211 0.249672571422555
3212 0.249808091578556
3213 0.249734536992522
3214 0.249775615814769
3215 0.249865137129784
3216 0.249788101724373
3217 0.249713540665997
3218 0.249807917063792
3219 0.249918215481945
3220 0.249896569567719
3221 0.249824704900611
3222 0.249975636839468
3223 0.250151640026272
3224 0.250307367260660
3225 0.250520978225937
3226 0.250700713758441
3227 0.250867935613360
3228 0.250807354329341
3229 0.250758715569332
3230 0.250701003665516
3231 0.250624639602694
3232 0.250652437405033
3233 0.250581901971481
3234 0.250509492687055
3235 0.250466237357183
3236 0.250388995547811
3237 0.250365470739759
3238 0.250569004243103
3239 0.250495563488939
3240 0.250422783613233
3241 0.250552435043813
3242 0.250516950852402
3243 0.250445245683183
3244 0.250389565688443
3245 0.250323163827674
3246 0.250260095179483
3247 0.250414942552197
3248 0.250346102992610
3249 0.250309137251436
3250 0.250263754711705
3251 0.250186776818831
3252 0.250110464220741
3253 0.250074168481600
3254 0.250007015187174
3255 0.250183646083232
3256 0.250177070913096
3257 0.250345275679162
3258 0.250469595280062
3259 0.250432402676146
3260 0.250638834393749
3261 0.250754080698172
3262 0.250741805076348
3263 0.250665055400757
3264 0.250836022267974
3265 0.250973131300435
3266 0.250926890154186
3267 0.250881315423582
3268 0.250911317636491
3269 0.250835042212032
3270 0.251015941513323
3271 0.250939237020163
3272 0.250862544365674
3273 0.250786667659485
3274 0.250710068223501
3275 0.250719524099891
3276 0.250643083890459
3277 0.250566618949108
3278 0.250490633296678
3279 0.250491032947754
3280 0.250478964210456
3281 0.250425835986251
3282 0.250353794726367
3283 0.250445675573318
3284 0.250532982933150
3285 0.250473333250866
3286 0.250586714691338
3287 0.250565582563730
3288 0.250515064067060
3289 0.250477083213781
3290 0.250639438624823
3291 0.250672803233964
3292 0.250697125141243
3293 0.250829368167592
3294 0.250985324742601
3295 0.250975260743807
3296 0.250906520239718
3297 0.250830901576469
3298 0.250909534522978
3299 0.250833631107028
3300 0.250785796755044
3301 0.250717902990637
3302 0.250642001507780
3303 0.250601549061806
3304 0.250745755249578
3305 0.250669889770030
3306 0.250666528104489
3307 0.250683345156824
3308 0.250791462523704
3309 0.250732199233584
3310 0.250954900334105
3311 0.251161760875829
3312 0.251085928281191
3313 0.251282128294797
3314 0.251207103763378
3315 0.251135767453837
3316 0.251133453218249
3317 0.251259328256713
3318 0.251225294076978
3319 0.251314952393088
3320 0.251257246221206
3321 0.251284444987633
3322 0.251209113017127
3323 0.251181622924306
3324 0.251151952680307
3325 0.251122057009447
3326 0.251060434490402
3327 0.251117367118932
3328 0.251180952461530
3329 0.251380721725728
3330 0.251310449592913
3331 0.251244557301900
3332 0.251179653183283
3333 0.251104652992179
3334 0.251035279782636
3335 0.251011147049207
3336 0.251164672863596
3337 0.251134662683984
3338 0.251073671411348
3339 0.251008074143100
3340 0.251060547031794
3341 0.250997527056648
3342 0.250922423075307
3343 0.251103694374332
3344 0.251081696963119
3345 0.251007336495348
3346 0.250933563310612
3347 0.250866254801681
3348 0.250844044223448
3349 0.251062899981238
3350 0.250996447562332
3351 0.251022442865251
3352 0.250978144653653
3353 0.250945781318907
3354 0.250890731730546
3355 0.251112922975680
3356 0.251075817201565
3357 0.251159189254922
3358 0.251322441369772
3359 0.251295824920042
3360 0.251237607271615
3361 0.251190103702362
3362 0.251294191669586
3363 0.251221179572695
3364 0.251156806924575
3365 0.251128704484392
3366 0.251125308406402
3367 0.251055091577575
3368 0.250980595739018
3369 0.250994684157963
3370 0.250923744538495
3371 0.250909058538335
3372 0.250976939867260
3373 0.251142784504959
3374 0.251069072736697
3375 0.251043045395038
3376 0.250972428283601
3377 0.251132373819162
3378 0.251066706750858
3379 0.251262277830696
3380 0.251259296188502
3381 0.251304681440864
3382 0.251233453173225
3383 0.251161539737051
3384 0.251176275614466
3385 0.251372129490560
3386 0.251468882923475
3387 0.251394787835252
3388 0.251382722239585
3389 0.251414656628957
3390 0.251411617906403
3391 0.251593702773593
3392 0.251519981578447
3393 0.251496301302271
3394 0.251472278235515
3395 0.251485417280330
3396 0.251438215463874
3397 0.251426714277747
3398 0.251352988414515
3399 0.251330823945872
3400 0.251266374194515
3401 0.251215711481093
3402 0.251144984912954
3403 0.251103628717004
3404 0.251272418942542
3405 0.251199541171781
3406 0.251143399975490
3407 0.251202741043255
3408 0.251129038356718
3409 0.251067091396368
3410 0.251050913441336
3411 0.250983053502552
3412 0.251064669382044
3413 0.250991495975964
3414 0.250922917247276
3415 0.250859727852912
3416 0.251076705696320
3417 0.251003251527357
3418 0.250946796494145
3419 0.251015364658672
3420 0.251098892097494
3421 0.251029408182476
3422 0.250981240538751
3423 0.251190013723028
3424 0.251386235267833
3425 0.251319577433535
3426 0.251263387219646
3427 0.251327909360852
3428 0.251354277700905
3429 0.251287324793904
3430 0.251312934815912
3431 0.251276306727945
3432 0.251306408475899
3433 0.251390753212675
3434 0.251328583966190
3435 0.251545047785637
3436 0.251474871524016
3437 0.251679797848280
3438 0.251741089598473
3439 0.251735482656491
3440 0.251911334146924
3441 0.251854561547021
3442 0.252053364104687
3443 0.251982288303248
3444 0.251909630930450
3445 0.251836842927948
3446 0.251785188879369
3447 0.251712295171752
3448 0.251665631974721
3449 0.251711111857145
3450 0.251638235021163
3451 0.251565780965250
3452 0.251493993272402
3453 0.251438187905117
3454 0.251382052724726
3455 0.251387896657336
3456 0.251568813704969
3457 0.251571596276675
3458 0.251511122264095
3459 0.251478155360088
3460 0.251405586942403
3461 0.251391343812507
3462 0.251340582718426
3463 0.251268087957512
3464 0.251198728411868
3465 0.251288581067332
3466 0.251271538151258
3467 0.251199886125375
3468 0.251197408087762
3469 0.251151074614254
3470 0.251085031202578
3471 0.251012880023704
3472 0.251224847802994
3473 0.251152549091894
3474 0.251116387496753
3475 0.251162703457514
3476 0.251140172030169
3477 0.251177559347619
3478 0.251207212258794
3479 0.251162688045504
3480 0.251090520293210
3481 0.251018468366179
3482 0.251135232586081
3483 0.251063241128484
3484 0.251060650270916
3485 0.250989904114458
3486 0.250944999845078
3487 0.251105021164251
3488 0.251033110464231
3489 0.251029044610116
3490 0.250980508409648
3491 0.251102772150720
3492 0.251084506798152
3493 0.251052755916155
3494 0.250986760546888
3495 0.250919788071693
3496 0.251031283253632
3497 0.250987558832788
3498 0.251155784065078
3499 0.251299656698426
3500 0.251228899511611
3501 0.251201564943899
3502 0.251346408216880
3503 0.251276412489613
3504 0.251206019283462
3505 0.251145845016280
3506 0.251075139556902
3507 0.251224822438824
3508 0.251153682685810
3509 0.251342327183296
3510 0.251271220619018
3511 0.251227613305670
3512 0.251266297421717
3513 0.251194773412841
3514 0.251268070506783
3515 0.251276185973343
3516 0.251207584641552
3517 0.251187874920775
3518 0.251194446854467
3519 0.251292061696154
3520 0.251228255145796
3521 0.251160062021107
3522 0.251164503178348
3523 0.251277382430636
3524 0.251208220949115
3525 0.251137086160020
3526 0.251070246273817
3527 0.250999167520980
3528 0.250997802899408
3529 0.251033321622562
3530 0.250985451532688
3531 0.250922323965372
3532 0.251001319888349
3533 0.250934785699803
3534 0.250948426136808
3535 0.251087051673141
3536 0.251044009114052
3537 0.250977991828498
3538 0.251127594706600
3539 0.251161553389374
3540 0.251238011676181
3541 0.251334605807201
3542 0.251344366929715
3543 0.251273626360388
3544 0.251251207953219
3545 0.251237310297618
3546 0.251340885319388
3547 0.251449414637716
3548 0.251608001847031
3549 0.251595850258878
3550 0.251781342869655
3551 0.251725303598269
3552 0.251734369230239
3553 0.251689629393773
3554 0.251882607960337
3555 0.251842481796607
3556 0.252009146086795
3557 0.251943221715914
3558 0.251884430811787
3559 0.251851495891336
3560 0.251819430359527
3561 0.251811745360653
3562 0.251741088137210
3563 0.251679848725096
3564 0.251666713439759
3565 0.251653880540368
3566 0.251630126273032
3567 0.251564046742006
3568 0.251686713939652
3569 0.251760631961304
3570 0.251843475904099
3571 0.251773779710224
3572 0.251768926279779
3573 0.251709020679983
3574 0.251647922880294
3575 0.251588737151053
3576 0.251555061329915
3577 0.251619957029757
3578 0.251549640949747
3579 0.251571608537613
3580 0.251632127136872
3581 0.251565931257079
3582 0.251515427359128
3583 0.251487801393930
3584 0.251418408236507
3585 0.251356363542884
3586 0.251309812834180
3587 0.251341796532731
3588 0.251424991454842
3589 0.251355022139090
3590 0.251338041367305
3591 0.251321824560547
3592 0.251293547901080
3593 0.251224070907807
3594 0.251292378334448
3595 0.251473273122811
3596 0.251437025501725
3597 0.251414491919782
3598 0.251392765123385
3599 0.251326006752430
3600 0.251278160778234
3601 0.251460899700801
3602 0.251555957694076
3603 0.251488145685530
3604 0.251465322305324
3605 0.251421784240080
3606 0.251352429713432
3607 0.251285700865822
3608 0.251271609375184
3609 0.251264328407800
3610 0.251205088391518
3611 0.251136405342400
3612 0.251181029230066
3613 0.251150580347821
3614 0.251343720608717
3615 0.251283128627986
3616 0.251329864643879
3617 0.251394980247523
3618 0.251325499387826
3619 0.251309310159322
3620 0.251391236103190
3621 0.251356318398997
3622 0.251506053157897
3623 0.251441972602084
3624 0.251455836898434
3625 0.251391001638354
3626 0.251400302125828
3627 0.251334549320811
3628 0.251305170600313
3629 0.251236731462787
3630 0.251257743649589
3631 0.251340366045002
3632 0.251271440792827
3633 0.251323490849233
3634 0.251519728076781
3635 0.251630546013478
3636 0.251625206647542
3637 0.251558242042971
3638 0.251489098004976
3639 0.251523854584542
3640 0.251588863779997
3641 0.251519814368250
3642 0.251572791450863
3643 0.251507000056274
3644 0.251598934563325
3645 0.251550534991493
3646 0.251566680571610
3647 0.251603347185161
3648 0.251565159800787
3649 0.251690179820484
3650 0.251729393530455
3651 0.251660520479089
3652 0.251820709955423
3653 0.251799222448495
3654 0.251748019254591
3655 0.251733597320945
3656 0.251888559328822
3657 0.251819681774667
3658 0.251825702743014
3659 0.251757454589110
3660 0.251774703299242
3661 0.251718371483859
3662 0.251880916163628
3663 0.251812172295235
3664 0.251939785575150
3665 0.251872576991820
3666 0.251808692215101
3667 0.251741315693224
3668 0.251812887049552
3669 0.251794926319006
3670 0.251726379581151
3671 0.251825661715397
3672 0.251757490892785
3673 0.251689542164060
3674 0.251629695809414
3675 0.251783166481605
3676 0.251714717559279
3677 0.251878275847667
3678 0.251843056403529
3679 0.251894790692555
3680 0.251837101838257
3681 0.251833640913787
3682 0.251815165069004
3683 0.251748304691518
3684 0.251681869855605
3685 0.251617330399678
3686 0.251549067425763
3687 0.251519929756321
3688 0.251461036695967
3689 0.251410311168448
3690 0.251463788497186
3691 0.251468945755418
3692 0.251640920829230
3693 0.251574819220322
3694 0.251516265844437
3695 0.251637898900938
3696 0.251717322748508
3697 0.251652107673095
3698 0.251661070707308
3699 0.251593251681081
3700 0.251525640393962
3701 0.251506634285832
3702 0.251441740938820
3703 0.251433309349281
3704 0.251414557560217
3705 0.251499882659889
3706 0.251698286229069
3707 0.251635429927934
3708 0.251584519971888
3709 0.251516957088996
3710 0.251472243436658
3711 0.251424589737540
3712 0.251366040760172
3713 0.251548089232017
3714 0.251520113161085
3715 0.251658313167594
3716 0.251639214090328
3717 0.251615737828183
3718 0.251651678013248
3719 0.251584205730294
3720 0.251675694222688
3721 0.251626775391634
3722 0.251559170216941
3723 0.251624174316082
3724 0.251569757990460
3725 0.251579350385013
3726 0.251667971626635
3727 0.251612962861755
3728 0.251717771976311
3729 0.251837274975888
3730 0.251771331988505
3731 0.251774964646470
3732 0.251751893258705
3733 0.251686176751122
3734 0.251654780528362
3735 0.251840795584506
3736 0.251774182786040
3737 0.251707734130791
3738 0.251777001759375
3739 0.251712567633333
3740 0.251818549198019
3741 0.251931024597620
3742 0.251899169720502
3743 0.251925566206283
3744 0.251879908935371
3745 0.252044968773482
3746 0.252039325354520
3747 0.251977724435328
3748 0.251910565654034
3749 0.251872945885106
3750 0.251857331145866
3751 0.251796048898377
3752 0.251758281852522
3753 0.251691227959571
3754 0.251638007585760
3755 0.251617471486474
3756 0.251742089115851
3757 0.251786798637237
3758 0.251746838075870
3759 0.251705201321398
3760 0.251638268647509
3761 0.251572880500631
3762 0.251656820670041
3763 0.251735069041279
3764 0.251668550252523
3765 0.251622984604782
3766 0.251766589907315
3767 0.251953250906020
3768 0.252047065869820
3769 0.251980452927601
3770 0.252015955010587
3771 0.252086169859029
3772 0.252044835478377
3773 0.251983698612120
3774 0.252009554601063
3775 0.252004229011176
3776 0.252015739994146
3777 0.251995299244857
3778 0.252076393258071
3779 0.252014566546722
3780 0.252034194360915
3781 0.251967550823646
3782 0.251945838005370
3783 0.251879469347022
3784 0.251816740562804
3785 0.251757923992716
3786 0.251861918651506
3787 0.252023526075574
3788 0.252001257170325
3789 0.251960873224153
3790 0.251897337733767
3791 0.251832387917020
3792 0.251775420809098
3793 0.251709273382443
3794 0.251699949998863
3795 0.251695575655159
3796 0.251762773755029
3797 0.251703665205219
3798 0.251663605185418
3799 0.251657896312678
3800 0.251671931802127
3801 0.251685796314312
3802 0.251745236094277
3803 0.251679039772379
3804 0.251614309643626
3805 0.251555558208204
3806 0.251489467266944
3807 0.251424268746959
3808 0.251358247302055
3809 0.251421027546278
3810 0.251356081241276
3811 0.251466796537138
3812 0.251422783126210
3813 0.251359661888520
3814 0.251367230139296
3815 0.251341707907214
3816 0.251276467235896
3817 0.251212539310121
3818 0.251175787776222
3819 0.251349700756304
3820 0.251293455753329
3821 0.251362416934742
3822 0.251296955316910
3823 0.251269078350653
3824 0.251313921970005
3825 0.251316035102546
3826 0.251282585170755
3827 0.251216944058001
3828 0.251210262175684
3829 0.251276537287244
3830 0.251211459077311
3831 0.251315179312864
3832 0.251313391069710
3833 0.251420163721582
3834 0.251585649889096
3835 0.251674377713649
3836 0.251608770875568
3837 0.251770378914612
3838 0.251731505693309
3839 0.251673525090018
3840 0.251642093186354
3841 0.251645832763732
3842 0.251641880708886
3843 0.251576783309960
3844 0.251519194584356
3845 0.251453785838686
3846 0.251565579562350
3847 0.251556739900846
3848 0.251492212818145
3849 0.251517680877031
3850 0.251455179988232
3851 0.251450139357539
3852 0.251388316068241
3853 0.251439411461726
3854 0.251374536331505
3855 0.251341117342778
3856 0.251282689708715
3857 0.251352663450346
3858 0.251324007295895
3859 0.251259081028555
3860 0.251235999062130
3861 0.251370278942199
3862 0.251503316903457
3863 0.251544618463845
3864 0.251569212065390
3865 0.251590662789528
3866 0.251530351408363
3867 0.251471989169754
3868 0.251655162900866
3869 0.251593330929052
3870 0.251528333299089
3871 0.251463556315977
3872 0.251399017862218
3873 0.251334583222034
3874 0.251271876143200
3875 0.251447012765906
3876 0.251389859889112
3877 0.251350268344301
3878 0.251288614365058
3879 0.251230242430391
3880 0.251171640850856
3881 0.251259723216518
3882 0.251195173629698
3883 0.251307819189339
3884 0.251248029858502
3885 0.251194795412677
3886 0.251133892132189
3887 0.251069492971962
3888 0.251237715042053
3889 0.251227753960028
3890 0.251239692405992
3891 0.251290906784461
3892 0.251283759580494
3893 0.251293586384418
3894 0.251374688405691
3895 0.251313994158917
3896 0.251439469352484
3897 0.251375688952356
3898 0.251396522003019
3899 0.251345755683828
3900 0.251281435698469
3901 0.251217624103520
3902 0.251253670649459
3903 0.251221534373717
3904 0.251314291357175
3905 0.251252934144760
3906 0.251383642010051
3907 0.251344766423085
3908 0.251301438011607
3909 0.251272808732794
3910 0.251298599455751
3911 0.251291614412401
3912 0.251270495155861
3913 0.251261727800187
3914 0.251197658470235
3915 0.251253136418935
3916 0.251208237096347
3917 0.251190901037582
3918 0.251158851037296
3919 0.251102743847491
3920 0.251152097483979
3921 0.251088045071953
3922 0.251235905085815
3923 0.251171937951615
3924 0.251235188494242
3925 0.251171187627484
3926 0.251272530672003
3927 0.251221908001041
3928 0.251161118820202
3929 0.251099745922012
3930 0.251039666415887
3931 0.250975949104842
3932 0.250918784665644
3933 0.250927873228287
3934 0.250906638559436
3935 0.250881851481287
3936 0.250908292208956
3937 0.251066908320985
3938 0.251109538967270
3939 0.251094225101313
3940 0.251111540098087
3941 0.251049886330625
3942 0.250993521261313
3943 0.250971540405944
3944 0.251119962268618
3945 0.251299762916985
3946 0.251237965483069
3947 0.251180827853589
3948 0.251205127704930
3949 0.251158577934407
3950 0.251269087207077
3951 0.251206561834166
3952 0.251224012476396
3953 0.251160503503444
3954 0.251106715566549
3955 0.251289460739964
3956 0.251226231340076
3957 0.251162747136260
3958 0.251099296249651
3959 0.251036392631905
3960 0.251053764462426
3961 0.251183074222447
3962 0.251319607266690
3963 0.251274072313441
3964 0.251276752813868
3965 0.251347774847414
3966 0.251315065015397
3967 0.251253567196872
3968 0.251273555060785
3969 0.251217831854879
3970 0.251244030891984
3971 0.251188482370708
3972 0.251125290497945
3973 0.251095221447501
3974 0.251032045436819
3975 0.250969257250116
3976 0.250930112510694
3977 0.251116488421793
3978 0.251074267906916
3979 0.251032390267983
3980 0.250969633865609
3981 0.251072453660919
3982 0.251024240903451
3983 0.251025024366075
3984 0.251059665314805
3985 0.251091391845616
3986 0.251188013837254
3987 0.251164729695539
3988 0.251141544648262
3989 0.251146455028030
3990 0.251091493715483
3991 0.251060896558594
3992 0.251002460217737
3993 0.250942938577546
3994 0.250977098598808
3995 0.250926941847779
3996 0.250864458849369
3997 0.250852324249416
3998 0.250834642316688
3999 0.250799338091286
4000 0.250864559171494
4001 0.250807991610937
4002 0.250870013949729
4003 0.250884272627357
4004 0.250864668496592
4005 0.250823495718414
4006 0.250932686304680
4007 0.250877045662312
4008 0.250814675562199
4009 0.250815414634764
4010 0.250881846943345
4011 0.250821518682017
4012 0.250823832563331
4013 0.250981560138381
4014 0.250919036009529
4015 0.250953472352297
4016 0.251073058672353
4017 0.251010556836155
4018 0.250980623655815
4019 0.251009437984769
4020 0.250947269140667
4021 0.251061383487089
4022 0.251095712370386
4023 0.251065918486440
4024 0.251225573144243
4025 0.251164739225084
4026 0.251173014372436
4027 0.251324173120938
4028 0.251347059787936
4029 0.251524385100629
4030 0.251570523248962
4031 0.251522584303737
4032 0.251460211814011
4033 0.251575671964701
4034 0.251513308146925
4035 0.251523070399031
4036 0.251462209337270
4037 0.251646858390132
4038 0.251741228031349
4039 0.251679317835595
4040 0.251775073465579
4041 0.251889502061538
4042 0.251833465592954
4043 0.251824824549078
4044 0.251768812250592
4045 0.251782103606251
4046 0.251836338276821
4047 0.251796895642294
4048 0.251736576010140
4049 0.251874151659777
4050 0.251817380687241
4051 0.251789059629465
4052 0.251848348411999
4053 0.251895438652213
4054 0.251838060124623
4055 0.251776576379983
4056 0.251836204100934
4057 0.251881737407906
4058 0.251908386858167
4059 0.251847278261576
4060 0.251803251407913
4061 0.251741246978255
4062 0.251679391183907
4063 0.251810351209848
4064 0.251763170227512
4065 0.251701711431937
4066 0.251649313129116
4067 0.251592545343027
4068 0.251728168871654
4069 0.251667775339719
4070 0.251822693228695
4071 0.251803846440266
4072 0.251845928936338
4073 0.251900429330312
4074 0.252023645572552
4075 0.252020110743091
4076 0.251958379436699
4077 0.251896579957337
4078 0.251905310758150
4079 0.251968352493453
4080 0.251964363357382
4081 0.251928667655016
4082 0.251868319758168
4083 0.252010336710557
4084 0.252001779580703
4085 0.251944258164762
4086 0.252080245584946
4087 0.252032973971224
4088 0.252071440050623
4089 0.252224039436565
4090 0.252334796736448
4091 0.252508887215946
4092 0.252451518984870
4093 0.252462078794351
4094 0.252435314449216
4095 0.252373800313263
4096 0.252475757874834
