1 0.604064941406250
2 0.763565063476562
3 0.554779052734375
4 0.648239135742188
5 0.641430664062500
6 0.586135864257812
7 0.538099016462054
8 0.582138061523438
9 0.619160970052083
10 0.634878540039063
11 0.657884077592330
12 0.611740112304688
13 0.610933743990385
14 0.623855590820312
15 0.608607991536458
16 0.588607788085938
17 0.569612390854779
18 0.556018405490451
19 0.559135035464638
20 0.564303588867187
21 0.537545340401786
22 0.551490090110085
23 0.566293467646060
24 0.582056681315104
25 0.574978027343750
26 0.565125685471755
27 0.546754059968171
28 0.539858136858259
29 0.540813577586207
30 0.530024210611979
31 0.528744605279738
32 0.531234741210938
33 0.517668752959280
34 0.517385146197151
35 0.531160191127232
36 0.542173597547743
37 0.528785499366554
38 0.532245033665707
39 0.542708176832933
40 0.529891967773438
41 0.518213783822409
42 0.521174112955729
43 0.512693183366642
44 0.504096291281960
45 0.497119140625000
46 0.506392105765965
47 0.516720386261636
48 0.525945027669271
49 0.516388562260842
50 0.515508422851563
51 0.511087455001532
52 0.515182495117188
53 0.519565798201651
54 0.523970427336516
55 0.521623646129261
56 0.514929635184152
57 0.520866527891996
58 0.524774485620959
59 0.518424858481197
60 0.517225138346354
61 0.516433465676229
62 0.522804998582409
63 0.528784857855903
64 0.525863647460938
65 0.520666503906250
66 0.516080451734138
67 0.515643674935867
68 0.508820477653952
69 0.502959762794384
70 0.497715105329241
71 0.494306967292033
72 0.491534762912326
73 0.495922349903682
74 0.497785001187711
75 0.491815185546875
76 0.489155819541530
77 0.488049792004870
78 0.484106993063902
79 0.480681600449960
80 0.484115600585938
81 0.483998993296682
82 0.487180012028392
83 0.488416924534074
84 0.493442353748140
85 0.489020852481618
86 0.492584583371185
87 0.492932199061602
88 0.492716008966619
89 0.497590825798806
90 0.495409138997396
91 0.499373886611435
92 0.501165638799253
93 0.506478914650538
94 0.508865356445312
95 0.513337466591283
96 0.510075887044271
97 0.514276563506765
98 0.509569129165338
99 0.510473694464173
100 0.508375854492187
101 0.511134988010520
102 0.513343661439185
103 0.510264276300819
104 0.511938241811899
105 0.508944266183036
106 0.511218088977742
107 0.511754401376314
108 0.512293497721354
109 0.509821620556193
110 0.510299127752131
111 0.506244006457629
112 0.507762363978795
113 0.507841127108684
114 0.504634656404194
115 0.504721732761549
116 0.502285135203394
117 0.498955620659722
118 0.502850807319253
119 0.500942454618566
120 0.504485066731771
121 0.505479544647469
122 0.509368646340292
123 0.506749843194233
124 0.502719509986139
125 0.499871093750000
126 0.501262119838170
127 0.501983642578125
128 0.499496459960938
129 0.497733182685320
130 0.494003765399639
131 0.492800880024451
132 0.494179003166430
133 0.491175142445959
134 0.490957459407066
135 0.492962194372106
136 0.490800745346967
137 0.488738790915830
138 0.492379672285439
139 0.493960812795076
140 0.497398594447545
141 0.498883186502660
142 0.495857131313270
143 0.496108902084244
144 0.497678968641493
145 0.495513284617457
146 0.496672538861836
147 0.493732270740327
148 0.494846240894215
149 0.496443575660654
150 0.494778442382812
151 0.495830813780526
152 0.495879323858964
153 0.498834747114992
154 0.500684267514712
155 0.498378630607359
156 0.498227241711739
157 0.500933021496815
158 0.502474434768097
159 0.504830414394163
160 0.503500366210938
161 0.501935307283579
162 0.499441076208044
163 0.500663710518117
164 0.498670252358041
165 0.495813358191288
166 0.494709612375282
167 0.497448036056793
168 0.499479021344866
169 0.501517933501294
170 0.500670130112592
171 0.500553421109741
172 0.500582317973292
173 0.502287583544075
174 0.503429719771462
175 0.504144635881696
176 0.506354592063210
177 0.506181102688030
178 0.505091463581900
179 0.503606359385911
180 0.502031453450521
181 0.504660927788329
182 0.505513117863582
183 0.506338817825734
184 0.504703024159307
185 0.506819771431588
186 0.507924890005460
187 0.509082325002089
188 0.506733671147773
189 0.505768952546296
190 0.508048127826891
191 0.509504707695926
192 0.509587605794271
193 0.511382582274126
194 0.510333346337387
195 0.511234381260016
196 0.512696246711575
197 0.513062762730013
198 0.511926978525489
199 0.513211044234846
200 0.513661499023437
201 0.511627349094372
202 0.513295541895498
203 0.515073729266087
204 0.513337079216452
205 0.513318168826220
206 0.513048931232934
207 0.512262316717618
208 0.510708148662861
209 0.510143225272877
210 0.508117239815848
211 0.505894231570275
212 0.507784573536999
213 0.509382221060739
214 0.507926441798700
215 0.506887462527253
216 0.504691229926215
217 0.504529258622552
218 0.505729045342962
219 0.507668273089683
220 0.508930275656960
221 0.508214613970588
222 0.507088188652520
223 0.506251176911085
224 0.507936750139509
225 0.506059299045139
226 0.506664309881430
227 0.505746580955741
228 0.505926567211486
229 0.507068883904203
230 0.506554512355639
231 0.505261573956642
232 0.505208508721713
233 0.507291474567462
234 0.507109943618122
235 0.508751272647939
236 0.510583134020789
237 0.512008216310654
238 0.511284195074514
239 0.512060827789945
240 0.512468465169271
241 0.514220178374611
242 0.516153761178009
243 0.515938590092914
244 0.516767408027024
245 0.516058972417092
246 0.517460892840130
247 0.517541923986273
248 0.519425422914567
249 0.520021247097766
250 0.521720336914062
251 0.522675533218688
252 0.523093813941592
253 0.521034693058300
254 0.521749060923659
255 0.521583826401654
256 0.520980834960938
257 0.522611269227262
258 0.520983910375787
259 0.521040515089587
260 0.520655001126803
261 0.520863733985872
262 0.521220549372316
263 0.520277944354503
264 0.520229917584044
265 0.520158415020637
266 0.518977459211995
267 0.519042625855864
268 0.520263899618120
269 0.521349144690985
270 0.520701655635127
271 0.521247328867332
272 0.519903743968290
273 0.518371582031250
274 0.516496533024920
275 0.516486261541193
276 0.516987012780231
277 0.516793261366200
278 0.517268887526697
279 0.516903784967238
280 0.515278407505580
281 0.515192106525245
282 0.514246406284630
283 0.513197935933359
284 0.513488984443772
285 0.512664473684211
286 0.511822360378879
287 0.510958149873421
288 0.512571546766493
289 0.512249481306769
290 0.512854530071390
291 0.512459666458602
292 0.512142442677119
293 0.510420971763012
294 0.511966938875159
295 0.513498390327066
296 0.513950244800464
297 0.514364634298716
298 0.512880978168257
299 0.513857736236674
300 0.515066935221354
301 0.514688181322674
302 0.514567899388193
303 0.513745097043884
304 0.514774523283306
305 0.516016625576332
306 0.514827254550909
307 0.513764222980710
308 0.514421537324980
309 0.513431289820995
310 0.513588296213458
311 0.514889732434435
312 0.514085427308694
313 0.515443844536242
314 0.515959041133808
315 0.515268961588542
316 0.515817569780953
317 0.514757800177445
318 0.516177291390281
319 0.516668815971542
320 0.517269897460938
321 0.517290822442076
322 0.516919343367867
323 0.518059698051712
324 0.518139309353299
325 0.516746168870192
326 0.516512350070696
327 0.515786547179616
328 0.516994197194169
329 0.516631801802337
330 0.515258511629972
331 0.515812069987963
332 0.514354476009507
333 0.514656502205330
334 0.515316809008935
335 0.515232097568797
336 0.515551612490699
337 0.514943470940746
338 0.514675975551267
339 0.514598115003918
340 0.515739710190717
341 0.515923911175770
342 0.516170300935444
343 0.514800313610377
344 0.515022100404251
345 0.513565549988678
346 0.512748674161172
347 0.511284380206457
348 0.512419777354975
349 0.512975129835244
350 0.513753749302455
351 0.514304745231259
352 0.514455621892756
353 0.513716311360216
354 0.512922297763286
355 0.514287470428037
356 0.515070025840502
357 0.515722451089811
358 0.514396710102785
359 0.513575561863466
360 0.512986585828993
361 0.513735953460440
362 0.512813083374698
363 0.511998284289988
364 0.511449289845896
365 0.511291336686644
366 0.510214133340804
367 0.509732945413615
368 0.509824669879416
369 0.509398587027862
370 0.510243431297508
371 0.509981551260318
372 0.509186611380628
373 0.509359487579591
374 0.510038406453668
375 0.510809488932292
376 0.509565962121842
377 0.510099618441230
378 0.511156596834697
379 0.510693633147469
380 0.510005428916530
381 0.510917763697507
382 0.511490826831438
383 0.511111824693008
384 0.511215209960938
385 0.511466524198458
386 0.510640435885889
387 0.511219823083212
388 0.510332402494765
389 0.509163432378695
390 0.509823764898838
391 0.510527627852262
392 0.511307385503029
393 0.512027342507554
394 0.511795973414697
395 0.511413187920293
396 0.511933451951152
397 0.512955442183564
398 0.513234124111770
399 0.513966113403626
400 0.514154663085937
401 0.512921340447709
402 0.512502262248329
403 0.513619851237787
404 0.513959374758277
405 0.513168824749228
406 0.512031367259660
407 0.511208499093021
408 0.511476105334712
409 0.510308673737393
410 0.510803892554306
411 0.510270909961413
412 0.510772556934542
413 0.511070861077482
414 0.511766737785892
415 0.512101065394390
416 0.512454693134014
417 0.512634570078312
418 0.512072184439481
419 0.511081959581034
420 0.511450631277902
421 0.512583100597536
422 0.512831195270846
423 0.513924889530696
424 0.513787899377211
425 0.513590734145221
426 0.514232725044931
427 0.513330892880013
428 0.512710286078052
429 0.511530380426865
430 0.510935441837754
431 0.511842732086536
432 0.512417828595197
433 0.511954010221204
434 0.513059906146493
435 0.512196999034662
436 0.511509186630949
437 0.511343041601116
438 0.511235973062036
439 0.510481571553780
440 0.510054432262074
441 0.511125145044997
442 0.511421376224017
443 0.512237135497496
444 0.511781022355363
445 0.510710366924157
446 0.511792854343295
447 0.511900012125105
448 0.512749808175223
449 0.512035344385092
450 0.511980862087674
451 0.511032950323067
452 0.510543823242188
453 0.510621734012831
454 0.510802886559575
455 0.511418470445570
456 0.510780468321683
457 0.511174241614811
458 0.510665760290154
459 0.510691989740775
460 0.511544799804687
461 0.511997843512744
462 0.510916771826806
463 0.511160271729043
464 0.510179716965248
465 0.509574118993616
466 0.510120899380533
467 0.511036058054236
468 0.511864686623598
469 0.511432184085155
470 0.510349419776430
471 0.510981339051718
472 0.510215888589115
473 0.510311586408232
474 0.510702849440434
475 0.509793701171875
476 0.508780471417082
477 0.507843209512579
478 0.507435243997614
479 0.506571855326037
480 0.506039428710938
481 0.505863562443152
482 0.506520441458928
483 0.506914348088930
484 0.505947522880617
485 0.506406300338273
486 0.506791165826743
487 0.506225523273069
488 0.505413868388192
489 0.505559191869568
490 0.506352950115593
491 0.506424043426203
492 0.506783462152248
493 0.505875717070233
494 0.506662160278814
495 0.507598876953125
496 0.507537349577873
497 0.508066588004590
498 0.508375359347546
499 0.508082632550257
500 0.508487182617188
501 0.509077304375624
502 0.509389140216478
503 0.508497537722881
504 0.507690671890501
505 0.508177864905631
506 0.508901784542521
507 0.509692731928778
508 0.510402529258428
509 0.510800704506385
510 0.511283784754136
511 0.510778438321765
512 0.511215209960938
513 0.510756583706445
514 0.510312388379286
515 0.511135242054763
516 0.511914038842963
517 0.511960765609889
518 0.512746626806075
519 0.512330453979257
520 0.511585176908053
521 0.510770654952915
522 0.511010005556304
523 0.510386304691234
524 0.510535436732168
525 0.509607049851190
526 0.510351550896358
527 0.511170649664226
528 0.510246045661695
529 0.511053824469813
530 0.511380695846846
531 0.511193744206833
532 0.511448795634105
533 0.512223292023335
534 0.512113706895921
535 0.512911331319363
536 0.512288335543960
537 0.512408776878201
538 0.511787556361089
539 0.511517016918628
540 0.512121695059317
541 0.513003985674677
542 0.512659896343836
543 0.511784337502158
544 0.511473711799173
545 0.511921341922305
546 0.512572403792497
547 0.513091259944156
548 0.513819228123574
549 0.514647770449112
550 0.514202270507813
551 0.515060674040806
552 0.514606641686481
553 0.514079254315947
554 0.514057310910001
555 0.513947962855434
556 0.514136554525911
557 0.514312251037926
558 0.513449774848090
559 0.513494938558671
560 0.513817051478795
561 0.514201607933656
562 0.514766652388929
563 0.514006701074739
564 0.514351378095911
565 0.514625751866704
566 0.514364559321858
567 0.514236530929646
568 0.514002195546325
569 0.513143153936456
570 0.513307645028098
571 0.513191557181069
572 0.513921670980387
573 0.514579413448953
574 0.513719246362560
575 0.513602188773777
576 0.512842814127604
577 0.513444341861189
578 0.513554926149573
579 0.513157925251646
580 0.512335310311153
581 0.511498771312930
582 0.511900334833414
583 0.511541350219098
584 0.511571387722068
585 0.512378451355502
586 0.512345610218243
587 0.512063801390146
588 0.512509404396524
589 0.513041420177207
590 0.512663191455906
591 0.513082333224276
592 0.513042965450802
593 0.512424925728552
594 0.511737707889441
595 0.511527591993829
596 0.512170881232959
597 0.511379120537584
598 0.511201022859401
599 0.511298687509782
600 0.511626993815104
601 0.510939510808808
602 0.510357574767053
603 0.509765068294595
604 0.509167096472734
605 0.509015043904959
606 0.509561519811649
607 0.509513792135374
608 0.510212948447780
609 0.510343003547055
610 0.510182315013448
611 0.509995430854260
612 0.509627896975848
613 0.509953011890803
614 0.509685653040386
615 0.509252086112170
616 0.509916825727983
617 0.509689157940387
618 0.509850412510745
619 0.510424932871188
620 0.509689331054688
621 0.509939000226449
622 0.510199102174814
623 0.510354570171424
624 0.510194827348758
625 0.509680175781250
626 0.509667393498527
627 0.509351374429949
628 0.508869049655404
629 0.508115055830187
630 0.508210052005828
631 0.507915950237099
632 0.507366132132615
633 0.507823202847305
634 0.508346076267375
635 0.508307942067544
636 0.508281299902958
637 0.508375901442308
638 0.508808721942961
639 0.508231197351208
640 0.508871459960938
641 0.509550145189401
642 0.509336334894008
643 0.508751520658170
644 0.508984962605541
645 0.508221482860950
646 0.507545258607658
647 0.508010368995725
648 0.507895198869116
649 0.507698423506115
650 0.508225895808293
651 0.507459086756552
652 0.507385721967264
653 0.506805653593989
654 0.506303746401352
655 0.505650970226026
656 0.505576156988377
657 0.506108810912529
658 0.505376334610681
659 0.505916473898070
660 0.506124138109612
661 0.506348948976456
662 0.506877196159248
663 0.507169329382895
664 0.507516332419522
665 0.506933501967810
666 0.507137859905804
667 0.507037481625398
668 0.507714277256035
669 0.507470922085202
670 0.507987907751283
671 0.507862665258825
672 0.507146199544271
673 0.507764705754318
674 0.507689750512913
675 0.507671847873264
676 0.507154746873844
677 0.507807631612352
678 0.508418485478314
679 0.509140846128843
680 0.508499504538143
681 0.507776201559058
682 0.507349500907831
683 0.507745164728793
684 0.508450067531296
685 0.508025276573905
686 0.508466047726289
687 0.507981257320665
688 0.508154935615007
689 0.507631520574429
690 0.507869156547215
691 0.507186470086944
692 0.506749059423546
693 0.507316292106331
694 0.506973090707740
695 0.507255850592963
696 0.507158827507633
697 0.506529010351282
698 0.506622445617501
699 0.505928050465509
700 0.505993739536830
701 0.506336511456847
702 0.505683877189614
703 0.505438423428054
704 0.505089499733665
705 0.505121845218307
706 0.505351425905741
707 0.505319684364502
708 0.505710666462526
709 0.505712167500441
710 0.506264055278939
711 0.506697342197939
712 0.507162201270628
713 0.506838933615664
714 0.507120640004048
715 0.506650740616805
716 0.506844206229269
717 0.507436244225070
718 0.507519522749282
719 0.508061351961818
720 0.508638170030382
721 0.508022186660237
722 0.507933598145884
723 0.508387268826180
724 0.508915769461110
725 0.509275828394397
726 0.509686220447551
727 0.509441013677248
728 0.509107820280306
729 0.509289316352666
730 0.509448451212008
731 0.509062468271738
732 0.508735448284879
733 0.509095487295362
734 0.508902609510708
735 0.509390238028805
736 0.509538070015285
737 0.509874361988000
738 0.509186411291603
739 0.508626233257041
740 0.508656682194890
741 0.508900589627615
742 0.509559939813742
743 0.509217006842509
744 0.509510163337954
745 0.509044263186871
746 0.508796466898982
747 0.508369292600088
748 0.508258431990516
749 0.507940600488151
750 0.507862101236979
751 0.507510453184816
752 0.507293376516789
753 0.507425133450573
754 0.507205103057133
755 0.506878662109375
756 0.507137480236235
757 0.506817715643577
758 0.506769547676348
759 0.506871762483016
760 0.506493016293174
761 0.506930818695590
762 0.507320894656845
763 0.506732465711521
764 0.506216398708483
765 0.506108940972222
766 0.506508092656148
767 0.505882253236534
768 0.505355834960938
769 0.505494354605210
770 0.505438034255783
771 0.505213756041768
772 0.505084181078975
773 0.505073734890443
774 0.504710234412851
775 0.504472144342238
776 0.504778203276015
777 0.504994906667270
778 0.504429873586620
779 0.504851981519275
780 0.504628734099559
781 0.504282307838508
782 0.504220440564558
783 0.503851645751018
784 0.504344395228795
785 0.504687266744626
786 0.504508253878916
787 0.504261797234852
788 0.504432871862111
789 0.504281743850998
790 0.503970491433445
791 0.503917785721693
792 0.503655481820155
793 0.503856298150812
794 0.503357586992778
795 0.503371482225334
796 0.502839898344260
797 0.503087750941029
798 0.502935003218495
799 0.503320152082193
800 0.503578491210937
801 0.503063873405314
802 0.502495325711600
803 0.502112173648136
804 0.501990398957362
805 0.502521623883929
806 0.502610691723693
807 0.502001037975817
808 0.502470866288289
809 0.502849640156636
810 0.503378974066840
811 0.502883817058897
812 0.502709073973407
813 0.503102958275677
814 0.503206932573998
815 0.503585983931653
816 0.503656424728094
817 0.503732109303282
818 0.503741537154741
819 0.504329583583734
820 0.504568928044017
821 0.504113070712165
822 0.503708405506292
823 0.504269160737678
824 0.504261942743098
825 0.503785437381629
826 0.503825153046024
827 0.503935955744124
828 0.503536279650702
829 0.503654746871230
830 0.503138935135072
831 0.502798032244190
832 0.502726628230168
833 0.502358243101928
834 0.502663628374644
835 0.502878556851141
836 0.502908880060369
837 0.503487535702285
838 0.502946257306738
839 0.502735415289314
840 0.502311052594866
841 0.502391112120058
842 0.502890435080630
843 0.503474623565855
844 0.503489779070090
845 0.502937488443047
846 0.503341314076814
847 0.502786971883763
848 0.502615010963296
849 0.503180226392263
850 0.503510490866268
851 0.503253905389340
852 0.503704447141835
853 0.503700605171087
854 0.503356183161501
855 0.502876397740771
856 0.503253259391428
857 0.502881186984940
858 0.502400324894832
859 0.502166463831945
860 0.502036941883176
861 0.501602651350174
862 0.502058874426751
863 0.501771469381427
864 0.501540007414641
865 0.502029965792088
866 0.502133869409011
867 0.502471008652772
868 0.502787576842418
869 0.502979836063363
870 0.503149378984824
871 0.502877656956354
872 0.502915548622061
873 0.503433839288910
874 0.502902487049932
875 0.502915073939732
876 0.503250261419984
877 0.503674914926596
878 0.503359123351634
879 0.503788172317175
880 0.503531438654119
881 0.502987674362408
882 0.502623023900315
883 0.502291583258865
884 0.501948084766509
885 0.501940849002472
886 0.501794922701661
887 0.502183056200236
888 0.501930168083122
889 0.502358401183739
890 0.502658012475860
891 0.502803815334333
892 0.503062500547401
893 0.502812128184491
894 0.503188404194194
895 0.503646526656337
896 0.503402709960938
897 0.503153483072917
898 0.503207846048946
899 0.503239581794442
900 0.502848510742188
901 0.503375291559725
902 0.503234152783311
903 0.503598133986971
904 0.503096994045561
905 0.503608627740849
906 0.503362087224493
907 0.503531997495607
908 0.503199707569005
909 0.503019662317794
910 0.503272658128005
911 0.503106796649887
912 0.502910145542078
913 0.503116670339027
914 0.503336265780994
915 0.503616516446807
916 0.503760125439240
917 0.503336899153149
918 0.503508357960155
919 0.503204212873623
920 0.503586346170177
921 0.503263094526160
922 0.503338431070787
923 0.503430830437856
924 0.503103875494623
925 0.502620354729730
926 0.503058711601900
927 0.502728969405256
928 0.502611357590248
929 0.502349492166476
930 0.502494204941616
931 0.502914772894149
932 0.503072910554419
933 0.503509161684419
934 0.503212742938219
935 0.502698439327791
936 0.502898778670873
937 0.503004401826808
938 0.503157333016141
939 0.503075190372487
940 0.503318819086602
941 0.503239209036265
942 0.503092545106406
943 0.503035026542202
944 0.503026154081700
945 0.503534549127811
946 0.503373611805051
947 0.503828940950452
948 0.503504950285964
949 0.503354553930124
950 0.502902414422286
951 0.502612221253532
952 0.502669262284992
953 0.502303516752197
954 0.502302605650960
955 0.501954307356430
956 0.502259896888892
957 0.502212827357628
958 0.501795981771513
959 0.501383856016603
960 0.501514689127604
961 0.501891708770974
962 0.502250338294650
963 0.502644001137802
964 0.502407153117706
965 0.502371200008096
966 0.502060505173962
967 0.502407669651225
968 0.502358554808562
969 0.502730331184694
970 0.502353974961743
971 0.502680675376947
972 0.502562032314976
973 0.502191745487539
974 0.501801320414768
975 0.501461557241587
976 0.501757762471183
977 0.502165842202693
978 0.501778912690520
979 0.502016498070815
980 0.502405470244738
981 0.502128702177306
982 0.502240493681183
983 0.502599209759267
984 0.502478746863885
985 0.502707048600095
986 0.502760231374002
987 0.502631530452523
988 0.502640882484343
989 0.502621611160263
990 0.502540388010969
991 0.502679849849820
992 0.503166444839970
993 0.502753712019291
994 0.502430875536422
995 0.502422052891410
996 0.501941052785360
997 0.502089887827545
998 0.501890224540879
999 0.501666308642627
1000 0.501509155273438
1001 0.501755751572646
1002 0.502007368320001
1003 0.502342490351212
1004 0.502009114421221
1005 0.501988349269279
1006 0.501493086160770
1007 0.501508695721745
1008 0.501220945328001
1009 0.501162692505730
1010 0.500687491539681
1011 0.500349699448643
1012 0.500541777478848
1013 0.500764355372347
1014 0.500541702059834
1015 0.500154752684344
1016 0.499993391863004
1017 0.500411882278607
1018 0.500641198898345
1019 0.500352823933161
1020 0.500209972905178
1021 0.499852224381734
1022 0.500211025170851
1023 0.500504002426610
1024 0.500473022460938
1025 0.500909453601372
1026 0.501046788622761
1027 0.501270654487053
1028 0.501655964535962
1029 0.501613487191752
1030 0.501639505034511
1031 0.501486244534660
1032 0.501348332841267
1033 0.501113817744888
1034 0.501107988781809
1035 0.501089226911609
1036 0.500675923115498
1037 0.500622240763621
1038 0.500150147660390
1039 0.500139311716118
1040 0.500386634239784
1041 0.500491388707523
1042 0.500052981092925
1043 0.499773912438953
1044 0.499899853235004
1045 0.500231174304725
1046 0.499813247593138
1047 0.500277339785921
1048 0.500194403961415
1049 0.500431435351376
1050 0.499990612211682
1051 0.500145561007746
1052 0.499976618661627
1053 0.499892420465337
1054 0.499831690055369
1055 0.499911571339973
1056 0.499511256362453
1057 0.499442945929665
1058 0.499185226815409
1059 0.499274062029701
1060 0.499648702369546
1061 0.500017142767731
1062 0.500373998379752
1063 0.499935318811368
1064 0.499934261006520
1065 0.499835577593163
1066 0.499705617020770
1067 0.499940423509621
1068 0.499568924921729
1069 0.499133289362138
1070 0.498799917631060
1071 0.498414083243975
1072 0.498348634634445
1073 0.498258308062238
1074 0.497972342777075
1075 0.498331242051235
1076 0.498511956083730
1077 0.498598061564241
1078 0.499041074282163
1079 0.499031441646997
1080 0.499139291268808
1081 0.498859867798190
1082 0.498829755236613
1083 0.499056040305070
1084 0.498978674631717
1085 0.498806973646313
1086 0.498467573583894
1087 0.498922788449790
1088 0.499209235696232
1089 0.499239162308454
1090 0.499640536527021
1091 0.499256417250874
1092 0.498817918938158
1093 0.499229047239536
1094 0.499096830322712
1095 0.498960200618935
1096 0.499201530957744
1097 0.498888292199607
1098 0.498754977311376
1099 0.498886955337594
1100 0.498668379350142
1101 0.498440471375454
1102 0.498350472285830
1103 0.498177217983270
1104 0.497929006383039
1105 0.498219043852517
1106 0.498187735973172
1107 0.497903549897315
1108 0.498247773208343
1109 0.498665371921495
1110 0.498228963216146
1111 0.498335487235247
1112 0.498735057364265
1113 0.498529836923714
1114 0.498100267064422
1115 0.498057084019409
1116 0.498177969327537
1117 0.498483137029991
1118 0.498886599736905
1119 0.498465312177097
1120 0.498617553710938
1121 0.498405844478284
1122 0.498649420372730
1123 0.498377133349914
1124 0.498173452356956
1125 0.498291341145833
1126 0.498697094553106
1127 0.498511841578513
1128 0.498205631337267
1129 0.498243820149884
1130 0.498217692417381
1131 0.497920730280518
1132 0.497956778051154
1133 0.497593717246801
1134 0.497843720505057
1135 0.497540713406870
1136 0.497230422328895
1137 0.497549843767178
1138 0.497869266986009
1139 0.497527325959243
1140 0.497258290073328
1141 0.497660764782811
1142 0.497380271684476
1143 0.497268396412607
1144 0.497178831300535
1145 0.497590523932178
1146 0.497766012088583
1147 0.498012951798510
1148 0.498429089057736
1149 0.498857277387946
1150 0.499200784434443
1151 0.499363638234076
1152 0.499496459960938
1153 0.499597316189424
1154 0.499798409447100
1155 0.500171030548228
1156 0.500294985655682
1157 0.500673655095344
1158 0.500829166287173
1159 0.501135048524792
1160 0.501278686523438
1161 0.501322428385417
1162 0.501501953335104
1163 0.501333772982387
1164 0.501714070638021
1165 0.501755926435086
1166 0.501572545151359
1167 0.501678832903211
1168 0.501412796647581
1169 0.501435031026117
1170 0.501334244165665
1171 0.501468205635208
1172 0.501575613184594
1173 0.501639571844363
1174 0.501608723473102
1175 0.501817938622008
1176 0.502217714478369
1177 0.502038947585891
1178 0.502039263325353
1179 0.502238602836421
1180 0.502188834497484
1181 0.502412878386960
1182 0.502802737473231
1183 0.503198360852639
1184 0.503415906751478
1185 0.503493425715322
1186 0.503757444642245
1187 0.503579452244695
1188 0.503275502009022
1189 0.503584801599296
1190 0.503608126600249
1191 0.503223717062539
1192 0.503059438411021
1193 0.502795185047543
1194 0.502437853533619
1195 0.502079715489344
1196 0.502056466297162
1197 0.502171158690998
1198 0.502519738097024
1199 0.502703032760047
1200 0.502585652669271
1201 0.502849442277919
1202 0.502456868151063
1203 0.502731640340880
1204 0.502470960648749
1205 0.502735894547458
1206 0.503047481302796
1207 0.503252384972750
1208 0.503393817421616
1209 0.503175998937009
1210 0.503116450033897
1211 0.502963682721214
1212 0.502578634633483
1213 0.502302932424773
1214 0.502018961521507
1215 0.502330061045203
1216 0.502734535618832
1217 0.502485590286694
1218 0.502094863866546
1219 0.501912493310667
1220 0.502129376520876
1221 0.502069196771345
1222 0.502073172461577
1223 0.502366821588499
1224 0.502015257193372
1225 0.501971609933036
1226 0.502024938387350
1227 0.501997222527315
1228 0.501693924397521
1229 0.501573107900224
1230 0.501715410434134
1231 0.501668500861533
1232 0.501795186624899
1233 0.501985449377154
1234 0.502229736921660
1235 0.502335471952492
1236 0.502637301448094
1237 0.502790249058963
1238 0.502720624834347
1239 0.502620201326359
1240 0.502619097309728
1241 0.502869439259544
1242 0.502854916976462
1243 0.502872065009365
1244 0.503073983637083
1245 0.502826148343373
1246 0.502805339390738
1247 0.502734272214252
1248 0.502613947941707
1249 0.502555218002527
1250 0.502442407226563
1251 0.502753876000762
1252 0.502764083326053
1253 0.502850677904280
1254 0.502934141022167
1255 0.502773743891621
1256 0.503139131388087
1257 0.503004803957215
1258 0.502750875839937
1259 0.502738025474397
1260 0.503061106848338
1261 0.503211001003668
1262 0.503254764998205
1263 0.503482314205698
1264 0.503146207785305
1265 0.502968528053977
1266 0.503124869830236
1267 0.502773245771569
1268 0.502918472049364
1269 0.502669482460353
1270 0.502336420975332
1271 0.502437828658229
1272 0.502399276637431
1273 0.502013680697049
1274 0.502140470352053
1275 0.502025242225797
1276 0.502099542408528
1277 0.502368756729640
1278 0.502696507413622
1279 0.502751759759517
1280 0.503012084960938
1281 0.502840922085407
1282 0.503089488203552
1283 0.502798221674359
1284 0.502710027486736
1285 0.502644793439932
1286 0.502901756559523
1287 0.502796211627999
1288 0.503163876740829
1289 0.503429096183451
1290 0.503755720271621
1291 0.503466309917518
1292 0.503707507815523
1293 0.503825247426044
1294 0.503872737265444
1295 0.504072317469534
1296 0.504165272653839
1297 0.504119943634951
1298 0.504288848265661
1299 0.503983330965226
1300 0.504075223482572
1301 0.503923795848146
1302 0.504203245570216
1303 0.504207046052079
1304 0.504227246243530
1305 0.504480541711566
1306 0.504834886349361
1307 0.505069350320689
1308 0.505114867417455
1309 0.504822383498854
1310 0.504811503868977
1311 0.504699171635143
1312 0.504653186332889
1313 0.504850133356935
1314 0.504775257778313
1315 0.505145542159280
1316 0.505056966764224
1317 0.505320022571422
1318 0.505075990158799
1319 0.504736656669056
1320 0.504442157167377
1321 0.504802741397970
1322 0.505019218225522
1323 0.504938842127563
1324 0.505195963418736
1325 0.504999447228774
1326 0.505144329272424
1327 0.505034204524715
1328 0.504876378070877
1329 0.504675090895998
1330 0.504950387137277
1331 0.505158708831764
1332 0.505293700072142
1333 0.504953783611919
1334 0.505160604817220
1335 0.504791259765625
1336 0.504961847545144
1337 0.504795847673780
1338 0.504714509653225
1339 0.505003993951001
1340 0.505117706754314
1341 0.504758648513236
1342 0.504520308243003
1343 0.504715545267998
1344 0.504472278413318
1345 0.504742363571677
1346 0.504453865946845
1347 0.504434972138607
1348 0.504441032070081
1349 0.504741015480217
1350 0.504855482313368
1351 0.504757828221861
1352 0.504666029348881
1353 0.504841084843288
1354 0.505045926025030
1355 0.504888870971229
1356 0.504517006663095
1357 0.504483227880895
1358 0.504814204130327
1359 0.504870035088703
1360 0.504565968232996
1361 0.504676028440140
1362 0.504410686296863
1363 0.504100796761796
1364 0.504370144035809
1365 0.504310021033654
1366 0.504540349868171
1367 0.504273688784462
1368 0.503948813990543
1369 0.503840934803575
1370 0.504166362233406
1371 0.504235087477491
1372 0.504505435509862
1373 0.504538561771668
1374 0.504174444873260
1375 0.504390247691761
1376 0.504049966501635
1377 0.504117634647898
1378 0.504442212197535
1379 0.504505204497428
1380 0.504691524782043
1381 0.504754554698814
1382 0.504577349650359
1383 0.504439082942143
1384 0.504631174782108
1385 0.504358703392938
1386 0.504643009510563
1387 0.504863736263349
1388 0.504702389412036
1389 0.504553249021328
1390 0.504431832951607
1391 0.504376431320487
1392 0.504022883272719
1393 0.504160950189003
1394 0.504187191233915
1395 0.503830667037690
1396 0.503600855611457
1397 0.503539165259261
1398 0.503881429909637
1399 0.504159530628742
1400 0.504165126255580
1401 0.503844169273622
1402 0.503933001857001
1403 0.504236287927933
1404 0.504032363239517
1405 0.504172806383452
1406 0.504488883961315
1407 0.504457323281750
1408 0.504112937233665
1409 0.504430615199721
1410 0.504719207980109
1411 0.504594398676969
1412 0.504333107059468
1413 0.504612668220320
1414 0.504952718041405
1415 0.505216909887091
1416 0.505061348952816
1417 0.504802308119597
1418 0.504544773290120
1419 0.504861757736798
1420 0.504989452093420
1421 0.505169905381334
1422 0.505407212655756
1423 0.505683839949436
1424 0.505369550726387
1425 0.505269882469846
1426 0.504959876875055
1427 0.504996093236740
1428 0.505076304203322
1429 0.504749124579033
1430 0.504585042033162
1431 0.504421721964262
1432 0.504131722050672
1433 0.504043525860847
1434 0.503993354914411
1435 0.504259211842607
1436 0.504385562992362
1437 0.504367008089770
1438 0.504028723535020
1439 0.504195668616172
1440 0.503934393988715
1441 0.504230909592405
1442 0.504572155406174
1443 0.504701293183959
1444 0.504791302033739
1445 0.505017723426687
1446 0.505246638592183
1447 0.504945302882850
1448 0.505235113491669
1449 0.505420418917680
1450 0.505420700599407
1451 0.505570583225200
1452 0.505371472067084
1453 0.505608849417154
1454 0.505587424339914
1455 0.505924290398142
1456 0.505734118786487
1457 0.505836795762376
1458 0.505977280018915
1459 0.506131816024728
1460 0.505909164637735
1461 0.505756354674666
1462 0.505877723119817
1463 0.505719094266650
1464 0.505914156554175
1465 0.505791340590337
1466 0.505692444263994
1467 0.505665764161821
1468 0.505511000630641
1469 0.505765308564500
1470 0.505565638120483
1471 0.505666166159022
1472 0.505568131156590
1473 0.505588591058321
1474 0.505385524382261
1475 0.505502702098782
1476 0.505335489908854
1477 0.505257122889514
1478 0.505464401554836
1479 0.505720776911923
1480 0.505844776050465
1481 0.505526504671147
1482 0.505858160062679
1483 0.505595582124758
1484 0.505842306543232
1485 0.505881569602273
1486 0.505696785722735
1487 0.505839159926393
1488 0.505851991714970
1489 0.505896635548711
1490 0.505881351752569
1491 0.505898366271850
1492 0.506140783069600
1493 0.505904098684486
1494 0.505713589220162
1495 0.505978485413618
1496 0.506053659367689
1497 0.506316302853102
1498 0.506255023788228
1499 0.506365999370674
1500 0.506692586263021
1501 0.506958251790473
1502 0.506974648222942
1503 0.506762171457866
1504 0.506903790413065
1505 0.507075414309074
1506 0.507098092817532
1507 0.506954382964136
1508 0.506623326309164
1509 0.506666786391029
1510 0.506935352047548
1511 0.506814993271995
1512 0.506862660564443
1513 0.507135869017990
1514 0.507205958095535
1515 0.506960284041099
1516 0.507055961991363
1517 0.507316976608850
1518 0.507057300512341
1519 0.506765680771426
1520 0.507054539730674
1521 0.506796330860145
1522 0.506713406015163
1523 0.507008442969519
1524 0.507121368968893
1525 0.507213675076844
1526 0.507460827908697
1527 0.507229788130065
1528 0.507271252377495
1529 0.507003235302383
1530 0.507059593450010
1531 0.507057374322593
1532 0.507274059962977
1533 0.507306381992009
1534 0.507611867812653
1535 0.507507105526008
1536 0.507308959960938
1537 0.507382077060121
1538 0.507052953593598
1539 0.507066455268488
1540 0.507309752625304
1541 0.507227021946991
1542 0.506987436890757
1543 0.506911944663146
1544 0.506968048570070
1545 0.506918858401598
1546 0.506820244437510
1547 0.506995903266655
1548 0.507028387498486
1549 0.507260701208441
1550 0.507010832755796
1551 0.506707000240520
1552 0.506697349941608
1553 0.506552220311997
1554 0.506485613770160
1555 0.506163667635902
1556 0.506234019458447
1557 0.506402144925136
1558 0.506508725598474
1559 0.506204738457896
1560 0.506295463366386
1561 0.506560946946569
1562 0.506810870884933
1563 0.507100637952105
1564 0.507292257245544
1565 0.507500499201278
1566 0.507524609717982
1567 0.507284314144015
1568 0.507478363659917
1569 0.507218136614185
1570 0.507268412401722
1571 0.507193853717029
1572 0.507431496190661
1573 0.507625397950771
1574 0.507613166314674
1575 0.507342258029514
1576 0.507485559143996
1577 0.507523115178642
1578 0.507341334121762
1579 0.507049869781359
1580 0.507100822352156
1581 0.507068342079775
1582 0.506906984428087
1583 0.506986289105683
1584 0.506768891305635
1585 0.506495411388506
1586 0.506523161186998
1587 0.506632890803452
1588 0.506740272195273
1589 0.506744288738003
1590 0.506793846274322
1591 0.506811903228856
1592 0.507027400797935
1593 0.506940727928339
1594 0.506826996653711
1595 0.506534798840370
1596 0.506781059398986
1597 0.506923687480432
1598 0.506756397003823
1599 0.506777288020589
1600 0.506801147460938
1601 0.506611811526487
1602 0.506480413429746
1603 0.506711830143920
1604 0.506398912082586
1605 0.506625489802375
1606 0.506910255213603
1607 0.506841463707364
1608 0.507146806859258
1609 0.507035126813529
1610 0.506851802849622
1611 0.507121090264442
1612 0.507267310660767
1613 0.507367961242638
1614 0.507368747186484
1615 0.507583457545230
1616 0.507862506526532
1617 0.507851642521355
1618 0.508046398940870
1619 0.508338197798844
1620 0.508557543342496
1621 0.508788685972201
1622 0.508859486232997
1623 0.508954737411189
1624 0.508750351778979
1625 0.508709397536058
1626 0.508937352404530
1627 0.509083565569539
1628 0.508842936897747
1629 0.508690746815531
1630 0.508414819635497
1631 0.508455240236770
1632 0.508390838024663
1633 0.508650957844554
1634 0.508419881981764
1635 0.508714271102112
1636 0.508558464516637
1637 0.508585413127100
1638 0.508619576292306
1639 0.508514739450265
1640 0.508440938810023
1641 0.508565713253637
1642 0.508455803856054
1643 0.508425842025116
1644 0.508130632757851
1645 0.508130847501900
1646 0.508363132778089
1647 0.508479977059379
1648 0.508705065088365
1649 0.508719366199685
1650 0.508544644442472
1651 0.508784940501259
1652 0.508583013428326
1653 0.508806712109611
1654 0.508974732626162
1655 0.508918785256562
1656 0.508991407311481
1657 0.508768987569308
1658 0.508798725786198
1659 0.508538980236824
1660 0.508509808276073
1661 0.508451880926400
1662 0.508147917929969
1663 0.507982778176441
1664 0.507909921499399
1665 0.507777638478322
1666 0.507527492198051
1667 0.507659179833955
1668 0.507731229567128
1669 0.507942469410014
1670 0.507812043150028
1671 0.508048075248494
1672 0.508283770255495
1673 0.508412672956048
1674 0.508449048551607
1675 0.508505367449860
1676 0.508457557113757
1677 0.508734178173450
1678 0.508667774223173
1679 0.508467546455061
1680 0.508715674990699
1681 0.508531596531547
1682 0.508670929354238
1683 0.508639085739054
1684 0.508700300565525
1685 0.508694231616283
1686 0.508436879512113
1687 0.508606336918115
1688 0.508427262871186
1689 0.508400771941145
1690 0.508314017572347
1691 0.508033486247274
1692 0.508281626599900
1693 0.508092836311282
1694 0.507835757493128
1695 0.507841577220455
1696 0.507834092626032
1697 0.507692263979173
1698 0.507496918048117
1699 0.507250807718925
1700 0.507027049345129
1701 0.507195115579990
1702 0.506979793275145
1703 0.506736500012616
1704 0.506757064604423
1705 0.506670802499542
1706 0.506922177385194
1707 0.506842748980530
1708 0.507107272360308
1709 0.506846365976082
1710 0.506567008035225
1711 0.506428257615019
1712 0.506188651111638
1713 0.506179943184928
1714 0.506112364654363
1715 0.506184534011707
1716 0.505990515222083
1717 0.506128896581064
1718 0.506118277037935
1719 0.506287633020424
1720 0.506521464503089
1721 0.506466499253250
1722 0.506341081324632
1723 0.506404139451765
1724 0.506412408744653
1725 0.506460880887681
1726 0.506322107060898
1727 0.506276106931049
1728 0.506404735423900
1729 0.506615977951941
1730 0.506546232190435
1731 0.506297886681515
1732 0.506439103265282
1733 0.506349135463250
1734 0.506124195068078
1735 0.506355870491490
1736 0.506240704092562
1737 0.506306439071945
1738 0.506260651302008
1739 0.506409375814270
1740 0.506471164747216
1741 0.506625452101881
1742 0.506785816494825
1743 0.507063532450113
1744 0.506997624668506
1745 0.506941043886551
1746 0.506743947801448
1747 0.506699839932071
1748 0.506901826138355
1749 0.506962893416774
1750 0.506688040597098
1751 0.506641485975648
1752 0.506772185025150
1753 0.507045086492352
1754 0.506952248794051
1755 0.507131218978143
1756 0.506978202246316
1757 0.507040476486910
1758 0.507085546291729
1759 0.507343632718119
1760 0.507104769620028
1761 0.506874236107414
1762 0.506995713128946
1763 0.507098928744727
1764 0.507094852508061
1765 0.507109610149611
1766 0.506945271994222
1767 0.506855608989238
1768 0.506679828350361
1769 0.506679537068524
1770 0.506417536331435
1771 0.506573961926745
1772 0.506510542962137
1773 0.506289134103567
1774 0.506380186543255
1775 0.506285056530590
1776 0.506457766971073
1777 0.506707512936568
1778 0.506456424468548
1779 0.506652060085766
1780 0.506744556212693
1781 0.506521131803586
1782 0.506623564612049
1783 0.506719737927431
1784 0.506821226111442
1785 0.506640043712798
1786 0.506649158302640
1787 0.506730551951813
1788 0.506492563542104
1789 0.506359119532560
1790 0.506093337415983
1791 0.505877896835523
1792 0.505913870675223
1793 0.506164686944454
1794 0.505983367545682
1795 0.506217510255266
1796 0.506143854561787
1797 0.506051820851593
1798 0.506016460753919
1799 0.505965278969002
1800 0.505801255967882
1801 0.505529798712087
1802 0.505684415455267
1803 0.505640775709105
1804 0.505526489799144
1805 0.505289533197715
1806 0.505383310919980
1807 0.505274744672411
1808 0.505193794723106
1809 0.504979341843301
1810 0.504746056656811
1811 0.504966681073345
1812 0.505023442619947
1813 0.504871164312431
1814 0.504855878297917
1815 0.504884073556947
1816 0.505027266851081
1817 0.504752982627184
1818 0.504930032492995
1819 0.504711903996229
1820 0.504461502242874
1821 0.504483285282812
1822 0.504535679236202
1823 0.504755033743100
1824 0.504576298228481
1825 0.504538239779538
1826 0.504681339660845
1827 0.504836727115191
1828 0.504764581926542
1829 0.504911444629066
1830 0.505068903021474
1831 0.504850061521837
1832 0.504765739607499
1833 0.504573640963840
1834 0.504653131948823
1835 0.504757166558455
1836 0.504661842628762
1837 0.504750043591794
1838 0.504914210073577
1839 0.505132246821260
1840 0.504873922596807
1841 0.505093567789669
1842 0.504944328117578
1843 0.504984565358154
1844 0.505073696310246
1845 0.505327889460535
1846 0.505265538638230
1847 0.505023900534439
1848 0.505273926309693
1849 0.505246679740316
1850 0.505111595360008
1851 0.504940929443755
1852 0.504744824271480
1853 0.504712849517674
1854 0.504599347983878
1855 0.504496382638772
1856 0.504716018150593
1857 0.504734809641307
1858 0.504719236310255
1859 0.504596137692686
1860 0.504592042328209
1861 0.504767432768841
1862 0.504640622246534
1863 0.504595082355198
1864 0.504654323594253
1865 0.504873485411779
1866 0.504946742410445
1867 0.504991822531342
1868 0.504981128766144
1869 0.505182077439473
1870 0.504945789683949
1871 0.504744088821778
1872 0.504915547167134
1873 0.504820148001618
1874 0.504818992655458
1875 0.505018505859375
1876 0.505205524501516
1877 0.505119734262620
1878 0.505078836751822
1879 0.504909497109292
1880 0.504797428212267
1881 0.504809836388141
1882 0.504971495090205
1883 0.505178766559554
1884 0.505101457016736
1885 0.505349075762599
1886 0.505141370496214
1887 0.505057977252873
1888 0.505198591846531
1889 0.505073607946086
1890 0.504970796776827
1891 0.504909037282894
1892 0.505036464957304
1893 0.505040994473884
1894 0.505233281265468
1895 0.505156762115559
1896 0.504892791876813
1897 0.504784326146135
1898 0.504917623119937
1899 0.504708433226575
1900 0.504845581054687
1901 0.504958456281234
1902 0.504927016457799
1903 0.505173635557959
1904 0.505300441709887
1905 0.505228486148704
1906 0.505435667408226
1907 0.505592078142411
1908 0.505414822816349
1909 0.505327803230585
1910 0.505372867284645
1911 0.505600207142653
1912 0.505726131934002
1913 0.505580106457054
1914 0.505570797337260
1915 0.505424973609865
1916 0.505527727290335
1917 0.505328302278952
1918 0.505095051277169
1919 0.504835469701627
1920 0.504965209960938
1921 0.505026964766479
1922 0.504905057623285
1923 0.504707753007386
1924 0.504507814276491
1925 0.504672344257305
1926 0.504719148915133
1927 0.504937592107023
1928 0.504945050631321
1929 0.504843925923001
1930 0.505099961671187
1931 0.504968486135948
1932 0.504795398277772
1933 0.504629072967861
1934 0.504860389812040
1935 0.504829931135942
1936 0.504978526722301
1937 0.504736006721493
1938 0.504693612963792
1939 0.504615645976703
1940 0.504666829846569
1941 0.504901113613311
1942 0.505093999797849
1943 0.504997579326227
1944 0.504904225039384
1945 0.504927215968429
1946 0.504817527465193
1947 0.504651916535255
1948 0.504480162195601
1949 0.504682890264238
1950 0.504489354842748
1951 0.504379999814799
1952 0.504563378506020
1953 0.504613826534898
1954 0.504537607776716
1955 0.504529042743966
1956 0.504587590816318
1957 0.504714958023282
1958 0.504684666447547
1959 0.504486302078348
1960 0.504310016242825
1961 0.504535058394553
1962 0.504464043511285
1963 0.504217131309101
1964 0.504317242841857
1965 0.504199094505407
1966 0.504239599435521
1967 0.504259102709353
1968 0.504492410799352
1969 0.504402373756110
1970 0.504181884145979
1971 0.504194130938650
1972 0.504022346790616
1973 0.503870550775310
1974 0.503763509980330
1975 0.503670808816258
1976 0.503428903185887
1977 0.503426088247265
1978 0.503282892209816
1979 0.503414344883977
1980 0.503545371932213
1981 0.503443109935008
1982 0.503351375144858
1983 0.503198559213274
1984 0.502993183751260
1985 0.502844361274008
1986 0.502875982094387
1987 0.502862002061250
1988 0.502731323242188
1989 0.502635159883264
1990 0.502594132159823
1991 0.502809563813528
1992 0.503020811272433
1993 0.502871959818349
1994 0.503049263145883
1995 0.503004291123316
1996 0.502930696598275
1997 0.503172605588070
1998 0.503091271813806
1999 0.502971807559053
2000 0.502849975585937
2001 0.502720716057987
2002 0.502890435370294
2003 0.502803183530368
2004 0.502977413093734
2005 0.502763781464308
2006 0.502927238182912
2007 0.503149301541285
2008 0.503323437208198
2009 0.503108296600843
2010 0.502994260266053
2011 0.503226228521452
2012 0.503214993486348
2013 0.503127619690760
2014 0.503196057165273
2015 0.503310846749961
2016 0.503286452520461
2017 0.503253624707564
2018 0.503450527890586
2019 0.503244461429893
2020 0.503486467115950
2021 0.503481812550254
2022 0.503490761172996
2023 0.503425737683630
2024 0.503578819305058
2025 0.503375620900849
2026 0.503360443265864
2027 0.503325181461404
2028 0.503144243530033
2029 0.503056390347770
2030 0.502918187033367
2031 0.502971384338649
2032 0.503058606245386
2033 0.503197875916518
2034 0.503314278001513
2035 0.503436939136402
2036 0.503515547057266
2037 0.503548069215605
2038 0.503543258532224
2039 0.503395144175875
2040 0.503542971143536
2041 0.503428226005558
2042 0.503403337648636
2043 0.503548777576060
2044 0.503460639610216
2045 0.503693029874694
2046 0.503488535056016
2047 0.503679149722727
2048 0.503890991210938
2049 0.503787366979701
2050 0.503717502500953
2051 0.503630222895272
2052 0.503806874533611
2053 0.503708428309943
2054 0.503826954812827
2055 0.503794619520795
2056 0.503952263858068
2057 0.504000339684234
2058 0.503859346647420
2059 0.503651274819580
2060 0.503427005508571
2061 0.503322847487567
2062 0.503189974913426
2063 0.503228487577822
2064 0.503094222194465
2065 0.503312184331492
2066 0.503437599854225
2067 0.503582397519994
2068 0.503629024070282
2069 0.503719044054344
2070 0.503611851199238
2071 0.503407049616542
2072 0.503589821598245
2073 0.503391558458077
2074 0.503513509075345
2075 0.503394510659827
2076 0.503292282192693
2077 0.503172770221473
2078 0.503245657516054
2079 0.503329645388972
2080 0.503350125826322
2081 0.503478769268456
2082 0.503691087882182
2083 0.503539057460131
2084 0.503712571742667
2085 0.503823171931205
2086 0.503628504927755
2087 0.503448427837319
2088 0.503670703405621
2089 0.503783157078372
2090 0.503580412796240
2091 0.503504092245225
2092 0.503297794845318
2093 0.503476641819458
2094 0.503408685226950
2095 0.503253989572457
2096 0.503441847007693
2097 0.503557124249300
2098 0.503750796540790
2099 0.503738308816140
2100 0.503813447498140
2101 0.503780693624316
2102 0.503633755031480
2103 0.503671208053785
2104 0.503471867666498
2105 0.503489616194700
2106 0.503338399888896
2107 0.503259761106023
2108 0.503203158586708
2109 0.503038734663940
2110 0.502965715598156
2111 0.502768685952118
2112 0.502662889885180
2113 0.502839362401281
2114 0.502911570394727
2115 0.502992612870309
2116 0.503222373573000
2117 0.503358749944645
2118 0.503391788183686
2119 0.503363400036684
2120 0.503235496664947
2121 0.503233654664295
2122 0.503030084867055
2123 0.502905034816776
2124 0.502775231772672
2125 0.502581686580882
2126 0.502635980930849
2127 0.502588197665984
2128 0.502677630661125
2129 0.502517693028197
2130 0.502367376049919
2131 0.502496412358671
2132 0.502658493299645
2133 0.502800291824162
2134 0.502673863247386
2135 0.502771124739278
2136 0.502728351493007
2137 0.502780455543329
2138 0.502890819695868
2139 0.502676144778701
2140 0.502722424658659
2141 0.502806533891873
2142 0.502650370450915
2143 0.502472379526912
2144 0.502302255203475
2145 0.502350152289117
2146 0.502344606084904
2147 0.502477012460155
2148 0.502353973672821
2149 0.502341034801797
2150 0.502188280682231
2151 0.502133180129700
2152 0.502188813730687
2153 0.502366650231871
2154 0.502220458417660
2155 0.502338269581098
2156 0.502340652947081
2157 0.502539085137054
2158 0.502769533852055
2159 0.502651382453357
2160 0.502702840169271
2161 0.502564691051958
2162 0.502600416665161
2163 0.502692671875903
2164 0.502534115380589
2165 0.502671620146507
2166 0.502622412402434
2167 0.502604246469594
2168 0.502770737088474
2169 0.502682929876599
2170 0.502643652006228
2171 0.502584744685809
2172 0.502788199465139
2173 0.502940697983778
2174 0.502761167019140
2175 0.502888814991918
2176 0.502713371725643
2177 0.502923211100784
2178 0.502899099863156
2179 0.502908749556312
2180 0.502958889182554
2181 0.503086906898355
2182 0.503268583666612
2183 0.503472810920859
2184 0.503304785424536
2185 0.503484423045981
2186 0.503450203465412
2187 0.503631368531557
2188 0.503818351564285
2189 0.503768286567782
2190 0.503769617646797
2191 0.503868015973549
2192 0.503939106516594
2193 0.504106555526462
2194 0.503923400489439
2195 0.503808607653225
2196 0.503850634632215
2197 0.503812627570977
2198 0.503894684421029
2199 0.504048068613397
2200 0.504019276012074
2201 0.504079039667694
2202 0.503950557310293
2203 0.503871964477595
2204 0.503830399141121
2205 0.503878791099773
2206 0.503732869761269
2207 0.503533885767409
2208 0.503409786500793
2209 0.503606987085856
2210 0.503621359432445
2211 0.503794407423995
2212 0.503616940048245
2213 0.503712360642369
2214 0.503823643023621
2215 0.503659174727532
2216 0.503782141509900
2217 0.503794668814488
2218 0.503925911685816
2219 0.503999948179254
2220 0.503972481392525
2221 0.503963080573221
2222 0.503798614419547
2223 0.503939073899819
2224 0.504085952429463
2225 0.503932721427317
2226 0.504043140394240
2227 0.504008436609824
2228 0.503852967513956
2229 0.503925472377608
2230 0.503743110964651
2231 0.503895676226853
2232 0.503733918658294
2233 0.503769775062626
2234 0.503611360582370
2235 0.503794024508005
2236 0.503570966089348
2237 0.503351176589741
2238 0.503294412103266
2239 0.503504532903047
2240 0.503486415318080
2241 0.503504278616201
2242 0.503612140584056
2243 0.503777063908026
2244 0.503880220301011
2245 0.503777111027979
2246 0.503875909059682
2247 0.504076656788044
2248 0.504092993685359
2249 0.504221141470862
2250 0.504124199761285
2251 0.503927684158603
2252 0.503747564014279
2253 0.503611395743176
2254 0.503785195134864
2255 0.503800243707560
2256 0.503632998635583
2257 0.503445362907413
2258 0.503453662693237
2259 0.503331090244059
2260 0.503481893623825
2261 0.503496091590419
2262 0.503554380435421
2263 0.503540457111515
2264 0.503746491017695
2265 0.503593421245516
2266 0.503461024662297
2267 0.503290958009105
2268 0.503387747197765
2269 0.503182758786911
2270 0.503267545321964
2271 0.503269600374801
2272 0.503409587161642
2273 0.503528197221802
2274 0.503342077411259
2275 0.503334384121738
2276 0.503326013762838
2277 0.503304797722469
2278 0.503446570606583
2279 0.503399154709954
2280 0.503367159659402
2281 0.503443736770810
2282 0.503618526207993
2283 0.503433113916892
2284 0.503597359732446
2285 0.503611464886488
2286 0.503731141044503
2287 0.503897589786531
2288 0.503916600367406
2289 0.503968245080070
2290 0.503931423670340
2291 0.503995777997633
2292 0.504061953559596
2293 0.503855516023632
2294 0.503765967584425
2295 0.503862355217695
2296 0.504044536098786
2297 0.503979773847342
2298 0.503926820813105
2299 0.504120404018221
2300 0.504147126570992
2301 0.504227738958605
2302 0.504069509763080
2303 0.504140306440478
2304 0.504053751627604
2305 0.504107308542909
2306 0.504122983034238
2307 0.504217920853144
2308 0.504154701166798
2309 0.504050101589568
2310 0.503854343695042
2311 0.503835720192659
2312 0.503810314983645
2313 0.503674115858395
2314 0.503734552355398
2315 0.503829646265018
2316 0.503950550560301
2317 0.503948713820404
2318 0.504069541424281
2319 0.504221335111275
2320 0.504044210499731
2321 0.504167036576705
2322 0.504140310098548
2323 0.504225127819125
2324 0.504262980003160
2325 0.504110960601479
2326 0.503931427657963
2327 0.503973960466635
2328 0.504186728565963
2329 0.504046900787288
2330 0.504124994237024
2331 0.504082482140343
2332 0.504095034983718
2333 0.504293024003429
2334 0.504380867638543
2335 0.504358132339902
2336 0.504533114498609
2337 0.504363008171868
2338 0.504200839914758
2339 0.504235576288779
2340 0.504172796265692
2341 0.504254418934884
2342 0.504210943650426
2343 0.504060296690774
2344 0.504094719479922
2345 0.504018143448494
2346 0.504020580347034
2347 0.504228680500539
2348 0.504360660377515
2349 0.504183649458546
2350 0.504358832176696
2351 0.504336884051168
2352 0.504447366104645
2353 0.504479949341598
2354 0.504516095961163
2355 0.504461514418292
2356 0.504524865660481
2357 0.504690928534021
2358 0.504900815023822
2359 0.504731647641844
2360 0.504603137000132
2361 0.504654880703026
2362 0.504489792089761
2363 0.504482002920182
2364 0.504533461104391
2365 0.504686880615751
2366 0.504644179485253
2367 0.504794508785349
2368 0.504854356920397
2369 0.504730520896541
2370 0.504869948761373
2371 0.504687698216239
2372 0.504677860974059
2373 0.504782450435235
2374 0.504939669807518
2375 0.504923558285362
2376 0.505068538164852
2377 0.504891927973483
2378 0.504890268645034
2379 0.505050460347211
2380 0.505245561359309
2381 0.505160380190834
2382 0.505020807812336
2383 0.505091902092131
2384 0.505114971391307
2385 0.505321677026009
2386 0.505471177592761
2387 0.505542526596702
2388 0.505682684868025
2389 0.505582379117178
2390 0.505386607916285
2391 0.505273006092999
2392 0.505282756078203
2393 0.505364130692058
2394 0.505432243633987
2395 0.505301432121771
2396 0.505442751468920
2397 0.505396149483730
2398 0.505278382925713
2399 0.505440690110951
2400 0.505440470377604
2401 0.505621869183739
2402 0.505690359453873
2403 0.505556929672057
2404 0.505650448918144
2405 0.505621274444517
2406 0.505610046640398
2407 0.505569122022844
2408 0.505458438911311
2409 0.505444138314329
2410 0.505490492191552
2411 0.505448621815539
2412 0.505342575250376
2413 0.505191706543980
2414 0.505212146977106
2415 0.505218733319585
2416 0.505208703855805
2417 0.505016271664576
2418 0.504914731009131
2419 0.504954280908466
2420 0.504808334476692
2421 0.504707698829900
2422 0.504582210575422
2423 0.504781183800912
2424 0.504977537853883
2425 0.504933528310245
2426 0.504868484585126
2427 0.504876035007372
2428 0.504744980637678
2429 0.504761596528921
2430 0.504622734917535
2431 0.504642977728269
2432 0.504636262592516
2433 0.504550292567368
2434 0.504601872741148
2435 0.504773438001315
2436 0.504609081349741
2437 0.504706945094507
2438 0.504583682654039
2439 0.504775544276439
2440 0.504877559474257
2441 0.504868085049352
2442 0.505012843376491
2443 0.505030478603568
2444 0.505091815455260
2445 0.505132744599949
2446 0.504951321094229
2447 0.505150686247669
2448 0.505159565046722
2449 0.505242020220307
2450 0.505354963030134
2451 0.505210138738812
2452 0.505244020147775
2453 0.505397319210533
2454 0.505390580728371
2455 0.505333242008497
2456 0.505354642091434
2457 0.505442611948960
2458 0.505298350670165
2459 0.505287756809329
2460 0.505348391649200
2461 0.505273675589191
2462 0.505164573291373
2463 0.505299712601978
2464 0.505336811016132
2465 0.505243353234343
2466 0.505328435967438
2467 0.505238991108412
2468 0.505278774366580
2469 0.505347806946765
2470 0.505165390447084
2471 0.505026903387893
2472 0.504981723032337
2473 0.504825035184682
2474 0.504711758637486
2475 0.504635774246370
2476 0.504506765929486
2477 0.504583279452210
2478 0.504659398704695
2479 0.504491919132431
2480 0.504569859658518
2481 0.504769180340903
2482 0.504738819205309
2483 0.504666510100716
2484 0.504523653531036
2485 0.504371492627641
2486 0.504531418423641
2487 0.504476340937720
2488 0.504378094933807
2489 0.504444531524646
2490 0.504273894895990
2491 0.504095664803449
2492 0.503992585845017
2493 0.504080370349479
2494 0.504051067777510
2495 0.504148519206381
2496 0.504279112204527
2497 0.504429363087267
2498 0.504597733362471
2499 0.504504646096720
2500 0.504393823242188
2501 0.504285444025515
2502 0.504096027377317
2503 0.504285518998296
2504 0.504147221866888
2505 0.504096957452283
2506 0.504181431848719
2507 0.504263611205032
2508 0.504397670618085
2509 0.504359209190664
2510 0.504337569156966
2511 0.504459759382934
2512 0.504654513802498
2513 0.504818231329897
2514 0.504697728365683
2515 0.504546755113848
2516 0.504678626128714
2517 0.504874034301127
2518 0.504848283278365
2519 0.505043057043811
2520 0.504877241830977
2521 0.504773355958387
2522 0.504626051005062
2523 0.504531612388680
2524 0.504714046907501
2525 0.504810875618812
2526 0.504908074675716
2527 0.504819615631647
2528 0.504694492002077
2529 0.504538008515285
2530 0.504441344973598
2531 0.504591418461854
2532 0.504777784784447
2533 0.504742718382970
2534 0.504595207810496
2535 0.504561372715576
2536 0.504381197860188
2537 0.504286438637847
2538 0.504218556168889
2539 0.504306993037521
2540 0.504352839912955
2541 0.504448240265889
2542 0.504380352941674
2543 0.504244079469838
2544 0.504208834666126
2545 0.504190705005219
2546 0.504031688513385
2547 0.504049659851817
2548 0.504106099414676
2549 0.504101208117767
2550 0.503943960152420
2551 0.503843791248377
2552 0.503661774542638
2553 0.503637317578278
2554 0.503562276029176
2555 0.503403313145945
2556 0.503522392356526
2557 0.503482130854028
2558 0.503361407437298
2559 0.503336862830177
2560 0.503402709960938
2561 0.503582341835770
2562 0.503666790642839
2563 0.503517713483497
2564 0.503653039798350
2565 0.503543846323709
2566 0.503486555995926
2567 0.503479063348358
2568 0.503307259342752
2569 0.503412908225173
2570 0.503245514747234
2571 0.503194588624471
2572 0.503203467670162
2573 0.503284085181452
2574 0.503220149872372
2575 0.503075022280795
2576 0.503252586222584
2577 0.503299853761945
2578 0.503151869200476
2579 0.503189270327192
2580 0.503220740029978
2581 0.503262791417450
2582 0.503413040078397
2583 0.503267058558211
2584 0.503117375329552
2585 0.503025053455936
2586 0.503068621547667
2587 0.503088102867855
2588 0.503193379185483
2589 0.503260489088451
2590 0.503361163636432
2591 0.503253626114887
2592 0.503167611581308
2593 0.503144381545567
2594 0.503067957775907
2595 0.503253244388999
2596 0.503386628278782
2597 0.503445466298253
2598 0.503523864041300
2599 0.503397337974792
2600 0.503281390850361
2601 0.503437938345528
2602 0.503605495866311
2603 0.503658228730221
2604 0.503678446358067
2605 0.503600066728647
2606 0.503587384637465
2607 0.503672773553624
2608 0.503721740348207
2609 0.503688521291982
2610 0.503598700629340
2611 0.503510924054032
2612 0.503565439221322
2613 0.503509299580822
2614 0.503624365178337
2615 0.503672414163331
2616 0.503601680837275
2617 0.503681583717938
2618 0.503506152660816
2619 0.503556177606106
2620 0.503695399160604
2621 0.503723866427413
2622 0.503706558890965
2623 0.503756198454030
2624 0.503569440143864
2625 0.503586146763393
2626 0.503400037058055
2627 0.503387776444881
2628 0.503566678074760
2629 0.503646647444965
2630 0.503524617822451
2631 0.503519520021944
2632 0.503505486485444
2633 0.503569177380543
2634 0.503731312675737
2635 0.503742960689190
2636 0.503821805684809
2637 0.503825425287969
2638 0.503910171705453
2639 0.504078404295395
2640 0.504049312707150
2641 0.504174263898914
2642 0.504188474067497
2643 0.504214970577498
2644 0.504339105603194
2645 0.504423283539107
2646 0.504551005922117
2647 0.504646454030359
2648 0.504699753130311
2649 0.504805925253339
2650 0.504841135852742
2651 0.504779172456296
2652 0.504621295727576
2653 0.504470543370712
2654 0.504385090808538
2655 0.504446750217014
2656 0.504585174192865
2657 0.504499487828437
2658 0.504629406380061
2659 0.504659066661133
2660 0.504553016146323
2661 0.504512381168381
2662 0.504617107801201
2663 0.504589291385274
2664 0.504721289282447
2665 0.504553268461245
2666 0.504381584745552
2667 0.504212329751506
2668 0.504395103168631
2669 0.504338092596712
2670 0.504190109195781
2671 0.504298819624409
2672 0.504240390069470
2673 0.504379483675002
2674 0.504542086136903
2675 0.504540023090683
2676 0.504405273984901
2677 0.504486596980645
2678 0.504300254952827
2679 0.504302431728111
2680 0.504150800562617
2681 0.504143355987446
2682 0.504058598938671
2683 0.504121055986914
2684 0.504093016668510
2685 0.504000632856145
2686 0.503895649515864
2687 0.503829916303469
2688 0.503960745675223
2689 0.504008141713056
2690 0.504121813011879
2691 0.504053689254256
2692 0.504088063119602
2693 0.504162312085151
2694 0.504164063496862
2695 0.504346552408250
2696 0.504297047057562
2697 0.504135160124386
2698 0.504055071265897
2699 0.503941132077998
2700 0.503901570638021
2701 0.504017157273926
2702 0.504058623296256
2703 0.503970638364057
2704 0.503929995926174
2705 0.503944450561749
2706 0.503928816767860
2707 0.503760696822618
2708 0.503789025536316
2709 0.503729385482997
2710 0.503651827991669
2711 0.503793624264426
2712 0.503856782716284
2713 0.503968679988424
2714 0.503812662010783
2715 0.503858287382741
2716 0.504002903979025
2717 0.503829332673905
2718 0.503751158275702
2719 0.503790768072332
2720 0.503959925034467
2721 0.503999227112332
2722 0.504142778047650
2723 0.504208500666343
2724 0.504058501793950
2725 0.504107162055619
2726 0.504054102404364
2727 0.503937618086353
2728 0.503756749664933
2729 0.503829916915251
2730 0.503885021838513
2731 0.504053898758611
2732 0.504208856585434
2733 0.504355493762578
2734 0.504261689370971
2735 0.504210008694441
2736 0.504232216996756
2737 0.504353075511794
2738 0.504208717318327
2739 0.504106279967170
2740 0.503974123766822
2741 0.504004538646365
2742 0.504078437254257
2743 0.504219491856401
2744 0.504173212079196
2745 0.504264834322347
2746 0.504084565564827
2747 0.503977050336873
2748 0.503971749518115
2749 0.503946214816752
2750 0.503939575195313
2751 0.503945642191902
2752 0.503834214321403
2753 0.503729440929497
2754 0.503584552174820
2755 0.503645105933105
2756 0.503723476725497
2757 0.503611235675666
2758 0.503550119379277
2759 0.503368271222448
2760 0.503466752646626
2761 0.503633614512122
2762 0.503503941695471
2763 0.503451512682235
2764 0.503480174261996
2765 0.503521894072107
2766 0.503341564473602
2767 0.503190228428098
2768 0.503319448129290
2769 0.503409262037570
2770 0.503545779011310
2771 0.503372517272222
2772 0.503489814967476
2773 0.503473215140980
2774 0.503379937290887
2775 0.503385537637247
2776 0.503277825347285
2777 0.503215038394344
2778 0.503056558453839
2779 0.503024798239165
2780 0.502918380627529
2781 0.502902999707839
2782 0.503011597908289
2783 0.502850547952272
2784 0.502869529285650
2785 0.502848709079051
2786 0.502826030701078
2787 0.502747052880141
2788 0.502734825977123
2789 0.502689704881342
2790 0.502665672165519
2791 0.502644029410242
2792 0.502702117307821
2793 0.502826432536419
2794 0.502919081713186
2795 0.502874100741419
2796 0.502824054767134
2797 0.502986685650921
2798 0.503123776242936
2799 0.503098106588709
2800 0.503019060407366
2801 0.502944439660222
2802 0.503042968488608
2803 0.503023417728355
2804 0.503072284257701
2805 0.503232535023953
2806 0.503376716727966
2807 0.503472361141649
2808 0.503348804267383
2809 0.503357281248609
2810 0.503264153640041
2811 0.503172579629275
2812 0.503011407757212
2813 0.502872232436456
2814 0.502782142492754
2815 0.502679551769954
2816 0.502514925870028
2817 0.502442814586939
2818 0.502583760247322
2819 0.502589945338135
2820 0.502533240352117
2821 0.502420505873914
2822 0.502476779388925
2823 0.502478626236357
2824 0.502541301608423
2825 0.502491076984237
2826 0.502491221390796
2827 0.502320814857982
2828 0.502238034864801
2829 0.502386261018690
2830 0.502524429159535
2831 0.502489257726262
2832 0.502604080458819
2833 0.502589394420943
2834 0.502694861520405
2835 0.502693222018987
2836 0.502719271166200
2837 0.502567693302234
2838 0.502635813330663
2839 0.502687643010165
2840 0.502592919578015
2841 0.502539350381413
2842 0.502554424374478
2843 0.502624543921611
2844 0.502454046793963
2845 0.502413774165202
2846 0.502524906032452
2847 0.502698999477932
2848 0.502749839525544
2849 0.502846757668535
2850 0.502840351305510
2851 0.502798079775326
2852 0.502741595638751
2853 0.502781688477589
2854 0.502609659260440
2855 0.502503007932219
2856 0.502613869033942
2857 0.502611693695036
2858 0.502564982153303
2859 0.502490390218526
2860 0.502419062260981
2861 0.502421864759918
2862 0.502255133862765
2863 0.502428860252985
2864 0.502427511375044
2865 0.502340447923484
2866 0.502496276131395
2867 0.502381297159079
2868 0.502428616107425
2869 0.502538543413973
2870 0.502575630427238
2871 0.502453768473392
2872 0.502430567834371
2873 0.502533670671717
2874 0.502697747535148
2875 0.502795229704484
2876 0.502658828077462
2877 0.502584648994178
2878 0.502588278722067
2879 0.502555197914179
2880 0.502512953016493
2881 0.502645146304723
2882 0.502538242909248
2883 0.502665572310338
2884 0.502652764816390
2885 0.502712415037370
2886 0.502707107977494
2887 0.502710863674311
2888 0.502565801308756
2889 0.502480849876417
2890 0.502431659632488
2891 0.502321119912147
2892 0.502304330406347
2893 0.502381067312262
2894 0.502304941848301
2895 0.502207880893108
2896 0.502136146166048
2897 0.502194084296524
2898 0.502097193663329
2899 0.502087038111876
2900 0.502198254815463
2901 0.502089922857959
2902 0.502139879538223
2903 0.502063579079697
2904 0.502153422878465
2905 0.502280697847192
2906 0.502289479958625
2907 0.502284913117179
2908 0.502225075660086
2909 0.502332806054486
2910 0.502274398541532
2911 0.502253530771615
2912 0.502163226787861
2913 0.502201225681482
2914 0.502039011979479
2915 0.502203641338577
2916 0.502276531789856
2917 0.502226852087440
2918 0.502084890238793
2919 0.502068410143537
2920 0.502058598766588
2921 0.502106809893604
2922 0.502098057385914
2923 0.502166246902930
2924 0.502245546854961
2925 0.502266376201923
2926 0.502321620062452
2927 0.502173233162554
2928 0.502075278693861
2929 0.502146941315562
2930 0.502186777160436
2931 0.502151046747724
2932 0.502026213142426
2933 0.501917456995291
2934 0.502022512445014
2935 0.501862903185557
2936 0.501765238166830
2937 0.501788515033144
2938 0.501688012628834
2939 0.501796342110545
2940 0.501853911730708
2941 0.502012064083220
2942 0.501935480404354
2943 0.501799147590018
2944 0.501704340395720
2945 0.501862453078576
2946 0.502027968687017
2947 0.502101674256262
2948 0.501961468679772
2949 0.502016747268672
2950 0.502122357901880
2951 0.501958781765583
2952 0.502123452783600
2953 0.502174757231788
2954 0.502247732236084
2955 0.502363712936892
2956 0.502240894611859
2957 0.502080190411524
2958 0.501968177449792
2959 0.501980919820225
2960 0.501899595518370
2961 0.501858078358504
2962 0.501736359528639
2963 0.501886723776182
2964 0.501910602193773
2965 0.502012204561024
2966 0.501876069658605
2967 0.501845608908278
2968 0.501943459729300
2969 0.502075298099897
2970 0.501909691396386
2971 0.502001988049189
2972 0.501879788343550
2973 0.501961008451060
2974 0.501908580007855
2975 0.501869245256696
2976 0.501811858146421
2977 0.501961346396593
2978 0.501817783947516
2979 0.501676704788336
2980 0.501705604911651
2981 0.501737771838833
2982 0.501792237392454
2983 0.501694364992117
2984 0.501736597465127
2985 0.501665452097728
2986 0.501525562079417
2987 0.501563057837216
2988 0.501619290475705
2989 0.501490246136877
2990 0.501590945648908
2991 0.501636001347140
2992 0.501612780565884
2993 0.501669361485393
2994 0.501765259441409
2995 0.501638483165302
2996 0.501515835404237
2997 0.501364605165061
2998 0.501367926518069
2999 0.501338937116409
3000 0.501336629231771
3001 0.501450017149232
3002 0.501595748098273
3003 0.501547656851612
3004 0.501624238157717
3005 0.501505466150166
3006 0.501518396718932
3007 0.501449407356143
3008 0.501470362886469
3009 0.501486933243239
3010 0.501414809116097
3011 0.501271146826869
3012 0.501175048341789
3013 0.501060225027485
3014 0.501106236893844
3015 0.500948413450326
3016 0.500912410827151
3017 0.500928717573075
3018 0.500953315345557
3019 0.500789726992718
3020 0.500731471990118
3021 0.500840390056066
3022 0.500859773687619
3023 0.500812526731904
3024 0.500887673998636
3025 0.500916455481663
3026 0.500936393460452
3027 0.501075454777446
3028 0.501181014147901
3029 0.501318754320217
3030 0.501169608843208
3031 0.501018235959538
3032 0.500959049114137
3033 0.500930660359741
3034 0.501092728455757
3035 0.501113202819321
3036 0.501096160044312
3037 0.500987495369608
3038 0.501105574104957
3039 0.501213221849678
3040 0.501351928710937
3041 0.501443829672856
3042 0.501482590494150
3043 0.501541634119932
3044 0.501692522527667
3045 0.501638708756671
3046 0.501717069629612
3047 0.501705248550701
3048 0.501633171021469
3049 0.501611596367405
3050 0.501509879690702
3051 0.501353906201988
3052 0.501224082856784
3053 0.501115146090935
3054 0.501095545081118
3055 0.501162195283731
3056 0.501046944663163
3057 0.500925550127014
3058 0.500911745080143
3059 0.500861325970114
3060 0.500904257780586
3061 0.500875707936030
3062 0.500944819036144
3063 0.500877676779174
3064 0.500803536596871
3065 0.500840174315610
3066 0.500732710527892
3067 0.500698003778249
3068 0.500630026845920
3069 0.500734887941919
3070 0.500670820105736
3071 0.500829320899519
3072 0.500798543294271
3073 0.500842316935049
3074 0.500705190347089
3075 0.500841044604294
3076 0.500949636392383
3077 0.500834100851580
3078 0.500985198240918
3079 0.500994988020537
3080 0.500928645939022
3081 0.501073295595738
3082 0.501213306424526
3083 0.501267791065039
3084 0.501108627220381
3085 0.500989145436588
3086 0.500972003652458
3087 0.501028828919030
3088 0.501091596376093
3089 0.501025505226459
3090 0.501019079708359
3091 0.500985260651513
3092 0.501007178776631
3093 0.501017726203827
3094 0.501017584674345
3095 0.500911671972814
3096 0.500863205862908
3097 0.500842371870712
3098 0.500834051911642
3099 0.500946832726409
3100 0.500869081558720
3101 0.500739428813286
3102 0.500859558774455
3103 0.500946812041145
3104 0.500790153582072
3105 0.500665843429197
3106 0.500718518986060
3107 0.500808651976007
3108 0.500915821914967
3109 0.500940636370718
3110 0.500881329993343
3111 0.500791544164733
3112 0.500770823814569
3113 0.500636408652977
3114 0.500732157271721
3115 0.500872450043263
3116 0.500724763098975
3117 0.500795552238731
3118 0.500820930681602
3119 0.500747910597723
3120 0.500704643053886
3121 0.500572705719571
3122 0.500613723940608
3123 0.500476252066948
3124 0.500517802415523
3125 0.500446835937500
3126 0.500419074880413
3127 0.500475271997796
3128 0.500492066678489
3129 0.500614818501069
3130 0.500743624653679
3131 0.500881169482718
3132 0.500833854821450
3133 0.500674055667491
3134 0.500695448280826
3135 0.500593403842080
3136 0.500672320930325
3137 0.500582625997420
3138 0.500542362910916
3139 0.500468302395891
3140 0.500613986458748
3141 0.500656987785041
3142 0.500749739774999
3143 0.500761269385216
3144 0.500824945270257
3145 0.500933769965968
3146 0.501025656417003
3147 0.501130604993967
3148 0.501033661780545
3149 0.501171549375794
3150 0.501278085859995
3151 0.501276014419406
3152 0.501168265560557
3153 0.501169772742477
3154 0.501296571333649
3155 0.501255302610564
3156 0.501355286031319
3157 0.501402010598967
3158 0.501386288527524
3159 0.501482107096663
3160 0.501601941072488
3161 0.501746269691899
3162 0.501732273089742
3163 0.501775181372634
3164 0.501796891204024
3165 0.501804712184044
3166 0.501768467626614
3167 0.501677907902170
3168 0.501710988054372
3169 0.501852067421949
3170 0.501759747526247
3171 0.501721466651515
3172 0.501628534189539
3173 0.501570756000335
3174 0.501536445641713
3175 0.501528848963460
3176 0.501399465411977
3177 0.501313667909732
3178 0.501441076913669
3179 0.501393392874258
3180 0.501385478853430
3181 0.501471213970646
3182 0.501382315855668
3183 0.501332064001507
3184 0.501200536986691
3185 0.501215203253777
3186 0.501151593167005
3187 0.501087189917659
3188 0.500970263702507
3189 0.501015109005076
3190 0.501050790051308
3191 0.501068325634475
3192 0.501015455202949
3193 0.501064015002300
3194 0.500949780793211
3195 0.501096120723909
3196 0.501225076419988
3197 0.501280344610181
3198 0.501227220794124
3199 0.501343794188003
3200 0.501371459960937
3201 0.501309576871730
3202 0.501205844628967
3203 0.501086103741244
3204 0.501111034150427
3205 0.501149974709926
3206 0.501030544154880
3207 0.500887674225206
3208 0.500920207720445
3209 0.500838762653621
3210 0.500728666596695
3211 0.500726386788700
3212 0.500844934066830
3213 0.500763119918106
3214 0.500833023536554
3215 0.500930154898304
3216 0.500814333483947
3217 0.500725458896342
3218 0.500824989333073
3219 0.500932127616908
3220 0.500951977842343
3221 0.500878443891163
3222 0.501003225126450
3223 0.501137861582643
3224 0.501264510616179
3225 0.501412741491037
3226 0.501548667761087
3227 0.501679752942095
3228 0.501642371346664
3229 0.501627704978321
3230 0.501596466158935
3231 0.501490223116271
3232 0.501551108785195
3233 0.501483439366736
3234 0.501406950941776
3235 0.501400327608795
3236 0.501270100861162
3237 0.501287790887106
3238 0.501432186736966
3239 0.501349397042755
3240 0.501270247094425
3241 0.501385654354125
3242 0.501389434645016
3243 0.501315605923455
3244 0.501288003604009
3245 0.501234245594183
3246 0.501189894097423
3247 0.501315733378287
3248 0.501253550863031
3249 0.501255287834959
3250 0.501245201697716
3251 0.501097328000639
3252 0.500982099206978
3253 0.500984630473313
3254 0.500927785018799
3255 0.501062021094350
3256 0.501095970959863
3257 0.501226905960959
3258 0.501339672971460
3259 0.501340984895793
3260 0.501485906495638
3261 0.501594513042395
3262 0.501623166550309
3263 0.501490123864518
3264 0.501621919519761
3265 0.501740034725546
3266 0.501728504038412
3267 0.501717961232232
3268 0.501779862103877
3269 0.501661896377428
3270 0.501797298699709
3271 0.501658781046388
3272 0.501508381664024
3273 0.501396722324463
3274 0.501245059396118
3275 0.501292165508707
3276 0.501159612075750
3277 0.501019102718759
3278 0.500901069198897
3279 0.500940888856525
3280 0.500969640220084
3281 0.500946147236218
3282 0.500866924241721
3283 0.500964227188952
3284 0.501059212725287
3285 0.501022157712614
3286 0.501129605461023
3287 0.501149278808445
3288 0.501130301296856
3289 0.501130198881451
3290 0.501258223977132
3291 0.501322159467226
3292 0.501379947036613
3293 0.501495537408898
3294 0.501620887334809
3295 0.501651255675621
3296 0.501587062206083
3297 0.501470341912392
3298 0.501560569749304
3299 0.501432661072129
3300 0.501417994643703
3301 0.501356603881873
3302 0.501218401829739
3303 0.501214743743259
3304 0.501335199462299
3305 0.501190102443031
3306 0.501226361707998
3307 0.501278628385929
3308 0.501383235982136
3309 0.501346425586469
3310 0.501495849978167
3311 0.501639810583448
3312 0.501493223623377
3313 0.501633395106635
3314 0.501523788535027
3315 0.501446441144066
3316 0.501483526103315
3317 0.501595967211995
3318 0.501600664448063
3319 0.501696212782347
3320 0.501662840326148
3321 0.501722272064843
3322 0.501601658407139
3323 0.501614033655700
3324 0.501623876688713
3325 0.501633429276316
3326 0.501590464965306
3327 0.501668395170551
3328 0.501750065730168
3329 0.501891099787145
3330 0.501818160323409
3331 0.501762644373522
3332 0.501710211672560
3333 0.501591602031297
3334 0.501522318217021
3335 0.501538223197971
3336 0.501661817518641
3337 0.501671068318990
3338 0.501629307714317
3339 0.501574200689882
3340 0.501649356316664
3341 0.501602003867667
3342 0.501452744470821
3343 0.501586868418500
3344 0.501604947176847
3345 0.501494713570861
3346 0.501392909458705
3347 0.501331221070758
3348 0.501349026441859
3349 0.501496299909954
3350 0.501437724099230
3351 0.501495980604554
3352 0.501486002118605
3353 0.501492203081895
3354 0.501463360635738
3355 0.501611591913306
3356 0.501611739148400
3357 0.501703529937444
3358 0.501830500318153
3359 0.501843365291358
3360 0.501807657877604
3361 0.501792465069222
3362 0.501894241142386
3363 0.501798286630822
3364 0.501746051801938
3365 0.501757123247121
3366 0.501792603989690
3367 0.501716335059841
3368 0.501583253402891
3369 0.501632731192258
3370 0.501551678484908
3371 0.501576783783674
3372 0.501660203311508
3373 0.501787879507301
3374 0.501679054717023
3375 0.501692337601273
3376 0.501612731065795
3377 0.501738065087587
3378 0.501680806658549
3379 0.501819322715323
3380 0.501855017306537
3381 0.501925360412507
3382 0.501841512958655
3383 0.501752167244194
3384 0.501801943948083
3385 0.501940413098920
3386 0.502038323660961
3387 0.501913669294476
3388 0.501941108928802
3389 0.502002832002434
3390 0.502038349162864
3391 0.502171697816255
3392 0.502057633309994
3393 0.502073306514561
3394 0.502088583843386
3395 0.502137012509780
3396 0.502121690586122
3397 0.502149508355258
3398 0.502030209276941
3399 0.502047389210866
3400 0.501993300494026
3401 0.501971842926483
3402 0.501888869440885
3403 0.501882359731418
3404 0.502010520280598
3405 0.501906017689978
3406 0.501873587554018
3407 0.501951754530539
3408 0.501812930398144
3409 0.501766009007636
3410 0.501789180274583
3411 0.501721089412585
3412 0.501811144919356
3413 0.501696287345719
3414 0.501624448717025
3415 0.501573464880925
3416 0.501718597054761
3417 0.501584574113577
3418 0.501551101889926
3419 0.501634265847219
3420 0.501725206877056
3421 0.501647967060070
3422 0.501630460916382
3423 0.501772667419273
3424 0.501910485953928
3425 0.501847075302235
3426 0.501814103446644
3427 0.501894930552073
3428 0.501952466219142
3429 0.501887515321978
3430 0.501944503561748
3431 0.501944185866798
3432 0.502004165471573
3433 0.502095267753923
3434 0.502046872796051
3435 0.502191339795419
3436 0.502108750437691
3437 0.502249261824447
3438 0.502328097092128
3439 0.502360821740854
3440 0.502490873115007
3441 0.502456394540332
3442 0.502594623643253
3443 0.502505091640307
3444 0.502394176664807
3445 0.502278799380896
3446 0.502254784972046
3447 0.502132414664813
3448 0.502117148131616
3449 0.502186700827006
3450 0.502060237276381
3451 0.501948641542420
3452 0.501848258397532
3453 0.501815535177744
3454 0.501782026881763
3455 0.501824226876244
3456 0.501955950701678
3457 0.501995657164133
3458 0.501951368783098
3459 0.501955463004684
3460 0.501831530973401
3461 0.501856096560333
3462 0.501833302516045
3463 0.501707530317711
3464 0.501626911119280
3465 0.501720381127119
3466 0.501742134600517
3467 0.501638328303581
3468 0.501673521330062
3469 0.501658312351362
3470 0.501594468702157
3471 0.501474893185839
3472 0.501617220689624
3473 0.501487426582071
3474 0.501487200467423
3475 0.501557028791030
3476 0.501572989759017
3477 0.501637258850572
3478 0.501696480766941
3479 0.501684028206628
3480 0.501547521832346
3481 0.501422184015683
3482 0.501527921007256
3483 0.501404886303227
3484 0.501439844562868
3485 0.501343368902439
3486 0.501330193471991
3487 0.501453632675272
3488 0.501328634559561
3489 0.501362278796978
3490 0.501342922090459
3491 0.501450935567016
3492 0.501471188469851
3493 0.501476341354584
3494 0.501411101718459
3495 0.501341088203572
3496 0.501444277556046
3497 0.501432781530374
3498 0.501559109739606
3499 0.501675954918481
3500 0.501576607840402
3501 0.501586948929770
3502 0.501704130494070
3503 0.501613215109705
3504 0.501517587600778
3505 0.501472314244160
3506 0.501371541433993
3507 0.501490610088417
3508 0.501381451074998
3509 0.501515042513448
3510 0.501406547350761
3511 0.501395125295389
3512 0.501459873347185
3513 0.501320968962381
3514 0.501405484715713
3515 0.501448912098262
3516 0.501367718693339
3517 0.501386263372548
3518 0.501428436053755
3519 0.501524916288696
3520 0.501467340642756
3521 0.501388311453822
3522 0.501428737347942
3523 0.501532141809737
3524 0.501445497476013
3525 0.501325112200798
3526 0.501253583521851
3527 0.501131919209735
3528 0.501167522266068
3529 0.501230094479447
3530 0.501211202043312
3531 0.501155337947045
3532 0.501242563111596
3533 0.501171916461754
3534 0.501219347363889
3535 0.501333544783747
3536 0.501322543459241
3537 0.501254266421270
3538 0.501372799353117
3539 0.501434222693226
3540 0.501519999531029
3541 0.501615664878830
3542 0.501660037350345
3543 0.501543631299283
3544 0.501558979800808
3545 0.501583005746430
3546 0.501681831820295
3547 0.501782882169902
3548 0.501904630607252
3549 0.501930286260214
3550 0.502061879332636
3551 0.502026131709708
3552 0.502069834116343
3553 0.502055938231116
3554 0.502190061278335
3555 0.502183264452026
3556 0.502307853226721
3557 0.502239648766956
3558 0.502196776726194
3559 0.502199692282659
3560 0.502203677745348
3561 0.502233310818371
3562 0.502106561077103
3563 0.502056155016072
3564 0.502080692586674
3565 0.502105498882363
3566 0.502119106050963
3567 0.502048869944434
3568 0.502155731611722
3569 0.502239694378896
3570 0.502328166373971
3571 0.502227697743651
3572 0.502259719011364
3573 0.502213015530979
3574 0.502162555508862
3575 0.502117800412478
3576 0.502119469695977
3577 0.502198545366884
3578 0.502066776964370
3579 0.502119611647916
3580 0.502196259738347
3581 0.502124248420483
3582 0.502099484987328
3583 0.502108472504165
3584 0.502007620675223
3585 0.501953278226334
3586 0.501935636538470
3587 0.501995128145582
3588 0.502083547670839
3589 0.501962410370664
3590 0.501982835009902
3591 0.502004004626910
3592 0.502012087135910
3593 0.501905339891586
3594 0.501986045603893
3595 0.502115135564260
3596 0.502113096175655
3597 0.502127627515117
3598 0.502143007440657
3599 0.502065520248138
3600 0.502045288085938
3601 0.502174909232028
3602 0.502268848916943
3603 0.502183112177027
3604 0.502197248689607
3605 0.502184296712465
3606 0.502075525369501
3607 0.501997348837222
3608 0.502020419304757
3609 0.502049844329065
3610 0.502003415601736
3611 0.501905163976500
3612 0.501972270302334
3613 0.501977451217825
3614 0.502110483901040
3615 0.502059687486493
3616 0.502127993423327
3617 0.502206664735321
3618 0.502074393994114
3619 0.502095273332261
3620 0.502182613815392
3621 0.502181994194024
3622 0.502298971225648
3623 0.502234420755309
3624 0.502280902652025
3625 0.502212469692888
3626 0.502255481313883
3627 0.502181691310936
3628 0.502187995952703
3629 0.502089087580084
3630 0.502140660982158
3631 0.502228186630211
3632 0.502117476274264
3633 0.502188680718630
3634 0.502322367540610
3635 0.502423011748302
3636 0.502453878505526
3637 0.502370889415641
3638 0.502239132923632
3639 0.502299804352050
3640 0.502378124195141
3641 0.502255652180677
3642 0.502327287936852
3643 0.502252059882073
3644 0.502343940944232
3645 0.502321914651920
3646 0.502369849811330
3647 0.502431624223998
3648 0.502426147460938
3649 0.502532682996412
3650 0.502595992414919
3651 0.502476119890634
3652 0.502596551199471
3653 0.502611596258640
3654 0.502583913484687
3655 0.502606151074619
3656 0.502724511879017
3657 0.502591131813773
3658 0.502631260958964
3659 0.502528922223563
3660 0.502577501307420
3661 0.502537768774754
3662 0.502658904412612
3663 0.502533042297447
3664 0.502640436830479
3665 0.502551802443938
3666 0.502485767453990
3667 0.502394543833196
3668 0.502476000603829
3669 0.502494606149070
3670 0.502374342416872
3671 0.502469296872340
3672 0.502363649588525
3673 0.502262189217559
3674 0.502211727003202
3675 0.502329309165072
3676 0.502207576515106
3677 0.502328930259043
3678 0.502327326265867
3679 0.502397865405320
3680 0.502353966754416
3681 0.502386108166302
3682 0.502404083964748
3683 0.502315797787660
3684 0.502231378379267
3685 0.502160263579121
3686 0.502024583821703
3687 0.502030623259828
3688 0.501982616499034
3689 0.501955160056714
3690 0.502026607027545
3691 0.502065811012535
3692 0.502190008194449
3693 0.502107092916497
3694 0.502059953046219
3695 0.502164485038375
3696 0.502249647528578
3697 0.502173244485605
3698 0.502215363258539
3699 0.502104673362416
3700 0.501999429238809
3701 0.502016683360494
3702 0.501941641751397
3703 0.501969170834353
3704 0.501986641605781
3705 0.502074618732077
3706 0.502207781261067
3707 0.502143894851063
3708 0.502115704352287
3709 0.502007232197021
3710 0.501990724959463
3711 0.501968905984215
3712 0.501921028926455
3713 0.502048483185135
3714 0.502055614432405
3715 0.502166649470580
3716 0.502183649332069
3717 0.502195919140520
3718 0.502256552463837
3719 0.502145626173766
3720 0.502236347813760
3721 0.502211946212166
3722 0.502078843975118
3723 0.502156255836292
3724 0.502119660505547
3725 0.502162004509228
3726 0.502251281574472
3727 0.502213109873369
3728 0.502309840124564
3729 0.502412942818324
3730 0.502326609429981
3731 0.502364200294513
3732 0.502376756739642
3733 0.502291998465962
3734 0.502294678322823
3735 0.502423063020310
3736 0.502327079691264
3737 0.502233115817124
3738 0.502312584188675
3739 0.502237463290757
3740 0.502334562087442
3741 0.502434488605988
3742 0.502436537464821
3743 0.502490708893580
3744 0.502472054245126
3745 0.502592796254381
3746 0.502622401720690
3747 0.502562149003057
3748 0.502445233160811
3749 0.502439354921729
3750 0.502459562174479
3751 0.502400295793518
3752 0.502394133285165
3753 0.502272839931180
3754 0.502238408262957
3755 0.502253481360790
3756 0.502358352287382
3757 0.502423925859229
3758 0.502414404933538
3759 0.502402234312130
3760 0.502277585293384
3761 0.502191569443175
3762 0.502278134773413
3763 0.502361872397044
3764 0.502257830531640
3765 0.502238928400979
3766 0.502351287825590
3767 0.502479344614311
3768 0.502570506620306
3769 0.502463543437210
3770 0.502523366589129
3771 0.502602912297903
3772 0.502591130083717
3773 0.502531478804996
3774 0.502584977951009
3775 0.502614592495344
3776 0.502657874155853
3777 0.502672829197486
3778 0.502757737345011
3779 0.502694599588702
3780 0.502743724035838
3781 0.502620815064219
3782 0.502634348029626
3783 0.502526747370535
3784 0.502458407057264
3785 0.502407010480309
3786 0.502502578437108
3787 0.502621376958282
3788 0.502634259941963
3789 0.502623690184580
3790 0.502550037555141
3791 0.502464517821300
3792 0.502418936556402
3793 0.502311724645935
3794 0.502337554786855
3795 0.502367818277030
3796 0.502445506346113
3797 0.502392507396876
3798 0.502382259358853
3799 0.502411290324654
3800 0.502456215306332
3801 0.502500996217073
3802 0.502574433031238
3803 0.502444527821888
3804 0.502358694307185
3805 0.502306535397503
3806 0.502180804093762
3807 0.502087916982183
3808 0.501962485433627
3809 0.502037747383869
3810 0.501947558145198
3811 0.502045830851995
3812 0.502028874560393
3813 0.501955077868886
3814 0.501995044662244
3815 0.502003960965658
3816 0.501907412610964
3817 0.501826657341949
3818 0.501821055344851
3819 0.501943895410386
3820 0.501899327782436
3821 0.501977724356353
3822 0.501873940588104
3823 0.501879996165785
3824 0.501945016773176
3825 0.501980523003472
3826 0.501979423080261
3827 0.501859227826647
3828 0.501887163024711
3829 0.501964060000571
3830 0.501866042333857
3831 0.501960987398750
3832 0.501993167375473
3833 0.502089415086706
3834 0.502208958458142
3835 0.502296935159815
3836 0.502170869033702
3837 0.502288953568869
3838 0.502280047935021
3839 0.502229373074348
3840 0.502230834960937
3841 0.502267517232858
3842 0.502297738515605
3843 0.502196638279522
3844 0.502147011652697
3845 0.502023763867442
3846 0.502122034954640
3847 0.502147852057508
3848 0.502055875972502
3849 0.502108448293185
3850 0.502035601727374
3851 0.502064806181126
3852 0.501995985876858
3853 0.502064328425091
3854 0.501963157634013
3855 0.501961793417133
3856 0.501908488293406
3857 0.501987005287667
3858 0.501991734719758
3859 0.501885439083656
3860 0.501896691198794
3861 0.502004058766754
3862 0.502110904513833
3863 0.502173399820311
3864 0.502225224275767
3865 0.502274882130296
3866 0.502213282222521
3867 0.502159866400088
3868 0.502285078614796
3869 0.502215123416904
3870 0.502095027795442
3871 0.501989066523811
3872 0.501889441624161
3873 0.501791515000686
3874 0.501714475018251
3875 0.501836890435988
3876 0.501787514386408
3877 0.501776962142523
3878 0.501707024891515
3879 0.501652929272102
3880 0.501597831175499
3881 0.501685064129533
3882 0.501578463161809
3883 0.501676706318508
3884 0.501616347339445
3885 0.501578398990508
3886 0.501512112227286
3887 0.501407113945021
3888 0.501526946393551
3889 0.501551429236508
3890 0.501594139432539
3891 0.501662247225669
3892 0.501689271838667
3893 0.501730338056688
3894 0.501814056067327
3895 0.501748496607730
3896 0.501851890610963
3897 0.501759651229110
3898 0.501808671476659
3899 0.501776586406871
3900 0.501668247320713
3901 0.501573740106703
3902 0.501632737355743
3903 0.501632600511125
3904 0.501721741723233
3905 0.501651419079105
3906 0.501756807748196
3907 0.501746984891401
3908 0.501729771937172
3909 0.501734060471428
3910 0.501786339801291
3911 0.501813318442274
3912 0.501826280465155
3913 0.501851597314840
3914 0.501743579800176
3915 0.501813788675866
3916 0.501793538951776
3917 0.501810455127489
3918 0.501810203345836
3919 0.501762551718690
3920 0.501829248545121
3921 0.501704765928853
3922 0.501816558448834
3923 0.501705569331208
3924 0.501779896525190
3925 0.501660125149283
3926 0.501752879628100
3927 0.501720446923443
3928 0.501651709531330
3929 0.501578913781139
3930 0.501514021312917
3931 0.501407496166787
3932 0.501355517553289
3933 0.501395692299135
3934 0.501408331152989
3935 0.501416938519993
3936 0.501469433792238
3937 0.501585038204256
3938 0.501647677985831
3939 0.501666473597856
3940 0.501712624796756
3941 0.501636349286745
3942 0.501586906320852
3943 0.501598608726600
3944 0.501710315263295
3945 0.501833236172172
3946 0.501755549589873
3947 0.501703208689452
3948 0.501754142351547
3949 0.501730127979394
3950 0.501826565899426
3951 0.501740490626879
3952 0.501786637402739
3953 0.501673796132882
3954 0.501632304522023
3955 0.501756091786998
3956 0.501655771469564
3957 0.501535766077126
3958 0.501416353338472
3959 0.501321860532864
3960 0.501367958145912
3961 0.501472101401753
3962 0.501579065144754
3963 0.501556920126896
3964 0.501591795027316
3965 0.501669761782787
3966 0.501668194238429
3967 0.501590752799955
3968 0.501638597057712
3969 0.501590589396928
3970 0.501642637469006
3971 0.501595129446790
3972 0.501483329473305
3973 0.501485152956283
3974 0.501367093812417
3975 0.501269431444084
3976 0.501258251412773
3977 0.501382998014953
3978 0.501366685778127
3979 0.501350941625664
3980 0.501252125495642
3981 0.501344950526721
3982 0.501316861852457
3983 0.501350029311586
3984 0.501407424130114
3985 0.501462959854337
3986 0.501552928229761
3987 0.501562826071941
3988 0.501572818430879
3989 0.501609253327510
3990 0.501562981856497
3991 0.501563905444966
3992 0.501503648165472
3993 0.501437436779012
3994 0.501494406221148
3995 0.501461459698158
3996 0.501362889378636
3997 0.501384339035527
3998 0.501400198084882
3999 0.501394506036177
4000 0.501469116210937
4001 0.501416409203363
4002 0.501489314241805
4003 0.501532732591670
4004 0.501546472936243
4005 0.501531441411127
4006 0.501626641763429
4007 0.501577218809954
4008 0.501476143172639
4009 0.501508979673664
4010 0.501584090615746
4011 0.501510715223078
4012 0.501544819277519
4013 0.501658976003769
4014 0.501539313026964
4015 0.501596240355989
4016 0.501695670929563
4017 0.501574439613090
4018 0.501575923784863
4019 0.501629231669589
4020 0.501530054196790
4021 0.501627169032501
4022 0.501683967852106
4023 0.501685582255061
4024 0.501800264089292
4025 0.501721646326669
4026 0.501760385193993
4027 0.501871924143380
4028 0.501921198218913
4029 0.502041958496215
4030 0.502105750753625
4031 0.502077398392439
4032 0.501961117699033
4033 0.502058593386786
4034 0.501934915825348
4035 0.501974733109220
4036 0.501895099258045
4037 0.502018227150808
4038 0.502106506438347
4039 0.502011659210878
4040 0.502100546053140
4041 0.502197492184600
4042 0.502145962571225
4043 0.502170371207276
4044 0.502118798321008
4045 0.502161172647559
4046 0.502229389788429
4047 0.502216924465171
4048 0.502141477562222
4049 0.502247568000008
4050 0.502192691755883
4051 0.502196007556487
4052 0.502266901737375
4053 0.502331021918563
4054 0.502273258459527
4055 0.502182958863960
4056 0.502253997020232
4057 0.502317184587403
4058 0.502368707031731
4059 0.502283615559655
4060 0.502262885934614
4061 0.502142858516991
4062 0.502038554685096
4063 0.502141916367505
4064 0.502114723986528
4065 0.502021847733126
4066 0.501981533517758
4067 0.501925698949337
4068 0.502030829295531
4069 0.501952074997312
4070 0.502064390440245
4071 0.502078486203386
4072 0.502139558023929
4073 0.502207680413508
4074 0.502307807574040
4075 0.502336538115893
4076 0.502231421952627
4077 0.502111274470352
4078 0.502149992564427
4079 0.502222635840107
4080 0.502250940659467
4081 0.502243943087057
4082 0.502164378112464
4083 0.502271717154685
4084 0.502295887318461
4085 0.502235903792457
4086 0.502340898406430
4087 0.502313175672770
4088 0.502371920531510
4089 0.502483066587758
4090 0.502577839970297
4091 0.502696505154703
4092 0.502637413822894
4093 0.502677375053445
4094 0.502682289380706
4095 0.502579357626965
4096 0.502670288085938
