1 0.230468750000000
2 0.185546875000000
3 0.130208333333333
4 0.126953125000000
5 0.238281250000000
6 0.360026041666667
7 0.340401785714286
8 0.384765625000000
9 0.412760416666667
10 0.401171875000000
11 0.448863636363636
12 0.475911458333333
13 0.446213942307692
14 0.423270089285714
15 0.403645833333333
16 0.400390625000000
17 0.379365808823529
18 0.383463541666667
19 0.407072368421053
20 0.408203125000000
21 0.412388392857143
22 0.406427556818182
23 0.390285326086957
24 0.374348958333333
25 0.377343750000000
26 0.386268028846154
27 0.399305555555556
28 0.388113839285714
29 0.405845905172414
30 0.406901041666667
31 0.424143145161290
32 0.431640625000000
33 0.444483901515151
34 0.453929227941176
35 0.459375000000000
36 0.467230902777778
37 0.462943412162162
38 0.466385690789474
39 0.476161858974359
40 0.472265625000000
41 0.467130335365854
42 0.477957589285714
43 0.479651162790698
44 0.477805397727273
45 0.483072916666667
46 0.488875679347826
47 0.494514627659574
48 0.504557291666667
49 0.507892219387755
50 0.499296875000000
51 0.498468137254902
52 0.489933894230769
53 0.482974646226415
54 0.490813078703704
55 0.493892045454545
56 0.496372767857143
57 0.488966557017544
58 0.484577047413793
59 0.482521186440678
60 0.486328125000000
61 0.487000512295082
62 0.480153729838710
63 0.481522817460317
64 0.478515625000000
65 0.478545673076923
66 0.477213541666667
67 0.474113805970149
68 0.472541360294118
69 0.479223278985507
70 0.475502232142857
71 0.475462147887324
72 0.481987847222222
73 0.487532106164384
74 0.488334037162162
75 0.484166666666667
76 0.478104440789474
77 0.476308847402597
78 0.475010016025641
79 0.473793512658228
80 0.475390625000000
81 0.473138503086420
82 0.475943216463415
83 0.471197289156627
84 0.473679315476190
85 0.476884191176471
86 0.477516351744186
87 0.475305316091954
88 0.472833806818182
89 0.475377457865169
90 0.479644097222222
91 0.485233516483516
92 0.483610733695652
93 0.480048723118280
94 0.482255651595745
95 0.479194078947368
96 0.483723958333333
97 0.479824420103093
98 0.475087691326531
99 0.479324494949495
100 0.484453125000000
101 0.485187190594059
102 0.488702512254902
103 0.484905946601942
104 0.485727163461538
105 0.485974702380952
106 0.483011497641509
107 0.485981308411215
108 0.487485532407407
109 0.491864965596330
110 0.487393465909091
111 0.483037725225225
112 0.480747767857143
113 0.484616980088496
114 0.483244243421053
115 0.485190217391304
116 0.483634159482759
117 0.482672275641026
118 0.479905985169492
119 0.483521533613445
120 0.486848958333333
121 0.485504907024793
122 0.485495645491803
123 0.486534552845528
124 0.490360383064516
125 0.492656250000000
126 0.491226438492063
127 0.493786909448819
128 0.494140625000000
129 0.495972625968992
130 0.497085336538462
131 0.497256679389313
132 0.498165246212121
133 0.495800046992481
134 0.495598180970149
135 0.497280092592593
136 0.495059742647059
137 0.492444114963504
138 0.494650135869565
139 0.494154676258993
140 0.492578125000000
141 0.493267952127660
142 0.494195642605634
143 0.495137674825175
144 0.497612847222222
145 0.497925646551724
146 0.501043450342466
147 0.499893707482993
148 0.502797719594595
149 0.506108431208054
150 0.507942708333333
151 0.508122930463576
152 0.508120888157895
153 0.511003880718954
154 0.508395900974026
155 0.506653225806452
156 0.507161458333333
157 0.506493829617834
158 0.509221716772152
159 0.508795204402516
160 0.506640625000000
161 0.505701669254658
162 0.504219714506173
163 0.502013036809816
164 0.500428734756098
165 0.502296401515152
166 0.499835278614458
167 0.498924026946108
168 0.500837053571429
169 0.502380732248521
170 0.501907169117647
171 0.499269005847953
172 0.501589752906977
173 0.499932261560694
174 0.498495869252874
175 0.497098214285714
176 0.496981534090909
177 0.495122704802260
178 0.495589009831461
179 0.498166899441341
180 0.498480902777778
181 0.499158321823204
182 0.498647836538462
183 0.496798155737705
184 0.494819972826087
185 0.495249155405405
186 0.496534778225806
187 0.498495989304813
188 0.496966422872340
189 0.494481646825397
190 0.494839638157895
191 0.492596531413613
192 0.494140625000000
193 0.496660459844560
194 0.498691204896907
195 0.500080128205128
196 0.501953125000000
197 0.501606123096447
198 0.502702809343434
199 0.505064384422111
200 0.504765625000000
201 0.504178327114428
202 0.501914449257426
203 0.502770935960591
204 0.502872242647059
205 0.504516006097561
206 0.506314472087379
207 0.508114432367150
208 0.506159855769231
209 0.507532147129187
210 0.506082589285714
211 0.506442535545024
212 0.504901238207547
213 0.503686179577465
214 0.501478533878505
215 0.502797965116279
216 0.503978587962963
217 0.502574164746544
218 0.501917287844037
219 0.501855022831050
220 0.503373579545455
221 0.504047652714932
222 0.502621762387387
223 0.503468329596413
224 0.503069196428571
225 0.503524305555556
226 0.503577848451327
227 0.503097466960352
228 0.503049616228070
229 0.501108760917031
230 0.500424592391304
231 0.500845508658009
232 0.498989762931034
233 0.496898471030043
234 0.497646233974359
235 0.496808510638298
236 0.495332362288136
237 0.495203718354430
238 0.495223870798319
239 0.495260198744770
240 0.496223958333333
241 0.495899247925311
242 0.497272081611570
243 0.496077674897119
244 0.497342469262295
245 0.498867984693878
246 0.499507748983740
247 0.499146002024291
248 0.498676915322581
249 0.499984312248996
250 0.501921875000000
251 0.500373505976096
252 0.500217013888889
253 0.499336091897233
254 0.500569020669291
255 0.499846813725490
256 0.498046875000000
257 0.497005714980545
258 0.495624394379845
259 0.493786196911197
260 0.492337740384615
261 0.493070522030651
262 0.494886092557252
263 0.493850998098859
264 0.494614109848485
265 0.495150353773585
266 0.494404957706767
267 0.496020599250936
268 0.497055736940299
269 0.495541937732342
270 0.494169560185185
271 0.492821725092251
272 0.492302389705882
273 0.490656478937729
274 0.490519502737226
275 0.491761363636364
276 0.491536458333333
277 0.491552910649819
278 0.490796425359712
279 0.489163306451613
280 0.487444196428571
281 0.487308162811388
282 0.487741023936170
283 0.488626325088339
284 0.487208406690141
285 0.488665021929825
286 0.488486123251748
287 0.490064242160279
288 0.490668402777778
289 0.491930687716263
290 0.492874461206897
291 0.493395618556701
292 0.494247645547945
293 0.493614014505119
294 0.493954613095238
295 0.495153601694915
296 0.494562922297297
297 0.493778935185185
298 0.495215499161074
299 0.495401337792642
300 0.495078125000000
301 0.495808243355482
302 0.496649937913907
303 0.497498968646865
304 0.499074835526316
305 0.499628586065574
306 0.498251123366013
307 0.498116856677524
308 0.496677150974026
309 0.495461670711974
310 0.496786794354839
311 0.497312098070740
312 0.497746394230769
313 0.496393270766773
314 0.495558817675159
315 0.495138888888889
316 0.495821795886076
317 0.495921234227129
318 0.494558274371069
319 0.494783503134796
320 0.494140625000000
321 0.494098033489097
322 0.493776688664596
323 0.493082430340557
324 0.492693865740741
325 0.494050480769231
326 0.493206000766871
327 0.493143157492355
328 0.494521722560976
329 0.495713810790274
330 0.495868844696970
331 0.494901812688822
332 0.493481739457831
333 0.493020364114114
334 0.492667009730539
335 0.492327425373134
336 0.492652529761905
337 0.492059996290801
338 0.492684448964497
339 0.491473082595870
340 0.492026654411765
341 0.492771719208211
342 0.492884228801170
343 0.492278607871720
344 0.491597020348837
345 0.492198822463768
346 0.493260025289017
347 0.494686599423631
348 0.494230423850575
349 0.493250805873926
350 0.493805803571429
351 0.492944266381766
352 0.494140625000000
353 0.493039571529745
354 0.491690942796610
355 0.492825704225352
356 0.494228405898876
357 0.494408700980392
358 0.495384514664804
359 0.494276636490251
360 0.494487847222222
361 0.494535578254848
362 0.493644250690608
363 0.494490358126722
364 0.494913289835165
365 0.496200770547945
366 0.494845030737705
367 0.493507322888283
368 0.492781929347826
369 0.493934197154472
370 0.493486064189189
371 0.494061657681941
372 0.493552587365591
373 0.493224279490617
374 0.492323278743315
375 0.493437500000000
376 0.494473071808511
377 0.494021468832891
378 0.493995949074074
379 0.494310686015831
380 0.495538651315789
381 0.496278297244095
382 0.495797202225131
383 0.496634301566580
384 0.496744791666667
385 0.497351866883117
386 0.497723040803109
387 0.497779392764858
388 0.498087145618557
389 0.497278679305913
390 0.497205528846154
391 0.497782129156010
392 0.497010522959184
393 0.496093750000000
394 0.496857154187817
395 0.496677215189873
396 0.496113478535354
397 0.496349574937028
398 0.496672817211055
399 0.497004229323308
400 0.497890625000000
401 0.498003039276808
402 0.499135183457711
403 0.498720533498759
404 0.499787283415842
405 0.501012731481482
406 0.501702971059113
407 0.501785165847666
408 0.501799938725490
409 0.502893872249389
410 0.501934070121951
411 0.501292579075426
412 0.501498027912621
413 0.501257944915254
414 0.502311669685990
415 0.502164909638554
416 0.501352163461538
417 0.501002323141487
418 0.500439219497608
419 0.499589797136038
420 0.498976934523810
421 0.499712366389549
422 0.498750370260663
423 0.498393173758865
424 0.499152417452830
425 0.499770220588235
426 0.499587367957746
427 0.498536299765808
428 0.499470648364486
429 0.498807182400932
430 0.498228561046512
431 0.497661687935035
432 0.497612847222222
433 0.496851544457275
434 0.497038810483871
435 0.498096264367816
436 0.498226060779817
437 0.498507222540046
438 0.498296589611872
439 0.497526338268793
440 0.496697443181818
441 0.496873228458050
442 0.497410562782805
443 0.498236455981941
444 0.497589386261261
445 0.496532654494382
446 0.496680563340807
447 0.495717980984340
448 0.496372767857143
449 0.497450932628062
450 0.498324652777778
451 0.498925997782705
452 0.499740735619469
453 0.499594715783664
454 0.500077436674009
455 0.501116071428571
456 0.500993695175439
457 0.500743640590810
458 0.499752661026201
459 0.500136165577342
460 0.500186820652174
461 0.500923603579176
462 0.501733292748918
463 0.502547921166307
464 0.501683728448276
465 0.502310147849462
466 0.501668119635193
467 0.501840203426124
468 0.501151842948718
469 0.500608009061834
470 0.499609375000000
471 0.500215631634820
472 0.500761387711864
473 0.500123876849894
474 0.499826938291139
475 0.499802631578947
476 0.500508797268908
477 0.500827109538784
478 0.500171613493724
479 0.500570850730689
480 0.500390625000000
481 0.500609082640333
482 0.500640235995851
483 0.500420548654244
484 0.500403538223141
485 0.499492590206186
486 0.499172132201646
487 0.499374358316222
488 0.498495133196721
489 0.497499680470348
490 0.497855548469388
491 0.497454175152749
492 0.496744791666667
493 0.496680083671400
494 0.496686804149798
495 0.496701388888889
496 0.497164818548387
497 0.497005470321932
498 0.497670368975904
499 0.497087925851703
500 0.497703125000000
501 0.498448415668663
502 0.498762761454183
503 0.498586605367793
504 0.498356894841270
505 0.499002165841584
506 0.499961400691700
507 0.499198717948718
508 0.499123400590551
509 0.498687684184676
510 0.499303002450980
511 0.498945083170254
512 0.498046875000000
513 0.497525280214425
514 0.496830921692607
515 0.495904126213592
516 0.495170179263566
517 0.495534634912959
518 0.496448178088803
519 0.495920640655106
520 0.496304086538462
521 0.496573596449136
522 0.496191032088123
523 0.497012428298279
524 0.497539957061069
525 0.496763392857143
526 0.496056618346008
527 0.495359938330171
528 0.495087594696970
529 0.494232927693762
530 0.494155365566038
531 0.494791666666667
532 0.494669290413534
533 0.494671962945591
534 0.494272296348315
535 0.493414135514019
536 0.492508162313433
537 0.492427548882682
538 0.492644923327138
539 0.493100649350649
540 0.492346643518519
541 0.493104493992606
542 0.493001902675277
543 0.493827693370166
544 0.494140625000000
545 0.494803612385321
546 0.495299622252747
547 0.495572440585009
548 0.496022468065693
549 0.495681067850638
550 0.495859375000000
551 0.496497844827586
552 0.496178668478261
553 0.495754690325497
554 0.496523860559567
555 0.496621621621622
556 0.496445031474820
557 0.496837129712747
558 0.497290826612903
559 0.497749888193202
560 0.498604910714286
561 0.498906807040998
562 0.498158084964413
563 0.498085035523979
564 0.497298869680851
565 0.496633019911504
566 0.497356724823322
567 0.497643849206349
568 0.497881822183099
569 0.497137247363796
570 0.496676260964912
571 0.496442644483363
572 0.496817635489510
573 0.496870909685864
574 0.496114165940767
575 0.496236413043478
576 0.495876736111111
577 0.495850032495667
578 0.495667982266436
579 0.495277417962003
580 0.495056573275862
581 0.495811370481928
582 0.495335320017182
583 0.495296419382504
584 0.496066994863014
585 0.496734775641026
586 0.496820339163823
587 0.496273424190801
588 0.495469281462585
589 0.495205061544991
590 0.495001324152542
591 0.494804885786802
592 0.494985219594595
593 0.494644551011804
594 0.494995528198653
595 0.494301470588235
596 0.494612520973154
597 0.495033762562814
598 0.495094324832776
599 0.494743843906511
600 0.494348958333333
601 0.494689839850250
602 0.495295629152824
603 0.496113184079602
604 0.495847992549669
605 0.495280216942149
606 0.495597411303630
607 0.495096272652389
608 0.495785361842105
609 0.495144447865353
610 0.494358350409836
611 0.495013297872340
612 0.495825674019608
613 0.495928068923328
614 0.496494554153094
615 0.495846036585366
616 0.495966923701299
617 0.495992453403566
618 0.495467991504854
619 0.495961227786753
620 0.496207157258065
621 0.496961805555556
622 0.496162831591640
623 0.495372692616372
624 0.494941907051282
625 0.495618750000000
626 0.495351188099042
627 0.495688795853270
628 0.495384653662420
629 0.495187052861685
630 0.494649057539683
631 0.495307547543582
632 0.495920688291139
633 0.495649437203791
634 0.495631654179811
635 0.495816929133858
636 0.496548250786164
637 0.496989060047096
638 0.496699892241379
639 0.497200215179969
640 0.497265625000000
641 0.497629436427457
642 0.497852170950156
643 0.497885886469673
644 0.498071137422360
645 0.497583575581395
646 0.497538941563468
647 0.497886881761978
648 0.497419945987654
649 0.496864166024653
650 0.497325721153846
651 0.497215821812596
652 0.496872603527607
653 0.497014978943338
654 0.497210674694190
655 0.497411736641221
656 0.497951600609756
657 0.498020119863014
658 0.498711768617021
659 0.498458839150228
660 0.499112215909091
661 0.499864079046899
662 0.500289133308157
663 0.500341723227753
664 0.500352974397590
665 0.501027960526316
666 0.500439893018018
667 0.500046851574213
668 0.500175430389222
669 0.500029194693573
670 0.500682136194030
671 0.500593796572280
672 0.500093005952381
673 0.499878111069837
674 0.499530554525223
675 0.499004629629630
676 0.498624722633136
677 0.499082579394387
678 0.498484743731563
679 0.498262610456554
680 0.498736213235294
681 0.499122384361233
682 0.499009118401760
683 0.498352855051244
684 0.498937774122807
685 0.498523038321168
686 0.498160759839650
687 0.497805221979622
688 0.497774345930233
689 0.497295673076923
690 0.497412817028985
691 0.498077966714906
692 0.498159772398844
693 0.498337166305916
694 0.498204475864553
695 0.497718075539568
696 0.497193785919540
697 0.497304295193687
698 0.497643938037249
699 0.498167024320458
700 0.497756696428571
701 0.497085636590585
702 0.497178819444444
703 0.496566056187767
704 0.496981534090909
705 0.497667331560284
706 0.498223928824363
707 0.498607673267327
708 0.499128266242938
709 0.499035833921016
710 0.499345290492958
711 0.500010988045007
712 0.499934164325843
713 0.499775376928471
714 0.499141062675070
715 0.499388111888112
716 0.499421700418994
717 0.499896487099024
718 0.500418915389972
719 0.500945323365786
720 0.500390625000000
721 0.500796419902913
722 0.500384132617729
723 0.500497060857538
724 0.500053953729282
725 0.499703663793103
726 0.499058410812672
727 0.499451942916094
728 0.499806833791209
729 0.499394504458162
730 0.499202696917808
731 0.499187756497948
732 0.499647797131148
733 0.499856113574352
734 0.499430560286104
735 0.499691751700680
736 0.499575407608696
737 0.499719089213026
738 0.499740641937669
739 0.499598274695535
740 0.499588260135135
741 0.498993125843455
742 0.498783903301887
743 0.498916975100942
744 0.498340893817204
745 0.497687709731544
746 0.497921204758713
747 0.497657295850067
748 0.497190424465241
749 0.497147237983979
750 0.497151041666667
751 0.497160036617843
752 0.497465093085106
753 0.497359520252324
754 0.497798201259947
755 0.497413079470199
756 0.497819527116402
757 0.498312623844122
758 0.498520984498681
759 0.498404561923584
760 0.498252467105263
761 0.498680806504599
762 0.499318200459318
763 0.498812254259502
764 0.498762679973822
765 0.498473243464052
766 0.498883200065274
767 0.498645290091265
768 0.498046875000000
769 0.497698919050715
770 0.497235186688312
771 0.496615596627756
772 0.496124109455959
773 0.496366631630013
774 0.496976946059432
775 0.496622983870968
776 0.496879027061856
777 0.497059000965251
778 0.496801695051414
779 0.497352374839538
780 0.497706330128205
781 0.497184098911652
782 0.496708160166240
783 0.496238425925926
784 0.496053890306122
785 0.495476711783439
786 0.495422829198473
787 0.495850540025413
788 0.495766576776650
789 0.495766991444867
790 0.495495450949367
791 0.494913479772440
792 0.494298453282828
793 0.494241606242119
794 0.494386610516373
795 0.494693396226415
796 0.494179883793970
797 0.494692009096612
798 0.494620339912281
799 0.495179521276596
800 0.495390625000000
801 0.495840160736579
802 0.496176550810474
803 0.496361301369863
804 0.496667055348259
805 0.496433423913043
806 0.496554164081886
807 0.496989234820322
808 0.496770575495049
809 0.496480029357231
810 0.497005208333333
811 0.497071516646116
812 0.496950046182266
813 0.497218058118081
814 0.497528601044226
815 0.497843174846626
816 0.498429840686274
817 0.498637354651163
818 0.498123280867971
819 0.498073107448107
820 0.497532393292683
821 0.497073880937881
822 0.497571662104623
823 0.497769213244228
824 0.497933100728155
825 0.497419507575758
826 0.497101051755448
827 0.496939238210399
828 0.497197690217391
829 0.497234054583836
830 0.496710278614458
831 0.496794148616125
832 0.496544471153846
833 0.496525172569028
834 0.496398193944844
835 0.496126497005988
836 0.495972263755981
837 0.496495109020311
838 0.496163670942721
839 0.496135652562574
840 0.496670386904762
841 0.497134178061831
842 0.497193252672209
843 0.496811981020166
844 0.496251110781991
845 0.496066013313609
846 0.495922909278960
847 0.495784755017710
848 0.495909492924528
849 0.495670457891637
850 0.495914522058824
851 0.495428172737955
852 0.495644439553991
853 0.495938049531067
854 0.495979398419204
855 0.495732821637427
856 0.495454877336449
857 0.495692641481914
858 0.496116513694639
859 0.496689464493597
860 0.496502543604651
861 0.496102823751452
862 0.496324862238979
863 0.495971538238702
864 0.496455439814815
865 0.496003432080925
866 0.495448722575058
867 0.495909025374856
868 0.496480774769585
869 0.496552251150748
870 0.496951329022988
871 0.496492896096441
872 0.496577551605505
873 0.496594895475372
874 0.496223362414188
875 0.496571428571429
876 0.496744791666667
877 0.497278541904219
878 0.496712165432802
879 0.496151521615472
880 0.495845170454545
881 0.496324311861521
882 0.496133609693878
883 0.496372451868630
884 0.496155613687783
885 0.496014300847458
886 0.495630819695260
887 0.496098153889515
888 0.496533643018018
889 0.496339812992126
890 0.496326369382022
891 0.496457631874299
892 0.496978349215247
893 0.497292308230683
894 0.497085605425056
895 0.497442388268156
896 0.497488839285714
897 0.497748571627648
898 0.497907676781737
899 0.497931729699666
900 0.498064236111111
901 0.497715212264151
902 0.497683100055432
903 0.497932239756368
904 0.497597483407080
905 0.497198722375691
906 0.497529490894040
907 0.497450385887541
908 0.497203675660793
909 0.497305589933993
910 0.497445913461538
911 0.497590216794731
912 0.497978344298246
913 0.498027621851041
914 0.498525540207877
915 0.498343579234973
916 0.498814478711790
917 0.499356767993457
918 0.499663841230937
919 0.499702461915125
920 0.499711277173913
921 0.500199341748100
922 0.499775454175705
923 0.499492145178765
924 0.499585700757576
925 0.499480574324324
926 0.499953597462203
927 0.499890439590076
928 0.499528556034483
929 0.499373486275565
930 0.499122143817204
931 0.498741272824919
932 0.498466000536481
933 0.498798398981779
934 0.498364728319058
935 0.498203542780749
936 0.498547676282051
937 0.498828541889007
938 0.498746501865672
939 0.498269435569755
940 0.498695146276596
941 0.498393497608927
942 0.498129810244161
943 0.497870824496288
944 0.497848252118644
945 0.497499173280423
946 0.497584401427061
947 0.498069561774023
948 0.498129285337553
949 0.498258858008430
950 0.498162006578947
951 0.497806585173502
952 0.497423188025210
953 0.497503770986359
954 0.497752063679245
955 0.498134816753927
956 0.497834401150628
957 0.497342770376176
958 0.497410784185804
959 0.496961352971846
960 0.497265625000000
961 0.497768437825182
962 0.498176812629938
963 0.498458592938733
964 0.498841091804979
965 0.498773477979275
966 0.499001196946170
967 0.499491016028956
968 0.499435046487603
969 0.499318724200206
970 0.498852287371134
971 0.499034500514933
972 0.499059606481481
973 0.499409847122302
974 0.499795463295688
975 0.500184294871795
976 0.499775870901639
977 0.500075965967247
978 0.499772335122699
979 0.499856358529111
980 0.499529655612245
981 0.499271311162080
982 0.498794711048880
983 0.499086024923703
984 0.499348958333333
985 0.499044257614213
986 0.498902605223124
987 0.498891843971631
988 0.499232983299595
989 0.499387797017189
990 0.499072758838384
991 0.499266839051463
992 0.499180947580645
993 0.499287984642497
994 0.499304420271630
995 0.499199120603015
996 0.499192080823293
997 0.498750156720160
998 0.498594845941884
999 0.498694006506507
1000 0.498265625000000
1001 0.497779564185814
1002 0.497953312125749
1003 0.497756729810568
1004 0.497408802290837
1005 0.497376399253731
1006 0.497379007206759
1007 0.497385489076465
1008 0.497612847222222
1009 0.497533913528246
1010 0.497861231435644
1011 0.497573565776459
1012 0.497877038043478
1013 0.498245465202369
1014 0.498401288214990
1015 0.498314347290640
1016 0.498200664370079
1017 0.498521232792527
1018 0.498998495825147
1019 0.498619970559372
1020 0.498583026960784
1021 0.498366338148874
1022 0.498673709637965
1023 0.498495540078201
1024 0.498046875000000
1025 0.497785823170732
1026 0.497437713206628
1027 0.496972370983447
1028 0.496602930447471
1029 0.496784651360544
1030 0.497242870145631
1031 0.496976539767216
1032 0.497168725775194
1033 0.497303817763795
1034 0.497109979448743
1035 0.497524154589372
1036 0.497790480212355
1037 0.497397088958534
1038 0.497038324903661
1039 0.496684011068335
1040 0.496544471153846
1041 0.496108759606148
1042 0.496067508397313
1043 0.496389621284756
1044 0.496325730363985
1045 0.496325508373206
1046 0.496119891252390
1047 0.495679620343840
1048 0.495214098282443
1049 0.495170251429933
1050 0.495279017857143
1051 0.495510228353949
1052 0.495120900665399
1053 0.495507627018044
1054 0.495452591318786
1055 0.495875296208531
1056 0.496034564393939
1057 0.496374615657521
1058 0.496629105623819
1059 0.496768767705382
1060 0.497000294811321
1061 0.496822720311027
1062 0.496913988935970
1063 0.497243944026341
1064 0.497077655075188
1065 0.496856660798122
1066 0.497255364681051
1067 0.497305529522024
1068 0.497212956460674
1069 0.497416539990645
1070 0.497652599299065
1071 0.497891865079365
1072 0.498338386194030
1073 0.498496476001864
1074 0.498105068668529
1075 0.498066860465116
1076 0.497654797862454
1077 0.497305159006500
1078 0.497684514146568
1079 0.497835090361446
1080 0.497960069444444
1081 0.497568079324699
1082 0.497324832486137
1083 0.497201061865189
1084 0.497398235701107
1085 0.497425835253456
1086 0.497025351058932
1087 0.497089178932843
1088 0.496897977941176
1089 0.496882891414141
1090 0.496785407110092
1091 0.496577108157654
1092 0.496458619505495
1093 0.496858560155535
1094 0.496604347577697
1095 0.496582477168950
1096 0.496991902372263
1097 0.497347168413856
1098 0.497392275728597
1099 0.497099636032757
1100 0.496669034090909
1101 0.496526595140781
1102 0.496416316923775
1103 0.496309780145059
1104 0.496405117753623
1105 0.496221012443439
1106 0.496408086573237
1107 0.496033762420958
1108 0.496199514891697
1109 0.496424847835888
1110 0.496456221846847
1111 0.496266032853285
1112 0.496051596223022
1113 0.496234136343217
1114 0.496560115574506
1115 0.497001121076233
1116 0.496856798835125
1117 0.496548371754700
1118 0.496719169275492
1119 0.496446324843610
1120 0.496819196428571
1121 0.496470088090990
1122 0.496041527406417
1123 0.496396371326803
1124 0.496837466637011
1125 0.496892361111111
1126 0.497200405195382
1127 0.496845885093168
1128 0.496911015070922
1129 0.496924130868025
1130 0.496636476769912
1131 0.496905393457118
1132 0.497039255742049
1133 0.497452145851721
1134 0.497013475529101
1135 0.496579019823789
1136 0.496341329225352
1137 0.496712153693931
1138 0.496564010325132
1139 0.496748792800702
1140 0.496580317982456
1141 0.496470338518843
1142 0.496172422285464
1143 0.496534612860892
1144 0.496872268356643
1145 0.496721479257642
1146 0.496710705715532
1147 0.496812336530078
1148 0.497216626742160
1149 0.497460427545692
1150 0.497299592391304
1151 0.497576835360556
1152 0.497612847222222
1153 0.497814803772767
1154 0.497938556109185
1155 0.497957251082251
1156 0.498060391435986
1157 0.497788596585998
1158 0.497763520077720
1159 0.497957560396894
1160 0.497696659482759
1161 0.497385739664083
1162 0.497643475688468
1163 0.497581685296647
1164 0.497389121563574
1165 0.497468481759657
1166 0.497577856989708
1167 0.497690392030848
1168 0.497993364726027
1169 0.498031838109495
1170 0.498420806623932
1171 0.498278714773698
1172 0.498646811006826
1173 0.499070891943734
1174 0.499311248935264
1175 0.499341755319149
1176 0.499348958333333
1177 0.499731175658454
1178 0.499399803692699
1179 0.499178329092451
1180 0.499251853813559
1181 0.499169797840813
1182 0.499540635575296
1183 0.499491494082840
1184 0.499208192567568
1185 0.499086893459916
1186 0.498890045320405
1187 0.498591512215670
1188 0.498375683922559
1189 0.498636590622372
1190 0.498296349789916
1191 0.498169867758186
1192 0.498440121644295
1193 0.498660807837385
1194 0.498596498115578
1195 0.498221757322176
1196 0.498556385869565
1197 0.498319366123642
1198 0.498112087854758
1199 0.497908413261051
1200 0.497890625000000
1201 0.497615919025812
1202 0.497682898294509
1203 0.498064733998338
1204 0.498111762873754
1205 0.498213822614108
1206 0.498137567371476
1207 0.497857549710025
1208 0.497555360099338
1209 0.497618770678247
1210 0.497814436983471
1211 0.498116226259290
1212 0.497879280115512
1213 0.497491369538335
1214 0.497544918657331
1215 0.497190072016461
1216 0.497430098684211
1217 0.497827008011504
1218 0.498149502257800
1219 0.498372128794094
1220 0.498674436475410
1221 0.498621135339885
1222 0.498801273527005
1223 0.499188726492232
1224 0.499144709967320
1225 0.499052933673469
1226 0.498684109910277
1227 0.498828443357783
1228 0.498848483306189
1229 0.499125940805533
1230 0.499431529471545
1231 0.499739794882210
1232 0.499416599025974
1233 0.499654678629359
1234 0.499414379051864
1235 0.499481275303644
1236 0.499222542475728
1237 0.499017911277284
1238 0.498640069668821
1239 0.498871317594835
1240 0.499080141129032
1241 0.498838512288477
1242 0.498726222826087
1243 0.498717819790829
1244 0.498988896704180
1245 0.499112073293173
1246 0.498861983346709
1247 0.499016389334403
1248 0.498948317307692
1249 0.499033601881505
1250 0.499046875000000
1251 0.498963329336531
1252 0.498957917332268
1253 0.498606469473264
1254 0.498482979465710
1255 0.498562001992032
1256 0.498221039012739
1257 0.497834004574383
1258 0.497972351947536
1259 0.497815726767276
1260 0.497538442460317
1261 0.497512514869151
1262 0.497514485935024
1263 0.497519546714173
1264 0.497700751582278
1265 0.497637722332016
1266 0.497898770734597
1267 0.497669198895028
1268 0.497911326892744
1269 0.498205402876281
1270 0.498329847440945
1271 0.498260474036192
1272 0.498169713050314
1273 0.498425839552239
1274 0.498807275313972
1275 0.498504901960784
1276 0.498475460423198
1277 0.498302295418951
1278 0.498548146517997
1279 0.498405736903831
1280 0.498046875000000
1281 0.497837992779079
1282 0.497559355499220
1283 0.497186769290725
1284 0.496890819704050
1285 0.497036113813230
1286 0.497402920878694
1287 0.497189442501943
1288 0.497343264751553
1289 0.497451391582622
1290 0.497295906007752
1291 0.497627807900852
1292 0.497841282894737
1293 0.497525739559165
1294 0.497237852588872
1295 0.496953426640927
1296 0.496841242283951
1297 0.496491302043177
1298 0.496457891949153
1299 0.496716224018476
1300 0.496664663461538
1301 0.496664224634896
1302 0.496498775921659
1303 0.496144714121259
1304 0.495770226226994
1305 0.495734554597701
1306 0.495821568721286
1307 0.496007077276205
1308 0.495693568425076
1309 0.496004225553858
1310 0.495959565839695
1311 0.496299342105263
1312 0.496427210365854
1313 0.496700661652704
1314 0.496905322488584
1315 0.497017585551331
1316 0.497203884878419
1317 0.497060672930904
1318 0.497134033573596
1319 0.497399782031842
1320 0.497265625000000
1321 0.497087315480696
1322 0.497408637481089
1323 0.497448979591837
1324 0.497374197507553
1325 0.497538325471698
1326 0.497728718891403
1327 0.497921769027882
1328 0.498282191265060
1329 0.498409871143717
1330 0.498093867481203
1331 0.498063016528926
1332 0.497730152027027
1333 0.497447604088522
1334 0.497754052661169
1335 0.497875702247191
1336 0.497976702844311
1337 0.497659755983545
1338 0.497462981128550
1339 0.497362770724421
1340 0.497522154850746
1341 0.497544393176734
1342 0.497220217026826
1343 0.497271733060313
1344 0.497116815476190
1345 0.497104437732342
1346 0.497025329680535
1347 0.496856440237565
1348 0.496760246661721
1349 0.497084066901408
1350 0.496877893518519
1351 0.496859964840859
1352 0.497191660502959
1353 0.497479559312639
1354 0.497516040435746
1355 0.497278597785978
1356 0.496929157448378
1357 0.496813398120855
1358 0.496723697533137
1359 0.496637003311258
1360 0.496714154411765
1361 0.496564451689934
1362 0.496716111417034
1363 0.496411867204696
1364 0.496546233504399
1365 0.496729052197802
1366 0.496754323755491
1367 0.496599533650329
1368 0.496424981725146
1369 0.496573114499635
1370 0.496837933394161
1371 0.497196389496718
1372 0.497078853862974
1373 0.496827772214130
1374 0.496966543850073
1375 0.496744318181818
1376 0.497047601744186
1377 0.496763230755265
1378 0.496414073838897
1379 0.496702773749094
1380 0.497061820652174
1381 0.497106376719768
1382 0.497357204232996
1383 0.497068194143167
1384 0.497121116329480
1385 0.497131656137184
1386 0.496896983225108
1387 0.497116077865898
1388 0.497225099063401
1389 0.497561757559395
1390 0.497203799460432
1391 0.496849164270309
1392 0.496654992816092
1393 0.496957443467337
1394 0.496836329806313
1395 0.496987007168459
1396 0.496849256805158
1397 0.496759238546886
1398 0.496515669706724
1399 0.496811338456040
1400 0.497087053571429
1401 0.496963664346895
1402 0.496954685271041
1403 0.497037598004277
1404 0.497368011039886
1405 0.497567282028470
1406 0.497435655227596
1407 0.497662357853589
1408 0.497691761363636
1409 0.497856968594748
1410 0.497958222517730
1411 0.497973511693834
1412 0.498057940864023
1413 0.497835390127389
1414 0.497814820544554
1415 0.497973719081272
1416 0.497759975282486
1417 0.497505182604093
1418 0.497716303772920
1419 0.497665609584214
1420 0.497507702464789
1421 0.497572682090077
1422 0.497662293424754
1423 0.497754523893183
1424 0.498002984550562
1425 0.498034539473684
1426 0.498353677244039
1427 0.498237123335669
1428 0.498539259453782
1429 0.498887443142057
1430 0.499084899475524
1431 0.499110106568833
1432 0.499116183659218
1433 0.499430281751570
1434 0.499158276673640
1435 0.498976480836237
1436 0.499037038649025
1437 0.498969750347947
1438 0.499274708796940
1439 0.499234494440584
1440 0.499001736111111
1441 0.498902129597502
1442 0.498740356276006
1443 0.498494889119889
1444 0.498317390927978
1445 0.498532115051903
1446 0.498252182745505
1447 0.498148108154803
1448 0.498370597375691
1449 0.498552342132505
1450 0.498499461206897
1451 0.498190902825637
1452 0.498466554752066
1453 0.498271356675843
1454 0.498100606086658
1455 0.497932774914089
1456 0.497918097527473
1457 0.497691639498970
1458 0.497746806412894
1459 0.498061600411241
1460 0.498100385273973
1461 0.498184569644079
1462 0.498121686901505
1463 0.497890678400547
1464 0.497641308060109
1465 0.497693579351536
1466 0.497855026432469
1467 0.498104124062713
1468 0.497908506471390
1469 0.497588176480599
1470 0.497632334183673
1471 0.497339182528892
1472 0.497537364130435
1473 0.497865219789545
1474 0.498131678256445
1475 0.498315677966102
1476 0.498565591124661
1477 0.498521602064997
1478 0.498670606393775
1479 0.498991083502366
1480 0.498954814189189
1481 0.498879030216070
1482 0.498574034244264
1483 0.498693526635199
1484 0.498710200471698
1485 0.498939920033670
1486 0.499192988728129
1487 0.499448343981170
1488 0.499180947580645
1489 0.499378253022163
1490 0.499179425335570
1491 0.499234993293092
1492 0.499020819369973
1493 0.498851410750167
1494 0.498538424531459
1495 0.498730142140468
1496 0.498903325534759
1497 0.498703135437542
1498 0.498610126001335
1499 0.498603235490327
1500 0.498828125000000
1501 0.498930400566289
1502 0.498723056757656
1503 0.498851255821690
1504 0.498794880319149
1505 0.498865759966777
1506 0.498876888280212
1507 0.498807647644327
1508 0.498803257625995
1509 0.498511534956925
1510 0.498409043874172
1511 0.498474727001985
1512 0.498191550925926
1513 0.497870022306675
1514 0.497984952939234
1515 0.497854785478548
1516 0.497624299142480
1517 0.497602690342782
1518 0.497604269598155
1519 0.497608418367347
1520 0.497759046052632
1521 0.497706586949375
1522 0.497923681833114
1523 0.497732682206172
1524 0.497934096128609
1525 0.498178790983607
1526 0.498282376310616
1527 0.498224664374591
1528 0.498149132853403
1529 0.498362389633748
1530 0.498680044934641
1531 0.498428314826911
1532 0.498403843015666
1533 0.498259642041748
1534 0.498464492340287
1535 0.498345887622150
1536 0.498046875000000
1537 0.497872783832141
1538 0.497640503088427
1539 0.497329840805718
1540 0.497082995129870
1541 0.497204027417261
1542 0.497509828955901
1543 0.497331699611147
1544 0.497459925518135
1545 0.497550060679612
1546 0.497420257923674
1547 0.497697155785391
1548 0.497875282622739
1549 0.497611866526791
1550 0.497371471774194
1551 0.497133905544810
1552 0.497040109536082
1553 0.496747726175145
1554 0.496719654922780
1555 0.496935289389068
1556 0.496892071015424
1557 0.496891558285164
1558 0.496753149069320
1559 0.496457063822963
1560 0.496143830128205
1561 0.496113769218450
1562 0.496186279609475
1563 0.496341170825336
1564 0.496078764386189
1565 0.496338358626198
1566 0.496300786238825
1567 0.496584835673261
1568 0.496691645408163
1569 0.496920311504143
1570 0.497091460987261
1571 0.497185311903246
1572 0.497341165712468
1573 0.497221173712651
1574 0.497282500794155
1575 0.497504960317460
1576 0.497392528553300
1577 0.497243084178821
1578 0.497512179182510
1579 0.497545915136162
1580 0.497483188291139
1581 0.497620671252372
1582 0.497780203065740
1583 0.497942000947568
1584 0.498244160353535
1585 0.498351242113565
1586 0.498086282313997
1587 0.498060412728418
1588 0.497781210642317
1589 0.497544151195721
1590 0.497801198899371
1591 0.497903244814582
1592 0.497987986809045
1593 0.497721967200251
1594 0.497556755803011
1595 0.497472570532915
1596 0.497606320488722
1597 0.497624941296180
1598 0.497352647841051
1599 0.497395833333333
1600 0.497265625000000
1601 0.497255133510306
1602 0.497188572877653
1603 0.497046553337492
1604 0.496965593827930
1605 0.497237636292835
1606 0.497064231787049
1607 0.497049043248289
1608 0.497327814054726
1609 0.497569822094469
1610 0.497600446428571
1611 0.497400682805711
1612 0.497106660980149
1613 0.497009163825170
1614 0.496933569547708
1615 0.496860487616099
1616 0.496925278465347
1617 0.496799145794681
1618 0.496926664864030
1619 0.496670398394070
1620 0.496783371913580
1621 0.496937172270204
1622 0.496958326911221
1623 0.496827826555761
1624 0.496680649630542
1625 0.496805288461538
1626 0.497028271063961
1627 0.497330208973571
1628 0.497231073402948
1629 0.497019356200123
1630 0.497136215490798
1631 0.496948766094421
1632 0.497204350490196
1633 0.496964463410900
1634 0.496669886015912
1635 0.496913226299694
1636 0.497215961185819
1637 0.497253455253512
1638 0.497464991605617
1639 0.497221057046980
1640 0.497265625000000
1641 0.497274432510664
1642 0.497076259896468
1643 0.497261107729763
1644 0.497353064172749
1645 0.497637253039514
1646 0.497334921780073
1647 0.497035329386764
1648 0.496871207524272
1649 0.497126572922984
1650 0.497024147727273
1651 0.497151347668080
1652 0.497034844128329
1653 0.496958654718693
1654 0.496752663996372
1655 0.497002454682779
1656 0.497235431763285
1657 0.497131016143633
1658 0.497123322527141
1659 0.497193339361061
1660 0.497472703313253
1661 0.497641198826008
1662 0.497529802196149
1663 0.497721549909802
1664 0.497746394230769
1665 0.497886167417417
1666 0.497971844987995
1667 0.497984778044391
1668 0.498056242505995
1669 0.497867828789694
1670 0.497850392964072
1671 0.497984926690604
1672 0.497803902511962
1673 0.497588071578004
1674 0.497766857078853
1675 0.497723880597015
1676 0.497590058174224
1677 0.497645069320215
1678 0.497720966179976
1679 0.497799099166170
1680 0.498009672619048
1681 0.498036418054729
1682 0.498306982015458
1683 0.498208184789067
1684 0.498464407660333
1685 0.498759736646884
1686 0.498927287218268
1687 0.498948762596325
1688 0.498954013625592
1689 0.499220600207223
1690 0.498989922337278
1691 0.498835748078060
1692 0.498887226654846
1693 0.498830201565269
1694 0.499089156582054
1695 0.499055125368732
1696 0.498857606132075
1697 0.498773110636417
1698 0.498635803150766
1699 0.498427383755150
1700 0.498276654411765
1701 0.498459086566725
1702 0.498221302144536
1703 0.498132890487375
1704 0.498321963028169
1705 0.498476447947214
1706 0.498431546746776
1707 0.498169302870533
1708 0.498403651932084
1709 0.498237730397893
1710 0.498092562134503
1711 0.497949846580947
1712 0.497937353971963
1713 0.497744727816696
1714 0.497791624124854
1715 0.498059402332362
1716 0.498092402389277
1717 0.498164039749563
1718 0.498110539144354
1719 0.497913939790576
1720 0.497701671511628
1721 0.497746132335851
1722 0.497883547473868
1723 0.498095618107951
1724 0.497929053074246
1725 0.497656250000000
1726 0.497693818800695
1727 0.497444086566300
1728 0.497612847222222
1729 0.497892116107577
1730 0.498119129335260
1731 0.498275924321202
1732 0.498488921766744
1733 0.498451475043278
1734 0.498578521482122
1735 0.498851765129683
1736 0.498820924539170
1737 0.498756386729994
1738 0.498496385932106
1739 0.498598332374928
1740 0.498612607758621
1741 0.498808604968409
1742 0.499024558696900
1743 0.499242505737235
1744 0.499014478211009
1745 0.499182933381089
1746 0.499013369845361
1747 0.499060890097310
1748 0.498878182208238
1749 0.498733651372213
1750 0.498466517857143
1751 0.498630247001713
1752 0.498778182077626
1753 0.498607298203080
1754 0.498527918329532
1755 0.498522079772080
1756 0.498714229783599
1757 0.498801668326693
1758 0.498624591154721
1759 0.498734188459352
1760 0.498686079545455
1761 0.498746717064168
1762 0.498756296112372
1763 0.498697178105502
1764 0.498693487811791
1765 0.498444139518414
1766 0.498356543742922
1767 0.498412740520656
1768 0.498170602375566
1769 0.497895615460712
1770 0.497993908898305
1771 0.497882552230378
1772 0.497685348476298
1773 0.497666825296108
1774 0.497668140501691
1775 0.497671654929577
1776 0.497800534909910
1777 0.497755609876196
1778 0.497941419431946
1779 0.497777894884767
1780 0.497950316011236
1781 0.498159829449747
1782 0.498248544472503
1783 0.498199137689288
1784 0.498134459080717
1785 0.498317139355742
1786 0.498589288213886
1787 0.498373670956911
1788 0.498352733501119
1789 0.498229195779765
1790 0.498404766061453
1791 0.498303147682859
1792 0.498046875000000
1793 0.497897640128277
1794 0.497698491499443
1795 0.497432103064067
1796 0.497220385579065
1797 0.497324099193100
1798 0.497586293798665
1799 0.497433469983324
1800 0.497543402777778
1801 0.497620679483620
1802 0.497509277885683
1803 0.497746810870771
1804 0.497899632760532
1805 0.497673563019391
1806 0.497467209994463
1807 0.497263247094632
1808 0.497182660398230
1809 0.496931574765064
1810 0.496907372237569
1811 0.497092421314191
1812 0.497055222130243
1813 0.497054691809156
1814 0.496935725606395
1815 0.496681301652893
1816 0.496412100770925
1817 0.496386127545405
1818 0.496448277640264
1819 0.496581225948323
1820 0.496355597527473
1821 0.496578545442065
1822 0.496546120334797
1823 0.496790146736149
1824 0.496881853070175
1825 0.497078339041096
1826 0.497225407311062
1827 0.497306034482759
1828 0.497439995897155
1829 0.497336744805905
1830 0.497389429644809
1831 0.497580727744402
1832 0.497483965611354
1833 0.497355343016912
1834 0.497586815021810
1835 0.497615803814714
1836 0.497561785130719
1837 0.497680066004355
1838 0.497817345620239
1839 0.497956600054377
1840 0.498216711956522
1841 0.498308918386746
1842 0.498080805510315
1843 0.498058532284319
1844 0.497818092462039
1845 0.497613905826558
1846 0.497835268824485
1847 0.497923152409312
1848 0.497996144480519
1849 0.497766951730665
1850 0.497624577702703
1851 0.497551998919503
1852 0.497667217872570
1853 0.497683233270372
1854 0.497448506607335
1855 0.497485680592992
1856 0.497373383620690
1857 0.497364280425417
1858 0.497306831942949
1859 0.497184306078537
1860 0.497114415322581
1861 0.497348955534659
1862 0.497199332035446
1863 0.497186158078368
1864 0.497426569206009
1865 0.497635304959786
1866 0.497661692792069
1867 0.497489287627209
1868 0.497235512580300
1869 0.497151300829321
1870 0.497085979278075
1871 0.497022815339391
1872 0.497078659188034
1873 0.496969684329952
1874 0.497079692502668
1875 0.496858333333333
1876 0.496955790245203
1877 0.497088522242941
1878 0.497106712593184
1879 0.496993912985631
1880 0.496866688829787
1881 0.496974265683147
1882 0.497166827178533
1883 0.497427642060542
1884 0.497341925424628
1885 0.497158902519894
1886 0.497259825689290
1887 0.497097741123476
1888 0.497318591101695
1889 0.497111153388036
1890 0.496856398809524
1891 0.497066697514543
1892 0.497328389270613
1893 0.497360753433703
1894 0.497543641103485
1895 0.497332618733509
1896 0.497371110232068
1897 0.497378673563521
1898 0.497207175316122
1899 0.497367035281727
1900 0.497446546052632
1901 0.497692415176223
1902 0.497430747239748
1903 0.497171406988965
1904 0.497029280462185
1905 0.497250246062992
1906 0.497161512985310
1907 0.497271565285789
1908 0.497170630241090
1909 0.497104586825563
1910 0.496926128926702
1911 0.497142366562009
1912 0.497344076882845
1913 0.497253577496079
1914 0.497246848876698
1915 0.497307441253264
1916 0.497549419363257
1917 0.497695373630673
1918 0.497598817127216
1919 0.497764949192288
1920 0.497786458333333
1921 0.497907583940656
1922 0.497981838579605
1923 0.497993044721789
1924 0.498054996101871
1925 0.497891639610390
1926 0.497876508956386
1927 0.497993156460820
1928 0.497836164419087
1929 0.497648959953344
1930 0.497803999352332
1931 0.497766701191093
1932 0.497650588768116
1933 0.497698283109157
1934 0.497764106127198
1935 0.497831879844961
1936 0.498014591942149
1937 0.498037800077439
1938 0.498272623194014
1939 0.498186887570913
1940 0.498409310567010
1941 0.498665716769706
1942 0.498811228759011
1943 0.498829934379825
1944 0.498834555041152
1945 0.499066115038560
1946 0.498865862667009
1947 0.498732023626091
1948 0.498776790297741
1949 0.498727312083120
1950 0.498952323717949
1951 0.498922828036904
1952 0.498751280737705
1953 0.498677915386585
1954 0.498558645726714
1955 0.498377557544757
1956 0.498246581032720
1957 0.498405164154318
1958 0.498198496552605
1959 0.498121650076570
1960 0.498286033163265
1961 0.498420369071902
1962 0.498381355122324
1963 0.498153336729496
1964 0.498357147403259
1965 0.498212865776081
1966 0.498086613046796
1967 0.497962474580580
1968 0.497951600609756
1969 0.497784011554088
1970 0.497824793781726
1971 0.498057775240994
1972 0.498086492139959
1973 0.498148837430309
1974 0.498102282801418
1975 0.497931170886076
1976 0.497746394230769
1977 0.497785075240263
1978 0.497904685920121
1979 0.498089312784234
1980 0.497944286616162
1981 0.497706729555780
1982 0.497739420408678
1983 0.497521904942007
1984 0.497668850806452
1985 0.497912074937028
1986 0.498109815584089
1987 0.498246414192250
1988 0.498431998239437
1989 0.498399399824032
1990 0.498510128768844
1991 0.498748273480663
1992 0.498721448293173
1993 0.498665250250878
1994 0.498438675401204
1995 0.498527568922306
1996 0.498540048847695
1997 0.498710957060591
1998 0.498899289914915
1999 0.499089388444222
2000 0.498890625000000
2001 0.499037590579710
2002 0.498889782092907
2003 0.498931290564154
2004 0.498771987275449
2005 0.498645963216958
2006 0.498412964232303
2007 0.498555835824614
2008 0.498684947709163
2009 0.498535885390742
2010 0.498466651119403
2011 0.498461586275485
2012 0.498629317842942
2013 0.498705678713363
2014 0.498551157522344
2015 0.498646867245658
2016 0.498604910714286
2017 0.498657892290530
2018 0.498666300173439
2019 0.498614722634968
2020 0.498611540841584
2021 0.498393818035626
2022 0.498317337413452
2023 0.498366442165101
2024 0.498154953063241
2025 0.497914737654321
2026 0.498000601554788
2027 0.497903305377405
2028 0.497730984960552
2029 0.497714776367669
2030 0.497715902093596
2031 0.497718950024618
2032 0.497831569881890
2033 0.497792286645352
2034 0.497954692109145
2035 0.497811732186732
2036 0.497962457023576
2037 0.498145633897889
2038 0.498223212095191
2039 0.498180020843551
2040 0.498123468137255
2041 0.498283240445860
2042 0.498521287340842
2043 0.498332721488008
2044 0.498314426369863
2045 0.498206372249389
2046 0.498359985948192
2047 0.498271097948217
2048 0.498046875000000
2049 0.497916285383114
2050 0.497741996951220
2051 0.497508837152608
2052 0.497323495370370
2053 0.497414226132489
2054 0.497643698271665
2055 0.497509884428224
2056 0.497606091926070
2057 0.497673720831308
2058 0.497576150996113
2059 0.497784118504128
2060 0.497917930825243
2061 0.497719932678311
2062 0.497539176163919
2063 0.497360488366457
2064 0.497289849806202
2065 0.497069839588378
2066 0.497048569094869
2067 0.497210631349782
2068 0.497177979932302
2069 0.497177455896568
2070 0.497073143115942
2071 0.496850102607436
2072 0.496614080598456
2073 0.496591217438495
2074 0.496645597275796
2075 0.496762048192771
2076 0.496564155828516
2077 0.496759523952817
2078 0.496731006376323
2079 0.496944895382395
2080 0.497025240384615
2081 0.497197486184527
2082 0.497326413904899
2083 0.497397083533365
2084 0.497514545345489
2085 0.497423935851319
2086 0.497470113255034
2087 0.497637907283182
2088 0.497552981321839
2089 0.497440087960747
2090 0.497643166866029
2091 0.497668579626973
2092 0.497621146032505
2093 0.497724931318681
2094 0.497845406518625
2095 0.497967631264916
2096 0.498195968511450
2097 0.498276928350024
2098 0.498076665276454
2099 0.498057110528823
2100 0.497845982142857
2101 0.497666661708710
2102 0.497861040080875
2103 0.497938213266762
2104 0.498002317015209
2105 0.497800994655582
2106 0.497675911087369
2107 0.497612126245847
2108 0.497713324240987
2109 0.497727373755334
2110 0.497521104857820
2111 0.497553736380862
2112 0.497455018939394
2113 0.497446980004733
2114 0.497396449266793
2115 0.497288711583924
2116 0.497227227079395
2117 0.497433352031176
2118 0.497301773489141
2119 0.497290142756017
2120 0.497501474056604
2121 0.497684980551627
2122 0.497708161522149
2123 0.497556523787094
2124 0.497333303907721
2125 0.497259191176471
2126 0.497201684501411
2127 0.497146068406206
2128 0.497195136278196
2129 0.497099210310005
2130 0.497195936032864
2131 0.497001114500235
2132 0.497086802298311
2133 0.497203542545710
2134 0.497219496836926
2135 0.497120169789227
2136 0.497008134363296
2137 0.497102757955077
2138 0.497272202408793
2139 0.497501753155680
2140 0.497426255841121
2141 0.497265077650631
2142 0.497353889472456
2143 0.497211123425105
2144 0.497405550373134
2145 0.497222829254079
2146 0.496998412744641
2147 0.497183570097811
2148 0.497414018854749
2149 0.497442487785016
2150 0.497603561046512
2151 0.497417625523013
2152 0.497451498605948
2153 0.497458125290293
2154 0.497306972493036
2155 0.497447795823666
2156 0.497517828153989
2157 0.497734483657858
2158 0.497503837465246
2159 0.497275214219546
2160 0.497149884259259
2161 0.497344617653864
2162 0.497266347710453
2163 0.497363326398521
2164 0.497274289510166
2165 0.497216007505774
2166 0.497058590143121
2167 0.497249221273650
2168 0.497427064114391
2169 0.497347207814661
2170 0.497341229838710
2171 0.497394633809304
2172 0.497608051335175
2173 0.497736783824206
2174 0.497651578311868
2175 0.497798132183908
2176 0.497817095588235
2177 0.497923963596693
2178 0.497989482897153
2179 0.497999368976595
2180 0.498054042431193
2181 0.497909860729023
2182 0.497896496906508
2183 0.497999456023820
2184 0.497860863095238
2185 0.497695580663616
2186 0.497832442246112
2187 0.497799497027892
2188 0.497696954981718
2189 0.497739050365464
2190 0.497797160388128
2191 0.497857000228206
2192 0.498018362226277
2193 0.498038859439124
2194 0.498246282474932
2195 0.498170558086560
2196 0.498367059426229
2197 0.498593607760583
2198 0.498722204845314
2199 0.498738773306048
2200 0.498742897727273
2201 0.498947566447070
2202 0.498770648841962
2203 0.498652405810259
2204 0.498692008847550
2205 0.498648313492064
2206 0.498847248980054
2207 0.498821222247395
2208 0.498669610507246
2209 0.498604784404708
2210 0.498499363687783
2211 0.498339269561284
2212 0.498223468580470
2213 0.498363717239042
2214 0.498180964882565
2215 0.498113007900677
2216 0.498258404783394
2217 0.498377241204330
2218 0.498342749661858
2219 0.498141054529067
2220 0.498321368243243
2221 0.498193733115714
2222 0.498082034765977
2223 0.497972194107063
2224 0.497962567446043
2225 0.497814255617978
2226 0.497850334119497
2227 0.498056522227211
2228 0.498081940080790
2229 0.498137127074921
2230 0.498095922085202
2231 0.497944447557149
2232 0.497780857974910
2233 0.497815089005822
2234 0.497920979744852
2235 0.498084451901566
2236 0.497956031976744
2237 0.497745655453733
2238 0.497774589477212
2239 0.497581928316213
2240 0.497712053571429
2241 0.497927473784025
2242 0.498102628791258
2243 0.498223640213999
2244 0.498388062611408
2245 0.498359201002227
2246 0.498457326914515
2247 0.498668363373387
2248 0.498644628558719
2249 0.498594861605158
2250 0.498394097222222
2251 0.498472900932919
2252 0.498483986456483
2253 0.498635499889037
2254 0.498802476153505
2255 0.498971036585366
2256 0.498794880319149
2257 0.498925218763846
2258 0.498794217781222
2259 0.498831064630367
2260 0.498689850663717
2261 0.498578131910659
2262 0.498371532382847
2263 0.498498260053027
2264 0.498612798144876
2265 0.498480615342163
2266 0.498419227162401
2267 0.498414755183061
2268 0.498563574735450
2269 0.498631349162627
2270 0.498494286894273
2271 0.498579232716865
2272 0.498542033450704
2273 0.498589075560933
2274 0.498596567172383
2275 0.498550824175824
2276 0.498548028339192
2277 0.498354811703996
2278 0.498286943042142
2279 0.498330545195261
2280 0.498142817982456
2281 0.497929567623849
2282 0.498005792616126
2283 0.497919404292597
2284 0.497766391199650
2285 0.497751983041575
2286 0.497752966426072
2287 0.497755656974202
2288 0.497855659965035
2289 0.497820759611184
2290 0.497964997270742
2291 0.497838007420340
2292 0.497971885907504
2293 0.498134608046228
2294 0.498203533674804
2295 0.498165168845316
2296 0.498114928135888
2297 0.498256897583805
2298 0.498468437228024
2299 0.498300891692040
2300 0.498284646739130
2301 0.498188627227292
2302 0.498325165616855
2303 0.498246173469388
2304 0.498046875000000
2305 0.497930789045553
2306 0.497775842909801
2307 0.497568541395752
2308 0.497403731585789
2309 0.497484368233001
2310 0.497688379329004
2311 0.497569369320640
2312 0.497654898356401
2313 0.497715021076524
2314 0.497628227636128
2315 0.497813174946004
2316 0.497932183721934
2317 0.497756055783341
2318 0.497595246440897
2319 0.497436260241483
2320 0.497373383620690
2321 0.497177603942266
2322 0.497158632105943
2323 0.497302787343952
2324 0.497273692986231
2325 0.497273185483871
2326 0.497180312231298
2327 0.496981762999570
2328 0.496771638745704
2329 0.496751221017604
2330 0.496799557403433
2331 0.496903153153153
2332 0.496726924313894
2333 0.496900784933562
2334 0.496875334725793
2335 0.497065711991435
2336 0.497137200342466
2337 0.497290530059906
2338 0.497405301005133
2339 0.497468202223172
2340 0.497572783119658
2341 0.497492057347287
2342 0.497533158091375
2343 0.497682591762697
2344 0.497606921928328
2345 0.497506329957356
2346 0.497687220268542
2347 0.497709842351939
2348 0.497667562819421
2349 0.497760017560664
2350 0.497867353723404
2351 0.497976260102084
2352 0.498179740646259
2353 0.498251899171271
2354 0.498073425552251
2355 0.498055997876858
2356 0.497867810908319
2357 0.497707957679253
2358 0.497881215542833
2359 0.497950005298855
2360 0.498007150423729
2361 0.497827655124947
2362 0.497716117167655
2363 0.497659225560728
2364 0.497749444796954
2365 0.497761958245243
2366 0.497577992920541
2367 0.497607071187157
2368 0.497519003378378
2369 0.497511806141832
2370 0.497466706223629
2371 0.497370571488823
2372 0.497315688237774
2373 0.497499539085546
2374 0.497382121419545
2375 0.497371710526316
2376 0.497560237794613
2377 0.497723956142196
2378 0.497744625210261
2379 0.497609289617486
2380 0.497410057773109
2381 0.497343881247375
2382 0.497292519416457
2383 0.497242839907679
2384 0.497286598154362
2385 0.497200930293501
2386 0.497287235435876
2387 0.497113269794721
2388 0.497189724664992
2389 0.497293912201758
2390 0.497308119769874
2391 0.497219390422417
2392 0.497119303929766
2393 0.497203758357710
2394 0.497355041248956
2395 0.497560020876827
2396 0.497492565734558
2397 0.497348573738006
2398 0.497427869578816
2399 0.497300307419758
2400 0.497473958333333
2401 0.497310690857976
2402 0.497110155599500
2403 0.497275540990429
2404 0.497481411189684
2405 0.497506821725572
2406 0.497650729945968
2407 0.497484550270046
2408 0.497514794435216
2409 0.497520690639269
2410 0.497385567946058
2411 0.497511406055579
2412 0.497573979063018
2413 0.497767625880646
2414 0.497561425538525
2415 0.497357013457557
2416 0.497244929635762
2417 0.497418998241622
2418 0.497348984181141
2419 0.497435665564283
2420 0.497356017561983
2421 0.497303864622057
2422 0.497163049649050
2423 0.497333496698308
2424 0.497492522689769
2425 0.497421069587629
2426 0.497415691982688
2427 0.497463432220849
2428 0.497654319398682
2429 0.497769465314944
2430 0.497693222736626
2431 0.497824326408885
2432 0.497841282894737
2433 0.497936896321414
2434 0.497995519207067
2435 0.498004363449692
2436 0.498053289203612
2437 0.497924253693065
2438 0.497912287223134
2439 0.498004433169332
2440 0.497880379098361
2441 0.497732422675133
2442 0.497854921683047
2443 0.497825419566107
2444 0.497733607815057
2445 0.497771280674847
2446 0.497823295686836
2447 0.497876864527993
2448 0.498021343954248
2449 0.498039697325439
2450 0.498225446428571
2451 0.498157639738882
2452 0.498333630709625
2453 0.498536549633102
2454 0.498651754788101
2455 0.498666624236253
2456 0.498670348127036
2457 0.498853721509972
2458 0.498695268002441
2459 0.498589365595771
2460 0.498624872967480
2461 0.498585750203169
2462 0.498764025690496
2463 0.498740737921234
2464 0.498604910714286
2465 0.498546843306288
2466 0.498452390004055
2467 0.498308927847588
2468 0.498205150931929
2469 0.498330865228838
2470 0.498167067307692
2471 0.498106156414407
2472 0.498236498786408
2473 0.498343042357461
2474 0.498312133690380
2475 0.498131313131313
2476 0.498292987681745
2477 0.498178555207913
2478 0.498078402441485
2479 0.497979906212182
2480 0.497971270161290
2481 0.497838258262797
2482 0.497870605862208
2483 0.498055527587596
2484 0.498078326288245
2485 0.498127829476861
2486 0.498090871379726
2487 0.497954990952955
2488 0.497808229501608
2489 0.497838928786661
2490 0.497933923192771
2491 0.498080590124448
2492 0.497965364165329
2493 0.497776586943442
2494 0.497802538592622
2495 0.497629634268537
2496 0.497746394230769
2497 0.497939715158190
2498 0.498096915032026
2499 0.498205532212885
2500 0.498353125000000
2501 0.498327231607357
2502 0.498415330235811
2503 0.498604799240911
2504 0.498583516373802
2505 0.498538859780439
2506 0.498358626795690
2507 0.498429397686478
2508 0.498439369019139
2509 0.498575440912714
2510 0.498725410856574
2511 0.498876817005177
2512 0.498718650477707
2513 0.498835741643454
2514 0.498718116050119
2515 0.498751242544732
2516 0.498624428656598
2517 0.498524098629321
2518 0.498338525119142
2519 0.498452386859865
2520 0.498555307539683
2521 0.498436570309401
2522 0.498381430908010
2523 0.498377427665478
2524 0.498511167789223
2525 0.498572091584158
2526 0.498448943487728
2527 0.498525301741195
2528 0.498491890822785
2529 0.498534190885726
2530 0.498540946146245
2531 0.498499851837219
2532 0.498497358807267
2533 0.498323689794710
2534 0.498262689917127
2535 0.498301898422091
2536 0.498133132886435
2537 0.497941404710288
2538 0.498009936465721
2539 0.497932256794013
2540 0.497794660433071
2541 0.497781692739079
2542 0.497782565401259
2543 0.497784973456547
2544 0.497874901729560
2545 0.497843504420432
2546 0.497973230066771
2547 0.497859000785238
2548 0.497979420133438
2549 0.498125796881130
2550 0.498187806372549
2551 0.498153297726382
2552 0.498108101489028
2553 0.498235837739914
2554 0.498426181969460
2555 0.498275440313112
2556 0.498260832355243
2557 0.498174435373485
2558 0.498297314796716
2559 0.498226235834310
2560 0.498046875000000
2561 0.497942393108161
2562 0.497802924960968
2563 0.497616318767070
2564 0.497467945592824
2565 0.497540509259259
2566 0.497724145070148
2567 0.497616989676665
2568 0.497693973909657
2569 0.497748090210199
2570 0.497669929474708
2571 0.497836444963049
2572 0.497943599339036
2573 0.497784990769530
2574 0.497640163655789
2575 0.497496966019417
2576 0.497440314440994
2577 0.497263957605743
2578 0.497246836210241
2579 0.497376647925553
2580 0.497350411821705
2581 0.497349924932197
2582 0.497266230151046
2583 0.497087325783972
2584 0.496897977941176
2585 0.496879533365571
2586 0.496923035092807
2587 0.497016331658291
2588 0.496857491306028
2589 0.497014110177675
2590 0.496991131756757
2591 0.497162654380548
2592 0.497227044753086
2593 0.497365201986116
2594 0.497468617482652
2595 0.497525289017341
2596 0.497619534861325
2597 0.497546748652291
2598 0.497583778387221
2599 0.497718473451327
2600 0.497650240384615
2601 0.497559532391388
2602 0.497722605207533
2603 0.497742988859009
2604 0.497704853110599
2605 0.497788207773512
2606 0.497884988967767
2607 0.497983194284618
2608 0.498166698619632
2609 0.498231781812955
2610 0.498070821360153
2611 0.498055103408656
2612 0.497885360834609
2613 0.497741161978569
2614 0.497897439269319
2615 0.497959488527725
2616 0.498011037844037
2617 0.497849099636989
2618 0.497748460179526
2619 0.497697117220313
2620 0.497778506679389
2621 0.497789786818008
2622 0.497623772406560
2623 0.497649995234464
2624 0.497570503048780
2625 0.497563988095238
2626 0.497523264946687
2627 0.497436476969928
2628 0.497386914954338
2629 0.497552836154431
2630 0.497446827471483
2631 0.497437404979095
2632 0.497607570288754
2633 0.497755352734523
2634 0.497774001044039
2635 0.497651802656547
2636 0.497471903452200
2637 0.497412127891543
2638 0.497365724507202
2639 0.497320836491095
2640 0.497360321969697
2641 0.497282930234760
2642 0.497360841691900
2643 0.497203698448733
2644 0.497272716527988
2645 0.497366788752363
2646 0.497379594198791
2647 0.497299419153759
2648 0.497208978474320
2649 0.497285237353718
2650 0.497421875000000
2651 0.497607035081101
2652 0.497546073717949
2653 0.497415955993215
2654 0.497487577712886
2655 0.497372292843691
2656 0.497529179216867
2657 0.497381621659767
2658 0.497200373871332
2659 0.497349802557352
2660 0.497535831766917
2661 0.497558777245396
2662 0.497688826540195
2663 0.497538607773188
2664 0.497565925300300
2665 0.497571235928705
2666 0.497449069298575
2667 0.497562804649419
2668 0.497619354385307
2669 0.497794410359685
2670 0.497607970505618
2671 0.497423132721827
2672 0.497321762724551
2673 0.497479131593715
2674 0.497415797961855
2675 0.497494158878505
2676 0.497422108557549
2677 0.497374918285394
2678 0.497247537808066
2679 0.497401665733483
2680 0.497545475746269
2681 0.497480825718016
2682 0.497475939131245
2683 0.497519101751770
2684 0.497691761363636
2685 0.497795914804469
2686 0.497726928983619
2687 0.497845529400819
2688 0.497860863095238
2689 0.497947366586092
2690 0.498000406598513
2691 0.498008407655147
2692 0.498052679234770
2693 0.497935910230226
2694 0.497925076559020
2695 0.498008464749536
2696 0.497896188798220
2697 0.497762270578420
2698 0.497873135192735
2699 0.497846424601704
2700 0.497763310185185
2701 0.497797401425398
2702 0.497844478626943
2703 0.497892966148724
2704 0.498023761094675
2705 0.498040376617375
2706 0.498208552753141
2707 0.498147164758035
2708 0.498306522341211
2709 0.498490275470653
2710 0.498594614852399
2711 0.498608101254150
2712 0.498611495206490
2713 0.498777587080722
2714 0.498634107866618
2715 0.498538213627993
2716 0.498570393041237
2717 0.498534976536621
2718 0.498696479488595
2719 0.498675409157779
2720 0.498552389705882
2721 0.498499804759280
2722 0.498414251928729
2723 0.498284291222916
2724 0.498190276248164
2725 0.498304185779816
2726 0.498155779988995
2727 0.498100591309131
2728 0.498218704178886
2729 0.498315259710517
2730 0.498287259615385
2731 0.498123398022702
2732 0.498269925878477
2733 0.498166220728138
2734 0.498075450347476
2735 0.497986174588665
2736 0.497978344298246
2737 0.497857770825722
2738 0.497887086833455
2739 0.498054718875502
2740 0.498075387773723
2741 0.498120268606348
2742 0.498086763767323
2743 0.497963566350711
2744 0.497830493804665
2745 0.497858321948998
2746 0.497944453295703
2747 0.498077448125228
2748 0.497972957605531
2749 0.497801757457257
2750 0.497825284090909
2751 0.497668461468557
2752 0.497774345930233
2753 0.497949679894660
2754 0.498092263525781
2755 0.498190789473684
2756 0.498324677975327
2757 0.498301199220167
2758 0.498381129894851
2759 0.498553030989489
2760 0.498533740942029
2761 0.498493242937342
2762 0.498329731625634
2763 0.498393955845096
2764 0.498403016461650
2765 0.498526503164557
2766 0.498662610719450
2767 0.498800031622696
2768 0.498656520953757
2769 0.498762809227158
2770 0.498656080776173
2771 0.498686169252977
2772 0.498571090367965
2773 0.498480041922106
2774 0.498311610039654
2775 0.498414977477477
2776 0.498508420389049
2777 0.498400645930861
2778 0.498350600701944
2779 0.498346977329975
2780 0.498468412769784
2781 0.498523743707300
2782 0.498411945093458
2783 0.498481292669781
2784 0.498450969827586
2785 0.498489396319569
2786 0.498495546931084
2787 0.498458243631145
2788 0.498455994440459
2789 0.498298281193976
2790 0.498242887544803
2791 0.498278506807596
2792 0.498125223853868
2793 0.497951071876119
2794 0.498013320955619
2795 0.497942754919499
2796 0.497817753040057
2797 0.497805963979264
2798 0.497806748123660
2799 0.497808927295463
2800 0.497890625000000
2801 0.497862091663692
2802 0.497979958511777
2803 0.497876159471994
2804 0.497985578637660
2805 0.498118594028520
2806 0.498174948770492
2807 0.498143591913074
2808 0.498102519586895
2809 0.498218616500534
2810 0.498391625889680
2811 0.498254624688723
2812 0.498241354018492
2813 0.498162826608603
2814 0.498274531361052
2815 0.498209924511545
2816 0.498046875000000
2817 0.497951888090167
2818 0.497825086497516
2819 0.497655418588152
2820 0.497520500886525
2821 0.497586460918114
2822 0.497753421775337
2823 0.497655973255402
2824 0.497725964943343
2825 0.497775165929204
2826 0.497704075990800
2827 0.497855500530598
2828 0.497952948196605
2829 0.497808689024390
2830 0.497676954505300
2831 0.497546692864712
2832 0.497495144774011
2833 0.497334704818214
2834 0.497319105063514
2835 0.497437169312169
2836 0.497413280148096
2837 0.497412815033486
2838 0.497336647727273
2839 0.497173850827756
2840 0.497001540492958
2841 0.496984721488912
2842 0.497024267681210
2843 0.497109127682026
2844 0.496964552566807
2845 0.497107040861160
2846 0.497086096714687
2847 0.497242162802950
2848 0.497300737359551
2849 0.497426454457704
2850 0.497520559210526
2851 0.497572123816205
2852 0.497657893583450
2853 0.497591625043814
2854 0.497625317536790
2855 0.497747920315236
2856 0.497685793067227
2857 0.497603200472524
2858 0.497751651067180
2859 0.497770199370409
2860 0.497735467657343
2861 0.497811353110800
2862 0.497899469339623
2863 0.497988888403772
2864 0.498155988128492
2865 0.498215259598604
2866 0.498068682397069
2867 0.498054368678061
2868 0.497899777719665
2869 0.497768440658766
2870 0.497910768728223
2871 0.497967280564263
2872 0.498014232242340
2873 0.497866722502610
2874 0.497775041318720
2875 0.497728260869565
2876 0.497802394819193
2877 0.497812662930136
2878 0.497661407661571
2879 0.497685285689476
2880 0.497612847222222
2881 0.497606896476918
2882 0.497569775763359
2883 0.497490678113077
2884 0.497445496705964
2885 0.497596674610052
2886 0.497500054140679
2887 0.497491448735712
2888 0.497646511426593
2889 0.497781185098650
2890 0.497798172577855
2891 0.497686786579038
2892 0.497522799965422
2893 0.497468296318700
2894 0.497425978317208
2895 0.497385038860104
2896 0.497421011740331
2897 0.497350437953055
2898 0.497421443668047
2899 0.497278156260780
2900 0.497341056034483
2901 0.497426803257497
2902 0.497438458390765
2903 0.497365333275921
2904 0.497282842630854
2905 0.497352355851979
2906 0.497476933499656
2907 0.497645768833849
2908 0.497590160763411
2909 0.497471478600894
2910 0.497536780498282
2911 0.497431617141876
2912 0.497574690934066
2913 0.497440085393066
2914 0.497274740477008
2915 0.497411020583190
2916 0.497580697016461
2917 0.497601613387042
2918 0.497720238605209
2919 0.497583183453237
2920 0.497608090753425
2921 0.497612921516604
2922 0.497501443788501
2923 0.497605200136846
2924 0.497656784370725
2925 0.497816506410256
2926 0.497646370898838
2927 0.497477686197472
2928 0.497385160519126
2929 0.497528753414134
2930 0.497470936433447
2931 0.497542434322757
2932 0.497476658424284
2933 0.497433568445278
2934 0.497317282293797
2935 0.497457942930153
2936 0.497589194482289
2937 0.497530164708887
2938 0.497525687117086
2939 0.497565073154134
2940 0.497722682823129
2941 0.497817759690581
2942 0.497754769289599
2943 0.497863043662929
2944 0.497877038043478
2945 0.497956016553480
2946 0.498004444585879
2947 0.498011749236512
2948 0.498052175203528
2949 0.497945542980671
2950 0.497935646186441
2951 0.498011796848526
2952 0.497909256436314
2953 0.497786943362682
2954 0.497888191858497
2955 0.497863790186125
2956 0.497787867895805
2957 0.497818999408184
2958 0.497861995013523
2959 0.497906281683001
2960 0.498025760135135
2961 0.498040938449848
2962 0.498194579253882
2963 0.498138499831252
2964 0.498284096659919
2965 0.498451991989882
2966 0.498547338587323
2967 0.498559677283451
2968 0.498562794811321
2969 0.498714581929943
2970 0.498583491161616
2971 0.498495876809155
2972 0.498525298620458
2973 0.498492946939119
2974 0.498640561953598
2975 0.498621323529412
2976 0.498508904569892
2977 0.498460856147128
2978 0.498382670836132
2979 0.498263888888889
2980 0.498177957214765
2981 0.498282088644750
2982 0.498146430667337
2983 0.498095981394569
2984 0.498203962801609
2985 0.498292242462312
2986 0.498266650619558
2987 0.498116839638433
2988 0.498250815763052
2989 0.498155999079960
2990 0.498073003762542
2991 0.497991369943163
2992 0.497984207887701
2993 0.497873945456064
2994 0.497900749415498
2995 0.498054048414023
2996 0.498072951435247
2997 0.498113999416083
2998 0.498083357655103
2999 0.497970677725909
3000 0.497848958333333
3001 0.497874406447851
3002 0.497953187458361
3003 0.498074841824842
3004 0.497979256824234
3005 0.497822639351082
3006 0.497844155439122
3007 0.497700677585634
3008 0.497797539893617
3009 0.497957949069458
3010 0.498088403239203
3011 0.498178553636666
3012 0.498301066567065
3013 0.498279590524394
3014 0.498352739299934
3015 0.498510053897181
3016 0.498492415450928
3017 0.498455367500829
3018 0.498305738485752
3019 0.498364524677045
3020 0.498372826986755
3021 0.498485859400861
3022 0.498610450446724
3023 0.498736251240490
3024 0.498604910714286
3025 0.498702221074380
3026 0.498604541886980
3027 0.498632102741989
3028 0.498526770970938
3029 0.498443432238363
3030 0.498289242986799
3031 0.498383887330914
3032 0.498469450857520
3033 0.498370785938015
3034 0.498324973220171
3035 0.498321663920923
3036 0.498432868083004
3037 0.498483546674350
3038 0.498381182109941
3039 0.498444698091477
3040 0.498416940789474
3041 0.498452143620520
3042 0.498457788872452
3043 0.498423636214262
3044 0.498421587549277
3045 0.498277144909688
3046 0.498226413739330
3047 0.498259045782737
3048 0.498118643372703
3049 0.497959115693670
3050 0.498016137295082
3051 0.497951491314323
3052 0.497836971657929
3053 0.497826164837864
3054 0.497826876637197
3055 0.497828866612111
3056 0.497903714005236
3057 0.497877565832516
3058 0.497985560415304
3059 0.497890446224256
3060 0.497990706699346
3061 0.498112595965371
3062 0.498164241100588
3063 0.498135508488410
3064 0.498097870430809
3065 0.498204272022839
3066 0.498362840427267
3067 0.498237283990871
3068 0.498225126303781
3069 0.498153154529163
3070 0.498255547638436
3071 0.498196332627809
3072 0.498046875000000
3073 0.497959801090140
3074 0.497843556847755
3075 0.497688008130081
3076 0.497564308355006
3077 0.497624766412090
3078 0.497777828541261
3079 0.497688474342319
3080 0.497752637987013
3081 0.497797742210321
3082 0.497732549886437
3083 0.497871391501784
3084 0.497960744974060
3085 0.497828454213938
3086 0.497707641364226
3087 0.497588172173631
3088 0.497540884067358
3089 0.497393725720298
3090 0.497379399271845
3091 0.497487665803947
3092 0.497465738195343
3093 0.497465294616877
3094 0.497395412491920
3095 0.497246062197092
3096 0.497087976421189
3097 0.497072519777204
3098 0.497108769770820
3099 0.497186592449177
3100 0.497053931451613
3101 0.497184627942599
3102 0.497165387250161
3103 0.497308552207541
3104 0.497362274484536
3105 0.497477606682770
3106 0.497563938747585
3107 0.497611240746701
3108 0.497689933236808
3109 0.497629111048569
3110 0.497660018086817
3111 0.497772520893603
3112 0.497715496465296
3113 0.497639686395760
3114 0.497775921242775
3115 0.497792937399679
3116 0.497761051829268
3117 0.497830696583253
3118 0.497911571921103
3119 0.497993647803783
3120 0.498147035256410
3121 0.498201447853252
3122 0.498066894218450
3123 0.498053754402818
3124 0.497911831786172
3125 0.497791250000000
3126 0.497921914987204
3127 0.497973796770067
3128 0.498016903772379
3129 0.497881461728987
3130 0.497797274361022
3131 0.497754311721495
3132 0.497822377873563
3133 0.497831800590488
3134 0.497692894463944
3135 0.497714812599681
3136 0.497648278061224
3137 0.497642801641696
3138 0.497608697817081
3139 0.497536038547308
3140 0.497494526273885
3141 0.497633367160140
3142 0.497544607336092
3143 0.497536688673242
3144 0.497679111005089
3145 0.497802812003180
3146 0.497818410282899
3147 0.497716078805211
3148 0.497565418519695
3149 0.497515332248333
3150 0.497476438492063
3151 0.497438809108220
3152 0.497471843274112
3153 0.497406983428481
3154 0.497472207910590
3155 0.497340530903328
3156 0.497398308776933
3157 0.497477084653152
3158 0.497487779053198
3159 0.497420564260842
3160 0.497344738924051
3161 0.497408602894654
3162 0.497523076771031
3163 0.497678232690484
3164 0.497627113621997
3165 0.497518019352291
3166 0.497578026295009
3167 0.497481350647300
3168 0.497612847222222
3169 0.497489103423793
3170 0.497337095820189
3171 0.497462354146957
3172 0.497618320460277
3173 0.497637537425150
3174 0.497746583569628
3175 0.497620570866142
3176 0.497643458753149
3177 0.497647889124961
3178 0.497545380349276
3179 0.497640767536961
3180 0.497688187893082
3181 0.497835045976108
3182 0.497678592473287
3183 0.497523464498900
3184 0.497438363693467
3185 0.497570398351648
3186 0.497517213983051
3187 0.497582954188892
3188 0.497522447459222
3189 0.497482802210724
3190 0.497375832680251
3191 0.497505190379191
3192 0.497625900689223
3193 0.497571592154713
3194 0.497567460472761
3195 0.497603677621283
3196 0.497748650657071
3197 0.497836106115108
3198 0.497778152360851
3199 0.497877754767115
3200 0.497890625000000
3201 0.497963282958450
3202 0.498007836898813
3203 0.498014556665626
3204 0.498051751716604
3205 0.497953636895476
3206 0.497944527838428
3207 0.498014596975366
3208 0.497920238466334
3209 0.497807679573076
3210 0.497900846962617
3211 0.497878386795391
3212 0.497808511052304
3213 0.497837155695612
3214 0.497876720986310
3215 0.497917476671851
3216 0.498027440920398
3217 0.498041410864159
3218 0.498182829008701
3219 0.498131213109661
3220 0.498265236801242
3221 0.498419793930456
3222 0.498507574875854
3223 0.498518945857896
3224 0.498521828473945
3225 0.498661579457364
3226 0.498540907858029
3227 0.498460257204834
3228 0.498487356722429
3229 0.498457581681635
3230 0.498593508126935
3231 0.498575808573197
3232 0.498472308168317
3233 0.498428075703681
3234 0.498356089594929
3235 0.498246715610510
3236 0.498167587299135
3237 0.498263486638863
3238 0.498138559681902
3239 0.498092100185242
3240 0.498191550925926
3241 0.498272861385375
3242 0.498249296344849
3243 0.498111316682084
3244 0.498234721794081
3245 0.498147390215716
3246 0.498070943083795
3247 0.497995746073298
3248 0.497989147167488
3249 0.497887571175746
3250 0.497912259615385
3251 0.498053483543525
3252 0.498070898677737
3253 0.498108716953581
3254 0.498080487476951
3255 0.497976670506912
3256 0.497864519348894
3257 0.497887962465459
3258 0.497960549033149
3259 0.498072644983124
3260 0.497984566717791
3261 0.497840242640294
3262 0.497860064760883
3263 0.497727838645418
3264 0.497817095588235
3265 0.497964921516080
3266 0.498085148116963
3267 0.498168235384144
3268 0.498281154375765
3269 0.498261366243500
3270 0.498328793960245
3271 0.498473803882605
3272 0.498457556540342
3273 0.498423416972197
3274 0.498285497480147
3275 0.498339694656489
3276 0.498347355769231
3277 0.498451565837656
3278 0.498566437233069
3279 0.498682429856664
3280 0.498561356707317
3281 0.498651087701920
3282 0.498561043190128
3283 0.498586468169357
3284 0.498489361297199
3285 0.498412528538813
3286 0.498270361001217
3287 0.498357639945239
3288 0.498436549574209
3289 0.498345574262694
3290 0.498303333966565
3291 0.498300288666059
3292 0.498402851609964
3293 0.498449599529305
3294 0.498355200743777
3295 0.498413789833080
3296 0.498388197815534
3297 0.498420675993327
3298 0.498425892586416
3299 0.498394399818127
3300 0.498392518939394
3301 0.498259286958497
3302 0.498212494321623
3303 0.498242601422949
3304 0.498113082627119
3305 0.497965913388805
3306 0.498018517468240
3307 0.497958875113396
3308 0.497853215689238
3309 0.497843240027199
3310 0.497843891616314
3311 0.497845722591362
3312 0.497914779589372
3313 0.497890648581346
3314 0.497990296846711
3315 0.497902526395173
3316 0.497995042973462
3317 0.498107523741333
3318 0.498155185729355
3319 0.498128672039771
3320 0.498093938253012
3321 0.498192139039446
3322 0.498338491496087
3323 0.498222615106831
3324 0.498211398164862
3325 0.498144971804511
3326 0.498239486244738
3327 0.498184832431620
3328 0.498046875000000
3329 0.497966497071193
3330 0.497859187312312
3331 0.497715588411888
3332 0.497601384303721
3333 0.497657187593759
3334 0.497798487177564
3335 0.497715985757121
3336 0.497775217326139
3337 0.497816854584957
3338 0.497756656306171
3339 0.497884845762204
3340 0.497967346556886
3341 0.497845190436995
3342 0.497733626944943
3343 0.497623298683817
3344 0.497579620215311
3345 0.497443712630792
3346 0.497430467349074
3347 0.497530437705408
3348 0.497510173984468
3349 0.497509751045088
3350 0.497445195895522
3351 0.497307240376007
3352 0.497161209725537
3353 0.497146911348047
3354 0.497180372316637
3355 0.497252235469449
3356 0.497129674463647
3357 0.497250381665177
3358 0.497232588222156
3359 0.497364822119678
3360 0.497414434523810
3361 0.497520966602202
3362 0.497600712001785
3363 0.497644402319358
3364 0.497717096462545
3365 0.497660893387816
3366 0.497689440359477
3367 0.497793380605881
3368 0.497740684382423
3369 0.497670627411695
3370 0.497796504080119
3371 0.497812221892613
3372 0.497782751334520
3373 0.497847103839312
3374 0.497921837951986
3375 0.497997685185185
3376 0.498139440165877
3377 0.498189730159905
3378 0.498065377072232
3379 0.498053233205090
3380 0.497922059911243
3381 0.497810605220349
3382 0.497931373817268
3383 0.497979326780964
3384 0.498019171099291
3385 0.497893971565731
3386 0.497816145525694
3387 0.497776424564511
3388 0.497839341056671
3389 0.497848046990263
3390 0.497719625737463
3391 0.497739881303450
3392 0.497678360849057
3393 0.497673288756263
3394 0.497641748305834
3395 0.497574558173785
3396 0.497536163869258
3397 0.497664529364145
3398 0.497582447395527
3399 0.497575114004119
3400 0.497706801470588
3401 0.497821183107909
3402 0.497835602219283
3403 0.497740963855422
3404 0.497601626762632
3405 0.497555295521292
3406 0.497519313344099
3407 0.497484498825947
3408 0.497515038145540
3409 0.497455036300968
3410 0.497515350073314
3411 0.497393542949282
3412 0.497446970252052
3413 0.497519823102842
3414 0.497529703060926
3415 0.497467514641288
3416 0.497397358021077
3417 0.497456421934445
3418 0.497562308001755
3419 0.497705835039485
3420 0.497658534356725
3421 0.497557594636071
3422 0.497613100891292
3423 0.497523645194274
3424 0.497645297897196
3425 0.497530793795620
3426 0.497390132443082
3427 0.497506018383426
3428 0.497650324533256
3429 0.497668097477399
3430 0.497768995991254
3431 0.497652379044010
3432 0.497673550407925
3433 0.497677641639965
3434 0.497582766089109
3435 0.497671033478894
3436 0.497714911961583
3437 0.497850823756183
3438 0.497706015488656
3439 0.497562427304449
3440 0.497483648255814
3441 0.497605846774194
3442 0.497556607713539
3443 0.497617448446123
3444 0.497561429297329
3445 0.497524718795356
3446 0.497425683763784
3447 0.497545419930374
3448 0.497657156322506
3449 0.497606869744854
3450 0.497603034420290
3451 0.497636554621849
3452 0.497770766946698
3453 0.497851732189401
3454 0.497798069267516
3455 0.497890285817656
3456 0.497902199074074
3457 0.497969473170379
3458 0.498010726937536
3459 0.498016948540040
3460 0.498051390895954
3461 0.497960533444091
3462 0.497952095970537
3463 0.498016983107133
3464 0.497929597286374
3465 0.497825351731602
3466 0.497911632645701
3467 0.497890827805019
3468 0.497826106545559
3469 0.497852632242721
3470 0.497889274135447
3471 0.497927020311150
3472 0.498028873847926
3473 0.498041813633746
3474 0.498172810521013
3475 0.498125000000000
3476 0.498249154919448
3477 0.498392337144090
3478 0.498473664821737
3479 0.498484208824375
3480 0.498486889367816
3481 0.498616372809537
3482 0.498504586085583
3483 0.498429873672122
3484 0.498454990671642
3485 0.498427412123386
3486 0.498553365246701
3487 0.498536976627473
3488 0.498441083715596
3489 0.498400105689309
3490 0.498333407951289
3491 0.498232061014036
3492 0.498158737829324
3493 0.498247611294017
3494 0.498131842086434
3495 0.498088787553648
3496 0.498180956807780
3497 0.498256317915356
3498 0.498234482204117
3499 0.498106601886253
3500 0.498220982142857
3501 0.498140040345616
3502 0.498069183680754
3503 0.497999482586355
3504 0.497993364726027
3505 0.497899206490728
3506 0.497922088918996
3507 0.498053001140576
3508 0.498069145524515
3509 0.498104205257908
3510 0.498078035968661
3511 0.497981789376246
3512 0.497877811788155
3513 0.497899542769712
3514 0.497966838005122
3515 0.498070768136558
3516 0.497989103384528
3517 0.497855283266989
3518 0.497873658683911
3519 0.497751047882921
3520 0.497833806818182
3521 0.497970880076683
3522 0.498082366198183
3523 0.498159416690321
3524 0.498264135215664
3525 0.498245789007092
3526 0.498308325652297
3527 0.498442816132691
3528 0.498427756519274
3529 0.498396101941060
3530 0.498268192280453
3531 0.498318465024073
3532 0.498325576868630
3533 0.498422242074724
3534 0.498528800580079
3535 0.498636403818953
3536 0.498524109162896
3537 0.498607356163415
3538 0.498523839386659
3539 0.498547435716304
3540 0.498457362288136
3541 0.498386093264615
3542 0.498254208427442
3543 0.498335185577194
3544 0.498408401523702
3545 0.498324003878702
3546 0.498284819162437
3547 0.498281998872286
3548 0.498377166713641
3549 0.498420549802761
3550 0.498332966549296
3551 0.498387338073782
3552 0.498363597972973
3553 0.498393742963693
3554 0.498398591375914
3555 0.498369374120956
3556 0.498367635686164
3557 0.498243999508012
3558 0.498200577922990
3559 0.498228522759202
3560 0.498108321629213
3561 0.497971733712440
3562 0.498020555516564
3563 0.497965197866966
3564 0.497867126122334
3565 0.497857862903226
3566 0.497858463614694
3567 0.497860159097281
3568 0.497924257286996
3569 0.497901854511067
3570 0.497994353991597
3571 0.497912874544945
3572 0.497998757698768
3573 0.498103178351525
3574 0.498147427602126
3575 0.498122814685315
3576 0.498090569071588
3577 0.498181742731339
3578 0.498317626816657
3579 0.498210044705225
3580 0.498199633379888
3581 0.498137959019827
3582 0.498225720616974
3583 0.498174975579124
3584 0.498046875000000
3585 0.497972236750349
3586 0.497872586098717
3587 0.497739231948704
3588 0.497633169593088
3589 0.497684983630538
3590 0.497816199512535
3591 0.497739574631022
3592 0.497794578229399
3593 0.497833243459505
3594 0.497777328533667
3595 0.497896383866481
3596 0.497973008203559
3597 0.497859544412010
3598 0.497755914744302
3599 0.497653428035565
3600 0.497612847222222
3601 0.497486592266037
3602 0.497474276443642
3603 0.497567131557036
3604 0.497548297031077
3605 0.497547893550624
3606 0.497487910773710
3607 0.497359734543942
3608 0.497224050720621
3609 0.497210749168745
3610 0.497241819598338
3611 0.497308571032955
3612 0.497194680924695
3613 0.497306817395516
3614 0.497290268746541
3615 0.497413122406639
3616 0.497459209070796
3617 0.497558188761404
3618 0.497632281301824
3619 0.497672872340426
3620 0.497740417817680
3621 0.497688181786799
3622 0.497714703547764
3623 0.497811292437207
3624 0.497762313741722
3625 0.497697198275862
3626 0.497814180570877
3627 0.497828784119107
3628 0.497801388506064
3629 0.497861196266189
3630 0.497930655991736
3631 0.498001153263564
3632 0.498132915748899
3633 0.498179663845307
3634 0.498064073679141
3635 0.498052785419532
3636 0.497930847772277
3637 0.497827235702502
3638 0.497939501443101
3639 0.497984078730420
3640 0.498021119505494
3641 0.497904722260368
3642 0.497832363742449
3643 0.497795429590996
3644 0.497853920828760
3645 0.497862011316872
3646 0.497742603195283
3647 0.497761430627913
3648 0.497704221491228
3649 0.497699498150178
3650 0.497670162671233
3651 0.497607675979184
3652 0.497571963992333
3653 0.497691323911853
3654 0.497614985290093
3655 0.497608156634747
3656 0.497730614059081
3657 0.497836982157506
3658 0.497850387848551
3659 0.497762366766876
3660 0.497632769808743
3661 0.497589669830647
3662 0.497556193678318
3663 0.497523802211302
3664 0.497552197052402
3665 0.497496376193724
3666 0.497552466925805
3667 0.497439153258795
3668 0.497488839285714
3669 0.497556597506132
3670 0.497565778269755
3671 0.497507916780169
3672 0.497442640250545
3673 0.497497575210999
3674 0.497596072060425
3675 0.497729591836735
3676 0.497685578754081
3677 0.497591659301061
3678 0.497643292890158
3679 0.497560053683066
3680 0.497673233695652
3681 0.497566685343657
3682 0.497435794065725
3683 0.497543612544122
3684 0.497677880700326
3685 0.497694411465400
3686 0.497788295238741
3687 0.497679770138324
3688 0.497699464479393
3689 0.497703264773651
3690 0.497614964430894
3691 0.497697101056624
3692 0.497737929983749
3693 0.497864414094232
3694 0.497729637587981
3695 0.497595991204330
3696 0.497522659632035
3697 0.497636385921017
3698 0.497590547255273
3699 0.497647168153555
3700 0.497595016891892
3701 0.497560836598217
3702 0.497468640262021
3703 0.497580087091547
3704 0.497684091522678
3705 0.497637272267206
3706 0.497633693672423
3707 0.497664890747235
3708 0.497789829422869
3709 0.497865201199784
3710 0.497815237533693
3711 0.497901087981676
3712 0.497912176724138
3713 0.497974809789927
3714 0.498013218564890
3715 0.498019010767160
3716 0.498051079790097
3717 0.497966480024213
3718 0.497958621906939
3719 0.498019040736757
3720 0.497937668010753
3721 0.497840592246708
3722 0.497920934645352
3723 0.497901557883427
3724 0.497841282894737
3725 0.497865981543624
3726 0.497900102321524
3727 0.497935252884357
3728 0.498030109978541
3729 0.498042161102172
3730 0.498164167225201
3731 0.498119639506835
3732 0.498235279340836
3733 0.498368646196089
3734 0.498444404459025
3735 0.498454233601071
3736 0.498456738490364
3737 0.498577359847471
3738 0.498473239365971
3739 0.498403650708746
3740 0.498427055481283
3741 0.498401371625234
3742 0.498518714925174
3743 0.498503456452044
3744 0.498414129273504
3745 0.498375959612817
3746 0.498313826414843
3747 0.498219408860422
3748 0.498151097251868
3749 0.498233904041078
3750 0.498126041666667
3751 0.498085927086110
3752 0.498171808368870
3753 0.498242031374900
3754 0.498221688532232
3755 0.498102529960053
3756 0.498209115415335
3757 0.498133692108065
3758 0.498067663983502
3759 0.498002710162277
3760 0.497997007978723
3761 0.497909257843659
3762 0.497930580475811
3763 0.498052584374170
3764 0.498067630844846
3765 0.498100307104914
3766 0.498075917750929
3767 0.497986212503318
3768 0.497889298036093
3769 0.497909549946936
3770 0.497972272877984
3771 0.498069146115089
3772 0.497993024257688
3773 0.497868282865094
3774 0.497885408386327
3775 0.497771109271523
3776 0.497848252118644
3777 0.497976030910776
3778 0.498079961289042
3779 0.498151792802329
3780 0.498249421296296
3781 0.498232321145200
3782 0.498290628305130
3783 0.498416022336770
3784 0.498401988636364
3785 0.498372481836196
3786 0.498253227350766
3787 0.498300105624505
3788 0.498306741684266
3789 0.498396880773291
3790 0.498496248350923
3791 0.498596593906621
3792 0.498491890822785
3793 0.498569527748484
3794 0.498491656233527
3795 0.498513669301713
3796 0.498429679267650
3797 0.498363222609955
3798 0.498240233346498
3799 0.498315757436167
3800 0.498384046052632
3801 0.498305339055512
3802 0.498268797672278
3803 0.498266171443597
3804 0.498354938880126
3805 0.498395409001314
3806 0.498313723397267
3807 0.498364443787759
3808 0.498342305672269
3809 0.498370430231032
3810 0.498374958989501
3811 0.498347710574652
3812 0.498346094569780
3813 0.498230764817729
3814 0.498190261208705
3815 0.498216333551769
3816 0.498104199423480
3817 0.497976773316741
3818 0.498022320259298
3819 0.497970672951034
3820 0.497879172120419
3821 0.497870526367443
3822 0.497871083529566
3823 0.497872662176301
3824 0.497932466004184
3825 0.497911560457516
3826 0.497997868204391
3827 0.497921838254507
3828 0.498001975574713
3829 0.498099414011491
3830 0.498140706592689
3831 0.498117740146176
3832 0.498087650052192
3833 0.498172735129142
3834 0.498299548448096
3835 0.498199152542373
3836 0.498189438868613
3837 0.498131882004170
3838 0.498213791362689
3839 0.498166433315968
3840 0.498046875000000
3841 0.497977211338193
3842 0.497884199310255
3843 0.497759725474889
3844 0.497660721253902
3845 0.497709078348505
3846 0.497831553887155
3847 0.497760024044710
3848 0.497811363045738
3849 0.497847452260327
3850 0.497795251623377
3851 0.497906387951182
3852 0.497977917315680
3853 0.497871990981054
3854 0.497775241632071
3855 0.497679555771725
3856 0.497641662344398
3857 0.497523779815919
3858 0.497512271578538
3859 0.497598956983675
3860 0.497581363341969
3861 0.497580978049728
3862 0.497524962778353
3863 0.497405271162309
3864 0.497278564958592
3865 0.497266130336352
3866 0.497295129009312
3867 0.497357447633825
3868 0.497251082600827
3869 0.497355784763505
3870 0.497340318152455
3871 0.497455034228881
3872 0.497498063016529
3873 0.497590490253034
3874 0.497659678304078
3875 0.497697580645161
3876 0.497760658539732
3877 0.497711866456023
3878 0.497736631317690
3879 0.497826840036092
3880 0.497781088917526
3881 0.497720263785107
3882 0.497829525695518
3883 0.497843162503219
3884 0.497817568872297
3885 0.497873431467181
3886 0.497938312210499
3887 0.498004164522768
3888 0.498127250514403
3889 0.498170922795063
3890 0.498062941838046
3891 0.498052396556155
3892 0.497938479573484
3893 0.497841678975083
3894 0.497946560413457
3895 0.497988206033376
3896 0.498022811858316
3897 0.497914060495253
3898 0.497846451706003
3899 0.497811938958707
3900 0.497866586538462
3901 0.497874142847988
3902 0.497762565671451
3903 0.497780153087369
3904 0.497726690573771
3905 0.497722271126761
3906 0.497694852470558
3907 0.497636453800870
3908 0.497603073822927
3909 0.497714608915324
3910 0.497643262468031
3911 0.497636873561749
3912 0.497751310071575
3913 0.497850713966266
3914 0.497863239333163
3915 0.497780970625798
3916 0.497659841036772
3917 0.497619550995660
3918 0.497588254530373
3919 0.497557970783363
3920 0.497584502551020
3921 0.497532317967355
3922 0.497584738335033
3923 0.497478810859036
3924 0.497525245285423
3925 0.497588574840764
3926 0.497597148815588
3927 0.497543051311434
3928 0.497482020112016
3929 0.497533365678290
3930 0.497625437340967
3931 0.497750254388196
3932 0.497709101602238
3933 0.497621289410120
3934 0.497669555477885
3935 0.497591724904701
3936 0.497697535569106
3937 0.497597909258319
3938 0.497475518981717
3939 0.497576320132013
3940 0.497701855964467
3941 0.497717306838366
3942 0.497805087836124
3943 0.497703604488968
3944 0.497722014452333
3945 0.497725562420786
3946 0.497642984984795
3947 0.497719787180137
3948 0.497757962892604
3949 0.497876242403140
3950 0.497750197784810
3951 0.497625205644141
3952 0.497556616902834
3953 0.497662969580066
3954 0.497620091995448
3955 0.497673040455120
3956 0.497624257457027
3957 0.497592281084155
3958 0.497506039982314
3959 0.497610270901743
3960 0.497707544191919
3961 0.497663744950770
3962 0.497660390901060
3963 0.497689565985365
3964 0.497806429742684
3965 0.497876930958386
3966 0.497830189422592
3967 0.497910495966725
3968 0.497920866935484
3969 0.497979457986898
3970 0.498015388853904
3971 0.498020807101486
3972 0.498050808786506
3973 0.497971660269318
3974 0.497964307058379
3975 0.498020833333333
3976 0.497944699446680
3977 0.497853870693990
3978 0.497929039404223
3979 0.497910907263131
3980 0.497854506909548
3981 0.497877613978900
3982 0.497909538234556
3983 0.497942427190560
3984 0.498031187248996
3985 0.498042463927227
3986 0.498156634157050
3987 0.498114967394031
3988 0.498223185180542
3989 0.498347996051642
3990 0.498418898809524
3991 0.498428103858682
3992 0.498430454659319
3993 0.498543349298773
3994 0.498445911054081
3995 0.498380788485607
3996 0.498402699574575
3997 0.498378666812609
3998 0.498488502063532
3999 0.498474227931983
4000 0.498390625000000
4001 0.498354903461635
4002 0.498296750062469
4003 0.498208374968773
4004 0.498144433691309
4005 0.498221949126092
4006 0.498120982588617
4007 0.498083432118792
4008 0.498163828592814
4009 0.498229569406336
4010 0.498210528366584
4011 0.498098977811020
4012 0.498198763085743
4013 0.498128153812609
4014 0.498066338129048
4015 0.498005526151930
4016 0.498000186752988
4017 0.497918028068210
4018 0.497937989982578
4019 0.498052220701667
4020 0.498066309079602
4021 0.498096905309624
4022 0.498074069181999
4023 0.497990072706935
4024 0.497899322813121
4025 0.497918284161491
4026 0.497977016579732
4027 0.498067730320338
4028 0.497996446747766
4029 0.497879630491437
4030 0.497895665322581
4031 0.497788622550236
4032 0.497860863095238
4033 0.497980527832879
4034 0.498077861613783
4035 0.498145136307311
4036 0.498236573959366
4037 0.498220561369829
4038 0.498275174900941
4039 0.498392625030948
4040 0.498379486386139
4041 0.498351854429597
4042 0.498240158028204
4043 0.498284071234232
4044 0.498290291172107
4045 0.498374729604450
4046 0.498467815434998
4047 0.498561820484309
4048 0.498463747529644
4049 0.498536482773524
4050 0.498463541666667
4051 0.498484170575167
4052 0.498405494200395
4053 0.498343241117691
4054 0.498228023248643
4055 0.498298782367448
4056 0.498362765039448
4057 0.498289029763372
4058 0.498254797621981
4059 0.498252340477950
4060 0.498335514162562
4061 0.498373437884757
4062 0.498296905773018
4063 0.498344434531135
4064 0.498323695866142
4065 0.498350053813038
4066 0.498354302447122
4067 0.498328774280797
4068 0.498327264626352
4069 0.498219195441140
4070 0.498181242321867
4071 0.498205677352002
4072 0.498100595530452
4073 0.497981179413209
4074 0.498023863217968
4075 0.497975460122699
4076 0.497889704980373
4077 0.497881599521707
4078 0.497882118992153
4079 0.497883595856828
4080 0.497939644607843
4081 0.497920048701299
4082 0.498000941634003
4083 0.497929677932893
4084 0.498004790034280
4085 0.498096121481028
4086 0.498134827765541
4087 0.498113301321263
4088 0.498085096624266
4089 0.498164855404744
4090 0.498283733190709
4091 0.498189623563921
4092 0.498180519916911
4093 0.498126565172245
4094 0.498203353993649
4095 0.498158959096459
4096 0.498046875000000
