1 0.080430015953569
2 0.375282165302436
3 0.250204319364390
4 0.360288194120002
5 0.305711611238603
6 0.255234231931602
7 0.218911367461570
8 0.261509655788172
9 0.303849992468566
10 0.301665083703669
11 0.324420225294278
12 0.297386228048332
13 0.280554838807959
14 0.282751278289705
15 0.264543396351041
16 0.248134574406747
17 0.233616297371839
18 0.220838807751533
19 0.213854979556265
20 0.209543681341766
21 0.199565410801686
22 0.209998898277437
23 0.225416616979090
24 0.247360926342828
25 0.237902823618331
26 0.228879402863220
27 0.220402446255802
28 0.212728546319828
29 0.207423955845329
30 0.200525912040681
31 0.194971863790993
32 0.191484542925176
33 0.185682104443485
34 0.181216159893791
35 0.204540297518880
36 0.217939636222187
37 0.212049381860556
38 0.209770938490013
39 0.223241059749785
40 0.217660033869621
41 0.212351261042523
42 0.209903096546335
43 0.205023812025037
44 0.200365177696140
45 0.195918138687084
46 0.206275413634987
47 0.222307211428435
48 0.234618831863659
49 0.229830705465436
50 0.225704521153065
51 0.221319187339876
52 0.220889340921967
53 0.221124864257470
54 0.221646088615966
55 0.217790765673361
56 0.213902860585105
57 0.218088279931608
58 0.218352615108906
59 0.214653016700509
60 0.211371044536624
61 0.208277672897524
62 0.215064864605265
63 0.220999864397128
64 0.217619662805004
65 0.214275285799983
66 0.211036148341835
67 0.208294440642709
68 0.205231292517945
69 0.202257105971632
70 0.199368379346033
71 0.196575780789818
72 0.193876438177640
73 0.196051172463082
74 0.194783448504582
75 0.192186340044905
76 0.189684423021543
77 0.187360745285116
78 0.184961141585669
79 0.182625476603050
80 0.183417335487059
81 0.181450416272128
82 0.182033421626271
83 0.180700462487946
84 0.186000819777574
85 0.183812839621925
86 0.185379789398008
87 0.183698013130525
88 0.181882170317698
89 0.187512380855159
90 0.185456472137446
91 0.188474845553178
92 0.187831463244712
93 0.196314149679787
94 0.196443274878273
95 0.201845956283198
96 0.199746746433636
97 0.204391854373608
98 0.202306227452937
99 0.201042448739839
100 0.199056604867132
101 0.200075847042947
102 0.200237694384477
103 0.198296459380577
104 0.197833137873987
105 0.195951879730309
106 0.196341545125935
107 0.195062051656677
108 0.193812930486152
109 0.192042580952399
110 0.190807986362327
111 0.189089002605709
112 0.188663928167011
113 0.187320140077611
114 0.185677492839298
115 0.184376852305363
116 0.182792053124178
117 0.181229883497891
118 0.186553294924685
119 0.184999019550365
120 0.189132869682812
121 0.188356794851425
122 0.194220181804668
123 0.192643027790323
124 0.191089454985697
125 0.189561282294945
126 0.189170096060552
127 0.188257449864708
128 0.186788319486761
129 0.185351896469607
130 0.183926112653367
131 0.182554994947122
132 0.182231309683816
133 0.180861206622660
134 0.179668579951892
135 0.180235680750519
136 0.178912713390622
137 0.177609644438674
138 0.183255031938584
139 0.183254505343657
140 0.188247165926383
141 0.188162443641399
142 0.186837367171545
143 0.185828425256683
144 0.185902283060264
145 0.184621639280687
146 0.184246279808787
147 0.182992911322298
148 0.182593705916483
149 0.182786931800139
150 0.181574440918129
151 0.181162404454690
152 0.180182811499986
153 0.184011085419642
154 0.184735407825525
155 0.183543956479741
156 0.182522008852588
157 0.185627114178287
158 0.185899688294530
159 0.187994784976754
160 0.186833090387921
161 0.185678889396987
162 0.184532778841170
163 0.184422463915036
164 0.183298901885114
165 0.182187999541059
166 0.181108460991848
167 0.184707025067298
168 0.186077048202433
169 0.187510939398809
170 0.186442232071372
171 0.185502044607085
172 0.184615490353568
173 0.185390856772641
174 0.185298364624253
175 0.184800082748082
176 0.186978429952783
177 0.186059601419288
178 0.185030992189496
179 0.184001679530970
180 0.182982319138590
181 0.186913801253117
182 0.186573644504368
183 0.186221087334551
184 0.185211000863286
185 0.187336647546713
186 0.187315787836639
187 0.187380563586904
188 0.186383865934520
189 0.185416716719932
190 0.188279150184248
191 0.188866593560902
192 0.188091476015688
193 0.189498445842630
194 0.188535897887283
195 0.188348333800316
196 0.189035934740403
197 0.188423850833140
198 0.187482252943020
199 0.187878002892092
200 0.187338229768532
201 0.186406261660912
202 0.187662018960986
203 0.189253663522752
204 0.188326476425856
205 0.187575227284190
206 0.186762340731431
207 0.185885559832108
208 0.184993038546794
209 0.184152554423062
210 0.183275658239015
211 0.182407053654704
212 0.184436355501297
213 0.185630202110892
214 0.184764187760171
215 0.183913495517848
216 0.183062044317608
217 0.182323617052030
218 0.182697650806658
219 0.185047252425403
220 0.185563753293446
221 0.184748126101563
222 0.183921091409561
223 0.183111482430894
224 0.184701541405653
225 0.183880665985359
226 0.183552594856425
227 0.182754405027618
228 0.182167209730307
229 0.182534786882176
230 0.181779767318484
231 0.180994522701430
232 0.180339840547645
233 0.183658486415528
234 0.182966341758375
235 0.184601872384164
236 0.186947172638550
237 0.188012195260987
238 0.187241232021634
239 0.187145580739569
240 0.186717416375942
241 0.188901925871660
242 0.191897648938495
243 0.191196328306323
244 0.191195710133606
245 0.190434754036603
246 0.191583311738677
247 0.190989262818875
248 0.193951276788318
249 0.193705673758299
250 0.195942088058847
251 0.196181449900953
252 0.195790818473563
253 0.195016941720704
254 0.194922675968070
255 0.194257795580844
256 0.193525060412319
257 0.195627739372102
258 0.194869536716513
259 0.194287393307553
260 0.193590884662109
261 0.193090261876499
262 0.192687298687142
263 0.191960446520135
264 0.191360967302354
265 0.190758294225931
266 0.190042553215241
267 0.189497063072582
268 0.190410300736197
269 0.191016314895960
270 0.190327353476179
271 0.190117979239295
272 0.189419353492038
273 0.188725549408030
274 0.188036770030636
275 0.187483045731773
276 0.187239553495090
277 0.186640673775845
278 0.186383529806273
279 0.185759824410935
280 0.185096399685584
281 0.184539277383341
282 0.183888243433514
283 0.183240182739697
284 0.182859447394992
285 0.182223714357446
286 0.181591756999855
287 0.180963483950299
288 0.183404182383649
289 0.182814516299735
290 0.182714566146323
291 0.182120977183229
292 0.181541942142346
293 0.180922345070283
294 0.183152365043992
295 0.185349820711165
296 0.185107398768860
297 0.184837342816185
298 0.184217089876251
299 0.184731097247664
300 0.185840883714715
301 0.185257946098570
302 0.184727452456477
303 0.184122125070640
304 0.184786570981548
305 0.186049045866766
306 0.185441308205058
307 0.184838039582311
308 0.184849804918845
309 0.184252858681740
310 0.183839511416308
311 0.185348512861428
312 0.184758553174373
313 0.186503921335000
314 0.186363593224078
315 0.185779496706525
316 0.185681636385884
317 0.185096483837695
318 0.187161756057303
319 0.187007754708135
320 0.186983276542815
321 0.186523828416409
322 0.185975449398334
323 0.187082877943772
324 0.186652308852449
325 0.186077997728501
326 0.185558094474836
327 0.184995824538458
328 0.186354249889847
329 0.185818088760921
330 0.185255006758828
331 0.185197622082105
332 0.184639798018563
333 0.184349371215399
334 0.184440526230439
335 0.183971676987070
336 0.183702541654710
337 0.183166009175912
338 0.182664894638390
339 0.182207934995255
340 0.183435367704850
341 0.183087523755777
342 0.182779907267527
343 0.182247021858457
344 0.181926996517742
345 0.181399671891043
346 0.180877293368214
347 0.180356033156784
348 0.181595799334556
349 0.181578886232079
350 0.181914448869736
351 0.181899977154615
352 0.181550307606135
353 0.181038965175135
354 0.180529480429333
355 0.182803629577569
356 0.183170332745099
357 0.183313091734855
358 0.182801044320452
359 0.182293271905415
360 0.181793827224612
361 0.182108163177687
362 0.181605618978905
363 0.181106654808295
364 0.180617252623342
365 0.180175135315113
366 0.179682913517013
367 0.179204575438096
368 0.178846461156973
369 0.178376552580011
370 0.178908676895572
371 0.178458864394862
372 0.177980350218824
373 0.177669762228263
374 0.177887391550536
375 0.178282447359786
376 0.177808292316852
377 0.177817775615310
378 0.178994950935439
379 0.178533916723141
380 0.178066618455397
381 0.178816871228285
382 0.178890813660874
383 0.178440961701096
384 0.178108305406326
385 0.177861438155147
386 0.177401343748434
387 0.177496702587145
388 0.177039570637219
389 0.176584457426034
390 0.176810947978972
391 0.177121292110001
392 0.177593463351389
393 0.177945828684403
394 0.177527704036969
395 0.177093701776278
396 0.177126478528640
397 0.178319497293466
398 0.178108918318824
399 0.178511338721618
400 0.178242863355148
401 0.177798367443756
402 0.177368144880226
403 0.178981927544373
404 0.178827847289688
405 0.178386971832149
406 0.177947595934566
407 0.177510806598381
408 0.177300983914453
409 0.176867485287309
410 0.176886632059688
411 0.176461393740005
412 0.176492864544581
413 0.176313492056342
414 0.176674983805392
415 0.176529953438457
416 0.176404847159228
417 0.176149604673313
418 0.175732134964545
419 0.175312747200784
420 0.175207134584415
421 0.177029617537014
422 0.176822487090538
423 0.178492395263984
424 0.178117842231484
425 0.177733328702328
426 0.178025172106791
427 0.177608335478369
428 0.177195541867676
429 0.176782498646567
430 0.176373918950497
431 0.177349863194977
432 0.177527357360594
433 0.177124145984566
434 0.178928498096217
435 0.178517282006172
436 0.178108828103253
437 0.177738526922063
438 0.177382072068155
439 0.176978443746556
440 0.176584153553005
441 0.178256962562490
442 0.178100527858266
443 0.178841838662768
444 0.178445460968908
445 0.178044460056883
446 0.179815478248216
447 0.179536074674263
448 0.180400140719719
449 0.179998939108955
450 0.179660140159268
451 0.179261790183553
452 0.178869727062140
453 0.178581830379430
454 0.178349811316615
455 0.178637943121080
456 0.178247336057677
457 0.178201363271038
458 0.177815921682132
459 0.177513533335123
460 0.178432734779541
461 0.178466561984175
462 0.178080270725140
463 0.177899422125984
464 0.177516019405416
465 0.177135606382669
466 0.177315428982436
467 0.178486480385088
468 0.179358679318239
469 0.178982259944848
470 0.178601446625817
471 0.178953374752162
472 0.178574395468445
473 0.178308670800887
474 0.178276486256700
475 0.177901173758032
476 0.177527431829375
477 0.177155258795468
478 0.176790909454417
479 0.176421841353751
480 0.176056371665811
481 0.175717992369088
482 0.176134300365317
483 0.176109667569244
484 0.175745804805441
485 0.175806374453292
486 0.175774578585472
487 0.175415005248419
488 0.175055581480148
489 0.174827791689403
490 0.175639712060430
491 0.175376605926066
492 0.175322811972049
493 0.174967189090023
494 0.175771462242959
495 0.177154199491015
496 0.176846862550140
497 0.177037673149286
498 0.176937163013508
499 0.176595089863559
500 0.176603655359678
501 0.176922297030561
502 0.176830132406495
503 0.176478583114626
504 0.176128448927804
505 0.176261369997278
506 0.176923679910024
507 0.177804956376664
508 0.178437612306005
509 0.178449252221905
510 0.178587331131944
511 0.178239875768102
512 0.178309013835983
513 0.177964551482160
514 0.177621813734352
515 0.178657675935126
516 0.179540833397393
517 0.179279188709175
518 0.180198801904999
519 0.179856032170582
520 0.179510213373519
521 0.179165673707403
522 0.179021342447725
523 0.178679457692263
524 0.178473212786603
525 0.178133263822483
526 0.178924807547404
527 0.179992901214321
528 0.179652005580218
529 0.180681835826277
530 0.180624028769045
531 0.180306256082122
532 0.180180251721508
533 0.181107616676324
534 0.180804465765456
535 0.181829873520097
536 0.181490981390526
537 0.181272071668959
538 0.180935468666607
539 0.180611960565848
540 0.181042981829665
541 0.182461216283280
542 0.182131418446999
543 0.181796001601867
544 0.181470519998628
545 0.181588966525367
546 0.182155691517844
547 0.182408325618303
548 0.183226889804795
549 0.184446779698900
550 0.184114012637194
551 0.185481382880113
552 0.185147708244513
553 0.184813898638785
554 0.184537800361720
555 0.184239811555743
556 0.184071635174955
557 0.183895300068301
558 0.183565738669319
559 0.183318509970352
560 0.183278384369818
561 0.183320086983790
562 0.183702239835582
563 0.183375956922270
564 0.183367142921520
565 0.183280442688488
566 0.182968355045802
567 0.182675335860616
568 0.182367883606026
569 0.182047377677329
570 0.181872447740557
571 0.181585193286705
572 0.182489324457959
573 0.183149806736699
574 0.182830730425196
575 0.182543596330915
576 0.182226684825942
577 0.182725806786926
578 0.182520669717972
579 0.182208609001760
580 0.181894456332470
581 0.181581385000740
582 0.181664270927633
583 0.181357021160983
584 0.181117469958974
585 0.182382450115326
586 0.182120982391980
587 0.181819286340488
588 0.181982728214761
589 0.182326039861901
590 0.182020482342346
591 0.182142580220360
592 0.181882513689618
593 0.181575911789094
594 0.181270249133391
595 0.180980129730004
596 0.181639622327419
597 0.181335368514531
598 0.181050325467043
599 0.180848258419251
600 0.180843929992388
601 0.180543040339352
602 0.180243312506732
603 0.179944540927198
604 0.179646739427521
605 0.179370687814511
606 0.179765552738642
607 0.179511635187701
608 0.180389194633135
609 0.180209802863323
610 0.179933913960750
611 0.179655360350049
612 0.179364881694001
613 0.179364382850268
614 0.179080310807656
615 0.178790502206263
616 0.179562840657673
617 0.179282969956629
618 0.179128801388397
619 0.179623913353971
620 0.179334198129720
621 0.179254415783047
622 0.179186091775608
623 0.179030802498650
624 0.178762614211019
625 0.178476975190484
626 0.178242631866344
627 0.177963032702666
628 0.177680249290939
629 0.177397768846340
630 0.177209997070385
631 0.176934697099812
632 0.176654905296215
633 0.176882876693566
634 0.177260875632122
635 0.177023607871007
636 0.176790304621138
637 0.176606024474077
638 0.176794998741539
639 0.176518407731042
640 0.177261263457580
641 0.178153663952086
642 0.177887304783080
643 0.177610718132566
644 0.177528047024781
645 0.177252809744492
646 0.176978427458681
647 0.177238741127213
648 0.176988816833710
649 0.176728345829741
650 0.177141312792485
651 0.176869206321314
652 0.176629395478100
653 0.176358960223308
654 0.176089575743010
655 0.175820741315708
656 0.175582966615218
657 0.176013323196621
658 0.175745825757411
659 0.176198519087819
660 0.176098056146145
661 0.176013652466963
662 0.176442209774603
663 0.176430600395249
664 0.176493649148458
665 0.176228282480462
666 0.176128758251658
667 0.175889474392382
668 0.176841307804197
669 0.176584267288298
670 0.176998095066179
671 0.176754722917816
672 0.176491695075406
673 0.177227002732280
674 0.176993708728229
675 0.176775793067342
676 0.176514436589367
677 0.177391604012554
678 0.178112495193574
679 0.179314861021897
680 0.179051165751469
681 0.178788241867878
682 0.178526790758611
683 0.178681628171983
684 0.179810022749855
685 0.179548236416135
686 0.179796020189657
687 0.179534550125945
688 0.179414977141692
689 0.179154679451854
690 0.179093053345406
691 0.178833873907265
692 0.178575960277222
693 0.179169601887779
694 0.178913467072560
695 0.178903955917779
696 0.178670531657480
697 0.178414191544450
698 0.178246115122421
699 0.177991113533294
700 0.177809995654786
701 0.177886547367704
702 0.177633148097684
703 0.177386305330808
704 0.177136017236590
705 0.176942909263214
706 0.176879563205534
707 0.176666525967342
708 0.176830401640747
709 0.176628137765088
710 0.177199794606173
711 0.177454226044956
712 0.177784291833223
713 0.177537218732854
714 0.177537681339633
715 0.177289582235290
716 0.177198093384501
717 0.177928218306386
718 0.177762192175890
719 0.178323052248319
720 0.179007663033059
721 0.178759387657939
722 0.178535713860851
723 0.178853363326840
724 0.179382044578555
725 0.179507869998637
726 0.179732703306412
727 0.179490978159700
728 0.179246284211752
729 0.179149333693620
730 0.179035043085234
731 0.178790955016192
732 0.178548653860810
733 0.178680726296308
734 0.178446427467011
735 0.178871346252765
736 0.178750987296499
737 0.178846604363791
738 0.178604264791482
739 0.178362591666868
740 0.178178694363140
741 0.178148379484375
742 0.179243498553443
743 0.179003699975555
744 0.179036675169454
745 0.178796509178663
746 0.178561635642034
747 0.178322926147927
748 0.178103161040601
749 0.177867296050242
750 0.177654489174923
751 0.177419078238620
752 0.177189579494413
753 0.177063256744152
754 0.176834586863685
755 0.176601965149675
756 0.176594750608248
757 0.176363197077945
758 0.176160883300912
759 0.176018556121709
760 0.175787615968999
761 0.176105066996439
762 0.176315305675665
763 0.176084224903322
764 0.175853771711214
765 0.175641812852534
766 0.175872957124571
767 0.175643657327854
768 0.175414968740569
769 0.175298391919212
770 0.175098104469180
771 0.174876271955381
772 0.174663894259273
773 0.174477170609548
774 0.174252472053378
775 0.174031972656006
776 0.174097493288448
777 0.174051323044858
778 0.173827608229065
779 0.174120103444504
780 0.173901944797774
781 0.173680178710629
782 0.173483266832006
783 0.173262297491775
784 0.173754221578141
785 0.173885596781409
786 0.173672496290154
787 0.173455489632709
788 0.173370641474788
789 0.173161654488440
790 0.172943920566085
791 0.172751971077479
792 0.172536727319122
793 0.172480579634756
794 0.172263368088098
795 0.172091990615499
796 0.171875798823675
797 0.171871594285896
798 0.171666302685220
799 0.171889649759845
800 0.171900302795545
801 0.171685703626127
802 0.171471631965141
803 0.171258442737413
804 0.171058854772689
805 0.171708834297859
806 0.171573313227183
807 0.171360706891258
808 0.171807802993912
809 0.172023510274036
810 0.172677470728537
811 0.172464565014389
812 0.172259720012643
813 0.172512078302425
814 0.172386304799366
815 0.172608279065690
816 0.172464885579152
817 0.172324569401625
818 0.172156683348338
819 0.173080634134380
820 0.173075391834844
821 0.172864627136136
822 0.172654509910103
823 0.173462632579068
824 0.173289412137695
825 0.173079384924127
826 0.172923701849153
827 0.172805126184310
828 0.172596611518002
829 0.172483585151080
830 0.172275776564454
831 0.172069083202409
832 0.171882866478677
833 0.171676870524252
834 0.171769187164859
835 0.171740342149757
836 0.171584104189712
837 0.172499565092880
838 0.172293718725551
839 0.172092754637942
840 0.171887962020144
841 0.171754896695090
842 0.172345744285009
843 0.173300281738514
844 0.173138403137368
845 0.172933505698778
846 0.173237039232582
847 0.173032509132193
848 0.172835296179485
849 0.173709965740359
850 0.173853856850720
851 0.173651778814033
852 0.174092815863178
853 0.173925513315593
854 0.173722326754331
855 0.173519150944411
856 0.173764188599575
857 0.173561678618229
858 0.173359399277738
859 0.173160484872833
860 0.172969731663062
861 0.172768877748696
862 0.173234159786343
863 0.173034650698923
864 0.172837276445827
865 0.173421839008577
866 0.173305553809258
867 0.173470642608297
868 0.173597597671953
869 0.173553034679551
870 0.173487410570908
871 0.173289771467491
872 0.173141741407844
873 0.173855158057749
874 0.173656239216258
875 0.173498743692361
876 0.173666728636177
877 0.174055797053293
878 0.173858233441041
879 0.174262504297356
880 0.174066360931375
881 0.173868782779107
882 0.173671875129848
883 0.173475653335132
884 0.173279763748245
885 0.173117732637163
886 0.172930451131739
887 0.173224261899074
888 0.173031046602322
889 0.173438956956339
890 0.173546269471131
891 0.173465166115057
892 0.173508813458466
893 0.173316424097814
894 0.173588141062928
895 0.174103807298463
896 0.173911600434016
897 0.173719632445820
898 0.173583237443486
899 0.173437438354380
900 0.173244818113807
901 0.174042936594946
902 0.173858323568578
903 0.174107046661931
904 0.173914450737134
905 0.174652357533797
906 0.174461492365850
907 0.174404590987644
908 0.174212884133285
909 0.174026195366335
910 0.174067877731816
911 0.173882750814574
912 0.173695990470520
913 0.173678878957430
914 0.173677824064706
915 0.173764691815086
916 0.173687849310398
917 0.173498463104888
918 0.173446649056856
919 0.173258528586768
920 0.173566168512256
921 0.173378116008833
922 0.173256903748130
923 0.173145750074408
924 0.172958720839449
925 0.172771739025847
926 0.173253668232856
927 0.173067094308559
928 0.172890777205877
929 0.172705935784874
930 0.172632945984107
931 0.173061057692950
932 0.173000151235761
933 0.173483922436081
934 0.173298819906820
935 0.173113473581319
936 0.173095882441022
937 0.172995436261187
938 0.172931366889888
939 0.172762146977276
940 0.172802066323919
941 0.172633764806462
942 0.172457386722950
943 0.172293825065668
944 0.172142683665558
945 0.172934054766097
946 0.172756904105244
947 0.173327331203744
948 0.173144806962607
949 0.172968798004976
950 0.172786727893865
951 0.172605671180135
952 0.172480636824647
953 0.172299741022642
954 0.172152362683971
955 0.171972245702098
956 0.172122661285140
957 0.171963682720632
958 0.171784191947887
959 0.171605077821001
960 0.171527250102333
961 0.171849279519144
962 0.172123506683984
963 0.172496987184322
964 0.172319659900504
965 0.172164283848942
966 0.171986410186414
967 0.172235324460614
968 0.172077511093435
969 0.172392816609402
970 0.172215143029493
971 0.172418620262076
972 0.172250207184872
973 0.172073237077143
974 0.171896598164406
975 0.171720441881432
976 0.171860885703851
977 0.172290888030691
978 0.172114751151807
979 0.172157120335916
980 0.172529842821575
981 0.172354640401962
982 0.172266487798322
983 0.172555669065513
984 0.172388799834964
985 0.172420465975780
986 0.172299073024568
987 0.172132091668484
988 0.171993435893858
989 0.171846268926503
990 0.171686239072431
991 0.171621976808151
992 0.172385479077256
993 0.172211885521733
994 0.172038834220374
995 0.171895394274408
996 0.171722808544148
997 0.171667242567885
998 0.171497783032911
999 0.171327781620267
1000 0.171161307033076
1001 0.171224791254027
1002 0.171296922117797
1003 0.171538489776251
1004 0.171367766552039
1005 0.171222907534392
1006 0.171052705837043
1007 0.170919596897900
1008 0.170750453219428
1009 0.170598029308446
1010 0.170429120372786
1011 0.170260646660272
1012 0.170252326867959
1013 0.170283378595606
1014 0.170116997146444
1015 0.169949408528263
1016 0.169786363862087
1017 0.170287438631229
1018 0.170329239556095
1019 0.170162457288875
1020 0.170001131413296
1021 0.169834670711866
1022 0.170146581020795
1023 0.170300426031981
1024 0.170156224938619
1025 0.170736485264782
1026 0.170676221178082
1027 0.170713215731190
1028 0.171113213154875
1029 0.170966495476432
1030 0.170840505418338
1031 0.170679448844401
1032 0.170519852979948
1033 0.170355910804483
1034 0.170219922946152
1035 0.170080514306111
1036 0.169916345913759
1037 0.169769321107556
1038 0.169605766848428
1039 0.169469408537878
1040 0.169546044260684
1041 0.169463934634096
1042 0.169301301451948
1043 0.169139362168847
1044 0.169073363713599
1045 0.169326592075294
1046 0.169164712922966
1047 0.169891967028505
1048 0.169741371907141
1049 0.169804035729221
1050 0.169642317671216
1051 0.169602651044209
1052 0.169444743731361
1053 0.169295007736254
1054 0.169149314467898
1055 0.169053431080437
1056 0.168893345197202
1057 0.168747037637206
1058 0.168588108275180
1059 0.168498308902008
1060 0.168885339864880
1061 0.169254135406408
1062 0.169588861915875
1063 0.169429323989163
1064 0.169299108302598
1065 0.169149152245637
1066 0.168996250958477
1067 0.169060632332590
1068 0.168902346810137
1069 0.168744346527436
1070 0.168586696302297
1071 0.168429290038877
1072 0.168285610344801
1073 0.168138488734651
1074 0.167982172703951
1075 0.168327483793414
1076 0.168319353071560
1077 0.168230153569249
1078 0.168896336889250
1079 0.168765626489229
1080 0.168691161096571
1081 0.168535385120747
1082 0.168399992601702
1083 0.168454844521691
1084 0.168310825247609
1085 0.168158454877450
1086 0.168003647315305
1087 0.168738582697711
1088 0.168905112452542
1089 0.168789069428471
1090 0.169295918413811
1091 0.169140746531172
1092 0.168985855740893
1093 0.169532439526187
1094 0.169382597477568
1095 0.169232671664223
1096 0.169314917417187
1097 0.169160656916798
1098 0.169011551695749
1099 0.168958400989806
1100 0.168805850822431
1101 0.168653377974055
1102 0.168509541711986
1103 0.168359250384527
1104 0.168207263618265
1105 0.168387331921985
1106 0.168254443943874
1107 0.168102641002704
1108 0.168425332863067
1109 0.169013934827602
1110 0.168861670021981
1111 0.168789888313173
1112 0.169307466590764
1113 0.169156645452416
1114 0.169004799274444
1115 0.168869766094270
1116 0.168809489589886
1117 0.169030656674011
1118 0.169569956708673
1119 0.169418419674644
1120 0.169386781578556
1121 0.169236764772098
1122 0.169329847956128
1123 0.169179302136130
1124 0.169030050144881
1125 0.168968578154359
1126 0.169524614053224
1127 0.169376010297266
1128 0.169225928846526
1129 0.169117208624572
1130 0.168987568415714
1131 0.168838253854640
1132 0.168729189802818
1133 0.168580271606326
1134 0.168688008755239
1135 0.168539461101956
1136 0.168391155421442
1137 0.168657791672034
1138 0.168925504825067
1139 0.168777207600746
1140 0.168629379385234
1141 0.169183202462877
1142 0.169035209632304
1143 0.168893348823603
1144 0.168754099567457
1145 0.169351178216383
1146 0.169348703434136
1147 0.169454401026037
1148 0.170077208808006
1149 0.170758601047607
1150 0.171106391542778
1151 0.171090346100492
1152 0.171044402838403
1153 0.170972846794843
1154 0.171006382830757
1155 0.171461222400144
1156 0.171408324180688
1157 0.171889163539775
1158 0.171866982015761
1159 0.172113720582760
1160 0.172079799945531
1161 0.171975751389595
1162 0.171982944843725
1163 0.171837369564004
1164 0.172333775115184
1165 0.172229236796409
1166 0.172083224641387
1167 0.172017886833906
1168 0.171870828585160
1169 0.171758711240540
1170 0.171619000169033
1171 0.171577940180400
1172 0.171514455384480
1173 0.171422570776181
1174 0.171295157565763
1175 0.171347907913383
1176 0.171939805777612
1177 0.171795520381505
1178 0.171676857548675
1179 0.171715747686278
1180 0.171584768554165
1181 0.171663929615604
1182 0.172220192291855
1183 0.172803601210625
1184 0.172872892187148
1185 0.172790085186896
1186 0.172950600658529
1187 0.172806699855783
1188 0.172661289107850
1189 0.172937760817014
1190 0.172828024472078
1191 0.172682912949436
1192 0.172540347597603
1193 0.172395916153629
1194 0.172251533107598
1195 0.172107391480967
1196 0.171983552814735
1197 0.171929117432167
1198 0.172335066025401
1199 0.172355294084364
1200 0.172216834108813
1201 0.172380998807982
1202 0.172237587019054
1203 0.172427824492737
1204 0.172284811644127
1205 0.172452737959171
1206 0.172743637732845
1207 0.172797607055934
1208 0.172769792176442
1209 0.172627548438715
1210 0.172497189813994
1211 0.172357438034127
1212 0.172215228978737
1213 0.172073365173933
1214 0.171931704337158
1215 0.172224556068537
1216 0.172881602892539
1217 0.172739808764304
1218 0.172597986272107
1219 0.172457802890567
1220 0.172533328938702
1221 0.172403876173986
1222 0.172290186967011
1223 0.172536666692490
1224 0.172395706950025
1225 0.172269797714358
1226 0.172177232356780
1227 0.172055209253351
1228 0.171915128860680
1229 0.171779719912347
1230 0.171755346290148
1231 0.171629833509886
1232 0.171590449524603
1233 0.171626904474564
1234 0.171759117856092
1235 0.171702210701590
1236 0.171979209532171
1237 0.171968306542806
1238 0.171839534038736
1239 0.171707094898234
1240 0.171594139957440
1241 0.171742593467478
1242 0.171625883813800
1243 0.171519643756582
1244 0.171577743539258
1245 0.171440153777902
1246 0.171322358858775
1247 0.171194745934417
1248 0.171061935912107
1249 0.170936645992561
1250 0.170804838442648
1251 0.171119936797561
1252 0.171012345257619
1253 0.170943971860064
1254 0.170873643471919
1255 0.170739478794997
1256 0.171258491659845
1257 0.171125568907313
1258 0.170989704714832
1259 0.170875553433264
1260 0.171234713408025
1261 0.171224830257141
1262 0.171132188485078
1263 0.171241325673500
1264 0.171105852321155
1265 0.170971912408582
1266 0.170970473199293
1267 0.170835532521930
1268 0.170821422171332
1269 0.170686991080591
1270 0.170552594404203
1271 0.170497252274731
1272 0.170378276809476
1273 0.170244436843565
1274 0.170211773702324
1275 0.170082710409910
1276 0.170008765397676
1277 0.170214766108157
1278 0.170600759258659
1279 0.170515821953369
1280 0.170701568024763
1281 0.170569747513077
1282 0.170728545916303
1283 0.170595504393903
1284 0.170469628829884
1285 0.170347003790749
1286 0.170526604666127
1287 0.170399283085551
1288 0.170955811126220
1289 0.171157465810386
1290 0.171549096332416
1291 0.171416244445985
1292 0.171562037755041
1293 0.171523268159449
1294 0.171435319286479
1295 0.171501748861312
1296 0.171442734160718
1297 0.171324060925195
1298 0.171344648227760
1299 0.171212754198487
1300 0.171153502768056
1301 0.171024045854401
1302 0.171270615877931
1303 0.171165433312278
1304 0.171066407852636
1305 0.171245952933085
1306 0.171763107928011
1307 0.171900581164636
1308 0.171813023748761
1309 0.171681789436465
1310 0.171572423356140
1311 0.171446008961065
1312 0.171328539686046
1313 0.171395320191283
1314 0.171273325668692
1315 0.171872493807086
1316 0.171748623670521
1317 0.171958106911435
1318 0.171827796594105
1319 0.171697525806909
1320 0.171567467833560
1321 0.172124567147177
1322 0.172228579525428
1323 0.172106012465095
1324 0.172302114603289
1325 0.172172738934710
1326 0.172167052608903
1327 0.172041805268615
1328 0.171913950652637
1329 0.171785161759545
1330 0.172032519999949
1331 0.172123300861807
1332 0.172107278570751
1333 0.171978166123974
1334 0.172066863218523
1335 0.171937974182597
1336 0.171967335272676
1337 0.171840071651906
1338 0.171718916072361
1339 0.172013200988899
1340 0.171976449667671
1341 0.171848204744245
1342 0.171720312005929
1343 0.171789744760223
1344 0.171662057087724
1345 0.171900205520550
1346 0.171772509521355
1347 0.171663708183790
1348 0.171562616643743
1349 0.171895791927118
1350 0.171860716067596
1351 0.171738844953508
1352 0.171617729735373
1353 0.171656580746867
1354 0.171746055002903
1355 0.171620878157658
1356 0.171494314088220
1357 0.171382897717782
1358 0.171838431312559
1359 0.171760570921485
1360 0.171634281058648
1361 0.171596321366045
1362 0.171470377212982
1363 0.171344576286537
1364 0.171587509172321
1365 0.171471643792852
1366 0.171615769973160
1367 0.171490267442487
1368 0.171364909620969
1369 0.171243926608670
1370 0.171682773688664
1371 0.171613509413553
1372 0.171862593089383
1373 0.171774071792632
1374 0.171649054273133
1375 0.171763879820990
1376 0.171639051464907
1377 0.171569582947864
1378 0.172010707999299
1379 0.171938393337805
1380 0.171999509377175
1381 0.171927496934753
1382 0.171803949453516
1383 0.171681908420677
1384 0.171753811589206
1385 0.171629825714930
1386 0.171928276470538
1387 0.172056939789630
1388 0.171934239775454
1389 0.171812136104544
1390 0.171691601330948
1391 0.171578420044319
1392 0.171455159685289
1393 0.171449616676422
1394 0.171359790833916
1395 0.171236952274189
1396 0.171114436774671
1397 0.171001020950087
1398 0.171531992415909
1399 0.171815174675607
1400 0.171717579627426
1401 0.171595012105218
1402 0.171542504977286
1403 0.171914612157921
1404 0.171792515941899
1405 0.171791028716060
1406 0.172215079639213
1407 0.172107332523264
1408 0.171985097203904
1409 0.172417198617587
1410 0.172740776785225
1411 0.172621068226569
1412 0.172498847874669
1413 0.172793166209797
1414 0.173328180931369
1415 0.173576073642754
1416 0.173454818220581
1417 0.173332443648717
1418 0.173210243796000
1419 0.173646065758146
1420 0.173630913579292
1421 0.173688822381212
1422 0.173865396353787
1423 0.174155985027522
1424 0.174033684942593
1425 0.173915999946756
1426 0.173794039924662
1427 0.173709700015839
1428 0.173651970521392
1429 0.173530450650153
1430 0.173410106170579
1431 0.173289944157981
1432 0.173168935557801
1433 0.173053459226303
1434 0.172943284611062
1435 0.173202156867610
1436 0.173187106252898
1437 0.173083901254616
1438 0.172963536929574
1439 0.173002037530133
1440 0.172881921050154
1441 0.173247886809219
1442 0.173808514292426
1443 0.173797175261217
1444 0.173748133043342
1445 0.173903740886769
1446 0.174065923539765
1447 0.173945630288128
1448 0.174292139871104
1449 0.174363243293185
1450 0.174265830356712
1451 0.174281788104607
1452 0.174162086615502
1453 0.174348099352599
1454 0.174244725628465
1455 0.174797697951957
1456 0.174678077442974
1457 0.174641146050753
1458 0.174645690330072
1459 0.174669488704298
1460 0.174549985349497
1461 0.174431747273628
1462 0.174414245040267
1463 0.174296080041113
1464 0.174388928820693
1465 0.174272404911308
1466 0.174157699922793
1467 0.174054051641087
1468 0.173936626955975
1469 0.174175612925182
1470 0.174057419148106
1471 0.174020081822104
1472 0.173906047515143
1473 0.173817937178520
1474 0.173700267879140
1475 0.173679795264221
1476 0.173562911035685
1477 0.173451476969147
1478 0.173572395002642
1479 0.173821367844638
1480 0.173809017675622
1481 0.173691658479871
1482 0.174239293220261
1483 0.174121816568496
1484 0.174343708585474
1485 0.174264785729402
1486 0.174147960117633
1487 0.174158642641768
1488 0.174068387037180
1489 0.173992724778049
1490 0.173893615818348
1491 0.173805367273908
1492 0.174018325670848
1493 0.173901825262201
1494 0.173785780242971
1495 0.174068330463442
1496 0.174012446271074
1497 0.174288971999926
1498 0.174180794126719
1499 0.174156430796372
1500 0.174694574550073
1501 0.174983657818591
1502 0.174895418963905
1503 0.174779209435794
1504 0.174791434411987
1505 0.174849607789188
1506 0.174764343444993
1507 0.174649748546794
1508 0.174533933063691
1509 0.174458921725670
1510 0.174761674203849
1511 0.174648416971238
1512 0.174575904032533
1513 0.174896670264260
1514 0.174838438778055
1515 0.174723063476258
1516 0.174685536669048
1517 0.174966197259349
1518 0.174850948466346
1519 0.174735839929537
1520 0.175118876952317
1521 0.175003755747822
1522 0.174894019157577
1523 0.175303645644211
1524 0.175283395148901
1525 0.175243311878819
1526 0.175482970700155
1527 0.175368108570017
1528 0.175292919851679
1529 0.175178280138780
1530 0.175111805231588
1531 0.175018597844904
1532 0.175175751176532
1533 0.175096399051984
1534 0.175559353098767
1535 0.175448250305267
1536 0.175334251479151
1537 0.175279632210594
1538 0.175165666259872
1539 0.175078470376841
1540 0.175310876039946
1541 0.175202241437258
1542 0.175088653513954
1543 0.174981065757329
1544 0.174915443853821
1545 0.174811852805717
1546 0.174702398564948
1547 0.174774388194811
1548 0.174696206636870
1549 0.174899471934440
1550 0.174786649595462
1551 0.174673956757896
1552 0.174579933355783
1553 0.174468653107431
1554 0.174363226577614
1555 0.174251095885285
1556 0.174195941350611
1557 0.174255668214543
1558 0.174232079264900
1559 0.174120320417892
1560 0.174081795881344
1561 0.174394137975592
1562 0.174654145966623
1563 0.175063305642259
1564 0.175169934469414
1565 0.175314576228938
1566 0.175233401994052
1567 0.175121599281978
1568 0.175234427299905
1569 0.175122747994869
1570 0.175055275381523
1571 0.174949599359975
1572 0.175175482716096
1573 0.175289140782025
1574 0.175195425702892
1575 0.175084192716608
1576 0.175107533296358
1577 0.175033561118587
1578 0.174922971592932
1579 0.174812190884049
1580 0.174745868781348
1581 0.174647776614187
1582 0.174538019637474
1583 0.174491681969329
1584 0.174381594895617
1585 0.174271576297251
1586 0.174193574449931
1587 0.174175875079285
1588 0.174155850420851
1589 0.174068635773214
1590 0.174002448742762
1591 0.173920765350966
1592 0.174090037934360
1593 0.173985045604093
1594 0.173878193307974
1595 0.173769178837351
1596 0.174029392237171
1597 0.174054333505561
1598 0.173945907478307
1599 0.173865881926014
1600 0.173787253875878
1601 0.173678923607751
1602 0.173571930875936
1603 0.173788108408251
1604 0.173679761707250
1605 0.173882192877016
1606 0.174292181321701
1607 0.174189810808956
1608 0.174696666092111
1609 0.174590431284658
1610 0.174482255275973
1611 0.174831141678261
1612 0.174862991998832
1613 0.174838047028780
1614 0.174750813888488
1615 0.174924082298258
1616 0.175316539417288
1617 0.175225640367969
1618 0.175350653567255
1619 0.175802002555919
1620 0.175990132708853
1621 0.176213160394478
1622 0.176162674036624
1623 0.176133333436098
1624 0.176024984022660
1625 0.175927065878968
1626 0.176142256909157
1627 0.176176788963312
1628 0.176068585926468
1629 0.175961244517336
1630 0.175853293269570
1631 0.175783791221604
1632 0.175682622325427
1633 0.176008360366422
1634 0.175900667787923
1635 0.176373983078953
1636 0.176266818894310
1637 0.176190640948959
1638 0.176118085292584
1639 0.176013274502593
1640 0.175911275469047
1641 0.175916521606766
1642 0.175811701463883
1643 0.175717125967918
1644 0.175610242075347
1645 0.175524152399076
1646 0.175757667208529
1647 0.175753588132303
1648 0.175966122478287
1649 0.175885324275558
1650 0.175779042504077
1651 0.176040831958477
1652 0.175934369637417
1653 0.176144223971247
1654 0.176219926717076
1655 0.176121011841487
1656 0.176074199741134
1657 0.175967971881644
1658 0.175894488828047
1659 0.175788466149544
1660 0.175694992209330
1661 0.175596387856781
1662 0.175490734193811
1663 0.175385625168231
1664 0.175285425043358
1665 0.175181331480530
1666 0.175076184373978
1667 0.175093027231529
1668 0.175046540111894
1669 0.175223997043397
1670 0.175120303475195
1671 0.175373262175433
1672 0.175625736921617
1673 0.175639613593823
1674 0.175570416392548
1675 0.175513108875450
1676 0.175416994370983
1677 0.175830694160916
1678 0.175731808213526
1679 0.175627234577066
1680 0.175926487426007
1681 0.175822018533802
1682 0.175852009481519
1683 0.175759119251416
1684 0.175705616511097
1685 0.175619604907444
1686 0.175515442829417
1687 0.175598832906578
1688 0.175495026691973
1689 0.175403812573434
1690 0.175303690846115
1691 0.175200022220545
1692 0.175502989638530
1693 0.175399466903117
1694 0.175295926495900
1695 0.175214446328554
1696 0.175128684747324
1697 0.175026287622963
1698 0.174923309155351
1699 0.174820355881256
1700 0.174717539706447
1701 0.174799075700467
1702 0.174696405957351
1703 0.174593828400981
1704 0.174518760227938
1705 0.174419933861932
1706 0.174737722414292
1707 0.174639493330728
1708 0.175011279425204
1709 0.174908874264520
1710 0.174806588385433
1711 0.174705247796590
1712 0.174603205156760
1713 0.174517982075390
1714 0.174421450590823
1715 0.174377561340407
1716 0.174276033670113
1717 0.174306937397048
1718 0.174221568400699
1719 0.174307576117597
1720 0.174566019549718
1721 0.174471478195147
1722 0.174371360463901
1723 0.174321215343371
1724 0.174242294944050
1725 0.174182739238141
1726 0.174082607484717
1727 0.173990014877872
1728 0.174008105734960
1729 0.174198468470672
1730 0.174102726131690
1731 0.174002148385557
1732 0.174039507485110
1733 0.173942134249334
1734 0.173841833871278
1735 0.174097533249898
1736 0.173998802924174
1737 0.173951553042084
1738 0.173859607303302
1739 0.173910188120239
1740 0.173860360439569
1741 0.173921173395044
1742 0.173993524256970
1743 0.174441637085470
1744 0.174346928788932
1745 0.174253516471337
1746 0.174153780436162
1747 0.174062477472616
1748 0.174231665424362
1749 0.174181823648471
1750 0.174082291184565
1751 0.173990807118547
1752 0.174014453913251
1753 0.174444570966018
1754 0.174347870376665
1755 0.174461124029236
1756 0.174362211440682
1757 0.174313615959762
1758 0.174253860104542
1759 0.174620903022848
1760 0.174521689423604
1761 0.174422591690066
1762 0.174434115038609
1763 0.174423224133402
1764 0.174342043961130
1765 0.174267671111820
1766 0.174169263559902
1767 0.174073605455741
1768 0.173975311454775
1769 0.173895746277867
1770 0.173797500175990
1771 0.173866024522107
1772 0.173773277489767
1773 0.173675277454061
1774 0.173652251068109
1775 0.173556886714240
1776 0.173659177049129
1777 0.173997481105325
1778 0.173899620202229
1779 0.174057942308818
1780 0.174036742632229
1781 0.173939032649618
1782 0.173928593583682
1783 0.173911456999979
1784 0.173900238271937
1785 0.173802931443760
1786 0.173727509572777
1787 0.173696277152818
1788 0.173599133559123
1789 0.173502865949748
1790 0.173405936989368
1791 0.173309130286556
1792 0.173246095319000
1793 0.173593962525150
1794 0.173497306809552
1795 0.173780509945296
1796 0.173687820774627
1797 0.173593723212692
1798 0.173506608002401
1799 0.173416917370062
1800 0.173320805470307
1801 0.173224569599075
1802 0.173292968093980
1803 0.173204727653928
1804 0.173110051291736
1805 0.173014147027298
1806 0.172995736816627
1807 0.172901564495136
1808 0.172809227474720
1809 0.172713712234731
1810 0.172618292435776
1811 0.172856891467468
1812 0.172807279622822
1813 0.172712310896194
1814 0.172630733486889
1815 0.172564903134534
1816 0.172614080986521
1817 0.172519081492315
1818 0.172636491880824
1819 0.172541592654139
1820 0.172446789736153
1821 0.172378284500016
1822 0.172326333965611
1823 0.172563746510421
1824 0.172469239216654
1825 0.172383281870661
1826 0.172433150169168
1827 0.172505676594813
1828 0.172415255432924
1829 0.172472253839957
1830 0.172549433999839
1831 0.172455202951542
1832 0.172363950210965
1833 0.172269961631270
1834 0.172239471371902
1835 0.172234328901715
1836 0.172142642606200
1837 0.172120631008648
1838 0.172212613679207
1839 0.172450695889078
1840 0.172356972697597
1841 0.172600903247526
1842 0.172507551158157
1843 0.172449288184695
1844 0.172428627443217
1845 0.172810431333949
1846 0.172721719754385
1847 0.172628205402868
1848 0.172992502535682
1849 0.172909477124868
1850 0.172816599257976
1851 0.172723366356346
1852 0.172630134105220
1853 0.172546441413088
1854 0.172454564715914
1855 0.172363232329962
1856 0.172610560268318
1857 0.172542246397503
1858 0.172462506143954
1859 0.172370594122241
1860 0.172294221331614
1861 0.172414572405680
1862 0.172322727456723
1863 0.172237228411137
1864 0.172192033088439
1865 0.172440587708609
1866 0.172406427991988
1867 0.172352089054402
1868 0.172274191698833
1869 0.172465267981856
1870 0.172373041110325
1871 0.172280930333584
1872 0.172393941855832
1873 0.172303873124288
1874 0.172229051716562
1875 0.172416908475672
1876 0.172569792394555
1877 0.172480426280175
1878 0.172396259346991
1879 0.172304631745146
1880 0.172214153088391
1881 0.172144443161485
1882 0.172237162242786
1883 0.172451117627879
1884 0.172362771518756
1885 0.172731285349472
1886 0.172639709340712
1887 0.172550916487302
1888 0.172603392663219
1889 0.172512766854367
1890 0.172423023699744
1891 0.172336503994192
1892 0.172367534967798
1893 0.172295360541564
1894 0.172466390119832
1895 0.172378579842791
1896 0.172287662870301
1897 0.172198104324197
1898 0.172239029546311
1899 0.172148337307209
1900 0.172195890469433
1901 0.172206684600331
1902 0.172125335955540
1903 0.172496095779492
1904 0.172527344586937
1905 0.172440332679614
1906 0.172659865835149
1907 0.172745178352086
1908 0.172654709920839
1909 0.172566622903578
1910 0.172514150729156
1911 0.172807549408551
1912 0.172838306320912
1913 0.172748267762795
1914 0.172672437130276
1915 0.172582578804665
1916 0.172581674849997
1917 0.172491662717701
1918 0.172401729970557
1919 0.172311890611540
1920 0.172349019055859
1921 0.172308390316690
1922 0.172219496338086
1923 0.172129954799844
1924 0.172040503113248
1925 0.172145169999939
1926 0.172094450617843
1927 0.172357818017350
1928 0.172288011884859
1929 0.172200178374425
1930 0.172626486433041
1931 0.172537607174571
1932 0.172448376710898
1933 0.172359270908260
1934 0.172674464316292
1935 0.172594338950170
1936 0.172666669860462
1937 0.172577528603008
1938 0.172495432355217
1939 0.172409318837716
1940 0.172361854489567
1941 0.172691846872925
1942 0.172873876174398
1943 0.172786570564366
1944 0.172699511590207
1945 0.172636506976299
1946 0.172548874522581
1947 0.172460355195773
1948 0.172371896233626
1949 0.172585748360734
1950 0.172497259985039
1951 0.172409917291727
1952 0.172565879771789
1953 0.172518371373602
1954 0.172432994834368
1955 0.172358920195074
1956 0.172317281111961
1957 0.172353629274523
1958 0.172274556712173
1959 0.172186627425435
1960 0.172098828897721
1961 0.172396635555204
1962 0.172312078890892
1963 0.172224298923563
1964 0.172222696040802
1965 0.172135810748043
1966 0.172082757250390
1967 0.172019183757157
1968 0.172353500644841
1969 0.172267872075147
1970 0.172180427310260
1971 0.172113953759740
1972 0.172026737719142
1973 0.171939728682718
1974 0.171853712457333
1975 0.171768414971768
1976 0.171681487641891
1977 0.171610120226802
1978 0.171523622454087
1979 0.171567987567300
1980 0.171611811251497
1981 0.171526428867372
1982 0.171441623149792
1983 0.171355330121039
1984 0.171268965560111
1985 0.171182878131266
1986 0.171125839737520
1987 0.171051898963257
1988 0.170966283598333
1989 0.170881801345741
1990 0.170802576258868
1991 0.171069067550342
1992 0.171320604501924
1993 0.171234831102414
1994 0.171380000571277
1995 0.171300142839468
1996 0.171217190305891
1997 0.171598173791261
1998 0.171514585282459
1999 0.171429430041124
2000 0.171344301529622
2001 0.171259106199763
2002 0.171385584874848
2003 0.171301919388369
2004 0.171440412736084
2005 0.171354907451711
2006 0.171466628745614
2007 0.171763919999793
2008 0.171903030593967
2009 0.171817465032563
2010 0.171732750585161
2011 0.172073234263819
2012 0.172000457179347
2013 0.171916879132403
2014 0.171885233459271
2015 0.171906020818935
2016 0.171830331185755
2017 0.171753048073245
2018 0.171961532637727
2019 0.171876363528214
2020 0.172267068080095
2021 0.172196398165244
2022 0.172130326768915
2023 0.172048759081158
2024 0.172139524611267
2025 0.172054520711435
2026 0.171981237303225
2027 0.171903804952803
2028 0.171819063029649
2029 0.171736165405593
2030 0.171651834961149
2031 0.171609233200498
2032 0.171596440289622
2033 0.171659779091769
2034 0.171684449933518
2035 0.171718991184764
2036 0.171697799364822
2037 0.171642986659098
2038 0.171573163448210
2039 0.171489180776291
2040 0.171570788704456
2041 0.171487421171038
2042 0.171412742409742
2043 0.171489770669964
2044 0.171407602114755
2045 0.171762872463336
2046 0.171678924097037
2047 0.171873529430763
2048 0.172143275906729
2049 0.172060290929759
2050 0.171979331876429
2051 0.171897240342070
2052 0.172050995911354
2053 0.171968408724468
2054 0.171998048507624
2055 0.171922139995288
2056 0.172027709391102
2057 0.171982786160075
2058 0.171899435489651
2059 0.171815949820831
2060 0.171732544080837
2061 0.171650193280151
2062 0.171567256448713
2063 0.171516639280128
2064 0.171433826444567
2065 0.171731845651227
2066 0.171773416034012
2067 0.171851570362161
2068 0.171806073449587
2069 0.171798563312472
2070 0.171716427780707
2071 0.171633514570403
2072 0.171808445750096
2073 0.171725569898312
2074 0.171762090055906
2075 0.171679849183235
2076 0.171598159834796
2077 0.171516061345814
2078 0.171491377549443
2079 0.171477729052064
2080 0.171418601864004
2081 0.171467195322672
2082 0.171747821903244
2083 0.171665479569661
2084 0.171815669878592
2085 0.171835664970385
2086 0.171753293569870
2087 0.171671013171562
2088 0.171994919219240
2089 0.172017798306050
2090 0.171935494711914
2091 0.171855571836594
2092 0.171773423822103
2093 0.171940109917611
2094 0.171860934118696
2095 0.171778988766441
2096 0.171974096198017
2097 0.172001659309265
2098 0.172216923656040
2099 0.172146707816393
2100 0.172125062303629
2101 0.172050550240034
2102 0.171968833204818
2103 0.171918921006810
2104 0.171837212511560
2105 0.171777561362366
2106 0.171696098543272
2107 0.171616692919883
2108 0.171539238641835
2109 0.171457946295032
2110 0.171379139329036
2111 0.171297957829860
2112 0.171217655986552
2113 0.171380127968696
2114 0.171356300954559
2115 0.171341200070112
2116 0.171707764886373
2117 0.171773790977149
2118 0.171721938128112
2119 0.171648972278201
2120 0.171568324240006
2121 0.171502068902950
2122 0.171421248812666
2123 0.171340860293460
2124 0.171260476387390
2125 0.171179886238852
2126 0.171141774119785
2127 0.171066187374950
2128 0.171060855270228
2129 0.170980559971925
2130 0.170900382045407
2131 0.170953377991721
2132 0.171078937736159
2133 0.171157330077355
2134 0.171077446954095
2135 0.171082019104431
2136 0.171007442245718
2137 0.170968280343009
2138 0.170991221494263
2139 0.170911281773785
2140 0.170868275449983
2141 0.170857786680982
2142 0.170778084187113
2143 0.170698405272218
2144 0.170618811591495
2145 0.170577069608458
2146 0.170510806711259
2147 0.170571668588128
2148 0.170492615986963
2149 0.170424478850724
2150 0.170345285663771
2151 0.170269956974836
2152 0.170234047736963
2153 0.170407238070087
2154 0.170328233574385
2155 0.170363867380071
2156 0.170300459943040
2157 0.170544656176430
2158 0.170928665739528
2159 0.170849927170741
2160 0.170811164869002
2161 0.170732286364255
2162 0.170683624135954
2163 0.170683615562624
2164 0.170604789250871
2165 0.170677560838054
2166 0.170603263219739
2167 0.170534381147348
2168 0.170677231216395
2169 0.170599911843458
2170 0.170527136383142
2171 0.170451993373760
2172 0.170719554250474
2173 0.170826859081850
2174 0.170748290210624
2175 0.170802865786018
2176 0.170724383803069
2177 0.171019592782704
2178 0.170949582322102
2179 0.170889246317289
2180 0.170850307637126
2181 0.170906198192369
2182 0.171097748950115
2183 0.171372147199209
2184 0.171293701800464
2185 0.171479325605753
2186 0.171407503707224
2187 0.171598615770770
2188 0.171809731216390
2189 0.171735593362106
2190 0.171672424201676
2191 0.171681991236723
2192 0.171660670739684
2193 0.171811184607095
2194 0.171732880140388
2195 0.171655104482098
2196 0.171611211150488
2197 0.171539072925801
2198 0.171529232725519
2199 0.171642759212999
2200 0.171572296160376
2201 0.171541459229951
2202 0.171463796943614
2203 0.171387763371787
2204 0.171315404474731
2205 0.171276182262236
2206 0.171198631663026
2207 0.171121061427957
2208 0.171043849436199
2209 0.171296934690231
2210 0.171239325878157
2211 0.171409131814551
2212 0.171331648947960
2213 0.171338540294800
2214 0.171368400738277
2215 0.171291057387506
2216 0.171340866702921
2217 0.171282723197338
2218 0.171348578719956
2219 0.171331396610528
2220 0.171261907745673
2221 0.171196644420686
2222 0.171119621177372
2223 0.171205430599128
2224 0.171306202686663
2225 0.171229263082446
2226 0.171258751503241
2227 0.171188206450671
2228 0.171111415198925
2229 0.171093198308075
2230 0.171016478803378
2231 0.171131917215555
2232 0.171055271862833
2233 0.171009037933541
2234 0.170932523419522
2235 0.171138125796114
2236 0.171061588172772
2237 0.170985118978344
2238 0.170912090075594
2239 0.171226771615379
2240 0.171159821547976
2241 0.171104610487293
2242 0.171130883759788
2243 0.171281351472736
2244 0.171300782386053
2245 0.171225147206725
2246 0.171238511714103
2247 0.171515742603036
2248 0.171460023184663
2249 0.171522604704802
2250 0.171447224405822
2251 0.171371059889910
2252 0.171294966691499
2253 0.171219068531208
2254 0.171398389831223
2255 0.171342317459162
2256 0.171266382206374
2257 0.171190501357102
2258 0.171131881300725
2259 0.171056389964603
2260 0.171170363708498
2261 0.171114149163458
2262 0.171084269367943
2263 0.171019025780933
2264 0.171322789209966
2265 0.171247192182095
2266 0.171171774051197
2267 0.171096278253228
2268 0.171107829956475
2269 0.171032418873233
2270 0.171028840808374
2271 0.170968418381233
2272 0.171057663141595
2273 0.171103837036395
2274 0.171028594951940
2275 0.170965315829109
2276 0.170901903030423
2277 0.170835413247409
2278 0.170929478898376
2279 0.170858716882710
2280 0.170790260429659
2281 0.170778212771283
2282 0.170965478089291
2283 0.170890593229564
2284 0.171044957972469
2285 0.170989432744378
2286 0.171038674583834
2287 0.171200466163244
2288 0.171147121233217
2289 0.171113067804249
2290 0.171044029053079
2291 0.171020550412799
2292 0.170998804505347
2293 0.170924230245761
2294 0.170850752870951
2295 0.170863571918039
2296 0.171079579765985
2297 0.171007564684118
2298 0.170936702190815
2299 0.171197109891938
2300 0.171147838711202
2301 0.171141251770859
2302 0.171066930528528
2303 0.171050023438468
2304 0.170976923248214
2305 0.170944955816376
2306 0.170890783690243
2307 0.170902427960767
2308 0.170830938936353
2309 0.170757495290113
2310 0.170683574458701
2311 0.170618708999605
2312 0.170552468027352
2313 0.170478835214886
2314 0.170452856119229
2315 0.170465082791375
2316 0.170519243890051
2317 0.170459095208576
2318 0.170513361328705
2319 0.170638107847890
2320 0.170564559985403
2321 0.170622913257424
2322 0.170556706363111
2323 0.170556243533948
2324 0.170514193249992
2325 0.170440887373513
2326 0.170367613065732
2327 0.170328632973056
2328 0.170683515605694
2329 0.170610307292875
2330 0.170602288751034
2331 0.170533776461938
2332 0.170479156630684
2333 0.170766644552337
2334 0.170770412347244
2335 0.170705294244234
2336 0.170903961123611
2337 0.170830837486843
2338 0.170757783569715
2339 0.170714183603813
2340 0.170643718446981
2341 0.170640216731419
2342 0.170571862897450
2343 0.170499096051127
2344 0.170455523978930
2345 0.170384369993842
2346 0.170326411189733
2347 0.170664033803193
2348 0.170743662022309
2349 0.170670976533157
2350 0.170872561538073
2351 0.170807973221199
2352 0.170846158842962
2353 0.170801714837441
2354 0.170759416631249
2355 0.170690097488405
2356 0.170668321045768
2357 0.170840831251099
2358 0.171191627306859
2359 0.171119063360735
2360 0.171046695851208
2361 0.171015217165933
2362 0.170942822859796
2363 0.170881965410610
2364 0.170850387600959
2365 0.170985729695472
2366 0.170917991264399
2367 0.171045074432562
2368 0.171020541746032
2369 0.170948529307202
2370 0.171047849303984
2371 0.170975708514891
2372 0.170914522189760
2373 0.170944426662074
2374 0.171092228198690
2375 0.171029509199356
2376 0.171143608920605
2377 0.171071610981196
2378 0.171012937788987
2379 0.171170531200134
2380 0.171458291949256
2381 0.171387343480900
2382 0.171315456947266
2383 0.171302124472240
2384 0.171253389105346
2385 0.171596920297817
2386 0.171724501431174
2387 0.171711604211816
2388 0.171815079638062
2389 0.171743718371495
2390 0.171671859106924
2391 0.171600351872786
2392 0.171545865171611
2393 0.171544418782092
2394 0.171528499878688
2395 0.171456989800604
2396 0.171564068505373
2397 0.171496441920848
2398 0.171425155403560
2399 0.171592613605569
2400 0.171534789970589
2401 0.171770607955951
2402 0.171755361694440
2403 0.171683976626424
2404 0.171699017942309
2405 0.171634138029831
2406 0.171573239739718
2407 0.171506604516351
2408 0.171435704984758
2409 0.171374163209261
2410 0.171340203801031
2411 0.171273631587925
2412 0.171203024785265
2413 0.171132097845464
2414 0.171082928708213
2415 0.171028000350282
2416 0.170967866075953
2417 0.170897130551589
2418 0.170826940072558
2419 0.170788624028627
2420 0.170718083485088
2421 0.170648069860849
2422 0.170577747061330
2423 0.170893323181614
2424 0.171197143791927
2425 0.171130678373529
2426 0.171062215971695
2427 0.171007885541119
2428 0.170937547324426
2429 0.170886987743535
2430 0.170816717860564
2431 0.170767886126780
2432 0.170709085289687
2433 0.170639846881435
2434 0.170610545233098
2435 0.170814643701503
2436 0.170744527839017
2437 0.170767444447513
2438 0.170697545980266
2439 0.170984267054804
2440 0.171013865448386
2441 0.170954436750518
2442 0.171075249889607
2443 0.171025470079849
2444 0.171004798292263
2445 0.170968053624189
2446 0.170898156983535
2447 0.171222474959776
2448 0.171169118290333
2449 0.171171400633213
2450 0.171220860491952
2451 0.171151034327505
2452 0.171109969794233
2453 0.171256929088182
2454 0.171198519893854
2455 0.171131410538110
2456 0.171083736641902
2457 0.171093678583417
2458 0.171024103494252
2459 0.170964834414809
2460 0.170944139396802
2461 0.170876073245340
2462 0.170806969412395
2463 0.170905418951725
2464 0.170866760690059
2465 0.170798081159046
2466 0.170804627334568
2467 0.170736149317930
2468 0.170699385994943
2469 0.170687306536787
2470 0.170618202563799
2471 0.170549200837201
2472 0.170484017328065
2473 0.170415088243013
2474 0.170346436741639
2475 0.170278896147177
2476 0.170210212400563
2477 0.170206504244070
2478 0.170202414252854
2479 0.170133758876182
2480 0.170131860983372
2481 0.170464508656299
2482 0.170401711009450
2483 0.170334548345516
2484 0.170266006039327
2485 0.170197501517837
2486 0.170369145684337
2487 0.170303339099820
2488 0.170235367122010
2489 0.170221110048648
2490 0.170152749437199
2491 0.170084442752325
2492 0.170016561159730
2493 0.170027520098144
2494 0.169965308798645
2495 0.169990531552760
2496 0.170080343812360
2497 0.170222923355883
2498 0.170425898209604
2499 0.170358296041364
2500 0.170290396204421
2501 0.170222583853440
2502 0.170154549257901
2503 0.170444753743219
2504 0.170376724062449
2505 0.170311799697962
2506 0.170318818260132
2507 0.170322952618491
2508 0.170422273500682
2509 0.170358849579489
2510 0.170298332736646
2511 0.170370366975954
2512 0.170688217489129
2513 0.170877019475094
2514 0.170809182662957
2515 0.170741278621174
2516 0.170836041956086
2517 0.171158604352926
2518 0.171097182270180
2519 0.171417358088965
2520 0.171349337327225
2521 0.171281704490787
2522 0.171213806130698
2523 0.171146476313187
2524 0.171410210998556
2525 0.171435811733561
2526 0.171462098522467
2527 0.171394944395492
2528 0.171327239921299
2529 0.171259500937305
2530 0.171192278867179
2531 0.171338264817907
2532 0.171621212645436
2533 0.171558374317271
2534 0.171490686919073
2535 0.171428121386024
2536 0.171360523643103
2537 0.171293484347726
2538 0.171227582116743
2539 0.171241101032488
2540 0.171209972535786
2541 0.171233987103515
2542 0.171168209064581
2543 0.171100938026285
2544 0.171038495649216
2545 0.170979214346371
2546 0.170912062130114
2547 0.170864683675949
2548 0.170842417130225
2549 0.170786662114826
2550 0.170719691525684
2551 0.170653139690151
2552 0.170586269374517
2553 0.170526001397295
2554 0.170460390424150
2555 0.170393677461681
2556 0.170461561237301
2557 0.170398930062968
2558 0.170332425236774
2559 0.170272348198432
2560 0.170259329069551
2561 0.170516973329175
2562 0.170525909484903
2563 0.170459386136400
2564 0.170566460156660
2565 0.170500180281112
2566 0.170435979635171
2567 0.170379958370822
2568 0.170313611400073
2569 0.170355947672409
2570 0.170289662129852
2571 0.170226209911575
2572 0.170175685393758
2573 0.170179980808876
2574 0.170115597872668
2575 0.170049547715862
2576 0.170300853033834
2577 0.170271793334118
2578 0.170205755711215
2579 0.170169812108526
2580 0.170130270455656
2581 0.170097551200825
2582 0.170249409582032
2583 0.170183510543209
2584 0.170117658351332
2585 0.170052349288255
2586 0.170020803323628
2587 0.169975157372565
2588 0.170017888281062
2589 0.170007125203342
2590 0.170041990588434
2591 0.169976583883157
2592 0.169911674089411
2593 0.169852721839469
2594 0.169788258603594
2595 0.170078123811021
2596 0.170183042962306
2597 0.170164358349603
2598 0.170166911222886
2599 0.170101499809525
2600 0.170036205302255
2601 0.170211360880038
2602 0.170427133914460
2603 0.170403191586156
2604 0.170358213417706
2605 0.170293741856987
2606 0.170237247381225
2607 0.170249416528996
2608 0.170222608443643
2609 0.170162200022579
2610 0.170097546016938
2611 0.170032995474467
2612 0.170010938244316
2613 0.169948090007892
2614 0.170011829173849
2615 0.169984548142265
2616 0.169920824857807
2617 0.169926162488248
2618 0.169861255693031
2619 0.169835671586241
2620 0.169959252478600
2621 0.169919086388277
2622 0.169861996010131
2623 0.169836262400604
2624 0.169771538215422
2625 0.169725591331438
2626 0.169660958585586
2627 0.169605216561868
2628 0.169873450557583
2629 0.169879322619028
2630 0.169814807138501
2631 0.169761012042838
2632 0.169704914736345
2633 0.169692200975900
2634 0.169892796656161
2635 0.169844865513485
2636 0.169849642621429
2637 0.169798754050118
2638 0.169811575849192
2639 0.170037175623237
2640 0.169978161983904
2641 0.170066620656038
2642 0.170019907845279
2643 0.169979199997963
2644 0.170066083530315
2645 0.170078560613939
2646 0.170174586099072
2647 0.170204334896708
2648 0.170182472730563
2649 0.170231440519922
2650 0.170196087349819
2651 0.170133615106783
2652 0.170069463943078
2653 0.170005364094886
2654 0.169941929855194
2655 0.169928053360587
2656 0.170054009611793
2657 0.169990620197809
2658 0.170093424149667
2659 0.170054892529237
2660 0.169991167423621
2661 0.169930964167099
2662 0.169977897238801
2663 0.169919623047694
2664 0.170028591079811
2665 0.169964790707487
2666 0.169901038057400
2667 0.169837333287731
2668 0.170133465312706
2669 0.170071752493961
2670 0.170008061030053
2671 0.170062974047854
2672 0.170001242650245
2673 0.170130668769727
2674 0.170340306727286
2675 0.170288196711308
2676 0.170224584460289
2677 0.170234339734068
2678 0.170170772019456
2679 0.170120147297909
2680 0.170056672991972
2681 0.170003169054436
2682 0.169940388471894
2683 0.169927985685220
2684 0.169870079431036
2685 0.169807222948637
2686 0.169744204401534
2687 0.169682429240422
2688 0.169789781573867
2689 0.169763960970979
2690 0.169830299143413
2691 0.169768451257389
2692 0.169733460789958
2693 0.169734665214077
2694 0.169684327751286
2695 0.169985008898580
2696 0.169924560921980
2697 0.169861556420668
2698 0.169799333183578
2699 0.169736529877692
2700 0.169677322749025
2701 0.169748530447586
2702 0.169718548726140
2703 0.169656254630140
2704 0.169597026560652
2705 0.169551785205152
2706 0.169496875432725
2707 0.169434261248064
2708 0.169396030280471
2709 0.169335232228714
2710 0.169273551226483
2711 0.169414856135526
2712 0.169404086801701
2713 0.169468143755117
2714 0.169405702798697
2715 0.169379193893409
2716 0.169530210279782
2717 0.169467814190521
2718 0.169406236389284
2719 0.169375365531366
2720 0.169618999649350
2721 0.169587932448548
2722 0.169736302314358
2723 0.169728592977839
2724 0.169666287323332
2725 0.169642409640511
2726 0.169582380125178
2727 0.169520276220700
2728 0.169458135357030
2729 0.169459150507877
2730 0.169440992297326
2731 0.169685506710614
2732 0.169874499219073
2733 0.170034431463148
2734 0.169972581313491
2735 0.169912735916929
2736 0.169871671976652
2737 0.169957932185966
2738 0.169895864079685
2739 0.169834039865803
2740 0.169772077709598
2741 0.169735639908884
2742 0.169737992760365
2743 0.169880823393230
2744 0.169821697247937
2745 0.169849602525519
2746 0.169787749065047
2747 0.169726084906730
2748 0.169674539019634
2749 0.169618403465827
2750 0.169566551722746
2751 0.169518818056109
2752 0.169457328277075
2753 0.169395942983909
2754 0.169334438496631
2755 0.169322130632345
2756 0.169330722684159
2757 0.169269404593728
2758 0.169209561607082
2759 0.169148231573879
2760 0.169188359376288
2761 0.169428872937089
2762 0.169367553706934
2763 0.169308402756143
2764 0.169271446613264
2765 0.169243050473297
2766 0.169181863542541
2767 0.169120722403668
2768 0.169230437574233
2769 0.169256178952008
2770 0.169387288641037
2771 0.169326160065949
2772 0.169405915680326
2773 0.169352048987521
2774 0.169291315628369
2775 0.169243869222130
2776 0.169183030859933
2777 0.169123494236313
2778 0.169062615004807
2779 0.169006197769282
2780 0.168945541493208
2781 0.168892209247114
2782 0.168953030704606
2783 0.168892321924127
2784 0.168850689768206
2785 0.168796318855961
2786 0.168741628599342
2787 0.168681730672058
2788 0.168629337313307
2789 0.168571601714774
2790 0.168516805544913
2791 0.168462489123177
2792 0.168448669737343
2793 0.168547142226591
2794 0.168578578908744
2795 0.168520996444512
2796 0.168462976799530
2797 0.168690792322046
2798 0.168826255375249
2799 0.168771269213212
2800 0.168711628077098
2801 0.168652179714582
2802 0.168694385336781
2803 0.168640657482827
2804 0.168618821326716
2805 0.168838325320310
2806 0.168997879375818
2807 0.169035267653286
2808 0.168975103367685
2809 0.168929441634029
2810 0.168869617751516
2811 0.168809862692690
2812 0.168749830846486
2813 0.168689847700865
2814 0.168630243671666
2815 0.168570498897331
2816 0.168510637246908
2817 0.168451671770713
2818 0.168601003907254
2819 0.168554684836690
2820 0.168496589411814
2821 0.168436935832098
2822 0.168422039389820
2823 0.168374326422808
2824 0.168365989821652
2825 0.168308551231486
2826 0.168260376428567
2827 0.168200857372118
2828 0.168141871278974
2829 0.168317403951073
2830 0.168459044663521
2831 0.168403292175649
2832 0.168480974501872
2833 0.168428853019549
2834 0.168486121872966
2835 0.168437500453688
2836 0.168400575011174
2837 0.168341217046710
2838 0.168339404173349
2839 0.168320909519614
2840 0.168261886909358
2841 0.168204519994622
2842 0.168162312105106
2843 0.168163088140472
2844 0.168103959066496
2845 0.168047957558102
2846 0.168118144248092
2847 0.168407136186481
2848 0.168387964903689
2849 0.168429468409896
2850 0.168379746428743
2851 0.168323551784179
2852 0.168266165768593
2853 0.168238561033092
2854 0.168179612693637
2855 0.168120812563450
2856 0.168191064373599
2857 0.168142744350245
2858 0.168086309312251
2859 0.168028226207166
2860 0.167970303594524
2861 0.167923704607689
2862 0.167865031059692
2863 0.168155043373651
2864 0.168107085724889
2865 0.168048771345731
2866 0.168258625321871
2867 0.168199991096164
2868 0.168178227914067
2869 0.168247115117515
2870 0.168217675238075
2871 0.168159112150031
2872 0.168106035610240
2873 0.168160615613254
2874 0.168407252203268
2875 0.168451018547948
2876 0.168392452991277
2877 0.168334626130624
2878 0.168288484861148
2879 0.168233926800183
2880 0.168178295828971
2881 0.168306623237138
2882 0.168248320699297
2883 0.168362476270865
2884 0.168311695646569
2885 0.168301833764400
2886 0.168253047595693
2887 0.168207140795163
2888 0.168148898753808
2889 0.168091084748108
2890 0.168035023344161
2891 0.167976970572498
2892 0.167925539381117
2893 0.167936399840274
2894 0.167878987721153
2895 0.167821181829881
2896 0.167763997001784
2897 0.167752685747246
2898 0.167694983658160
2899 0.167645275126457
2900 0.167718946325889
2901 0.167661212940468
2902 0.167642526216566
2903 0.167585377838610
2904 0.167616700244433
2905 0.167732443310281
2906 0.167688818711591
2907 0.167640753885021
2908 0.167584416785218
2909 0.167650880596267
2910 0.167594662395900
2911 0.167542853866592
2912 0.167485587957455
2913 0.167457770731719
2914 0.167400304105655
2915 0.167656041044894
2916 0.167662517838899
2917 0.167607038129235
2918 0.167549600923563
2919 0.167498807395265
2920 0.167449588952599
2921 0.167429857755403
2922 0.167380967700766
2923 0.167381787355394
2924 0.167397425062749
2925 0.167359562828653
2926 0.167346448469157
2927 0.167289275597526
2928 0.167232299508815
2929 0.167237664535858
2930 0.167211569257788
2931 0.167157904136877
2932 0.167100908522908
2933 0.167044005889994
2934 0.167106022836051
2935 0.167049087238025
2936 0.166992347313156
2937 0.166955999061144
2938 0.166899300492663
2939 0.166968710190614
2940 0.166958202059699
2941 0.167188902772892
2942 0.167132625805791
2943 0.167075839442639
2944 0.167019274147606
2945 0.167250184797666
2946 0.167515359234175
2947 0.167523827185081
2948 0.167467002791201
2949 0.167454307259023
2950 0.167518365521640
2951 0.167461598878886
2952 0.167723890024814
2953 0.167707492237183
2954 0.167715200566223
2955 0.167804208318934
2956 0.167747458747519
2957 0.167690729818099
2958 0.167634088302899
2959 0.167592906651817
2960 0.167536698653102
2961 0.167482757327274
2962 0.167426232554338
2963 0.167627137987121
2964 0.167591362159253
2965 0.167647556094917
2966 0.167591036065421
2967 0.167538527785175
2968 0.167587249891427
2969 0.167722472581760
2970 0.167666000368807
2971 0.167704353492241
2972 0.167647942727954
2973 0.167667894571286
2974 0.167613184999097
2975 0.167559683548895
2976 0.167504716690273
2977 0.167704073706485
2978 0.167647760143989
2979 0.167591484831832
2980 0.167558792679133
2981 0.167528150393940
2982 0.167515305368417
2983 0.167459285100322
2984 0.167435826128463
2985 0.167380413406363
2986 0.167324359741674
2987 0.167297444523672
2988 0.167286500291981
2989 0.167230539909896
2990 0.167285981782273
2991 0.167264939711388
2992 0.167214073656165
2993 0.167203638618503
2994 0.167249780419279
2995 0.167193946470910
2996 0.167138155268599
2997 0.167082386869207
2998 0.167038314037218
2999 0.166986692394873
3000 0.166940877940508
3001 0.167025950842142
3002 0.167213401666533
3003 0.167159655375166
3004 0.167173778656266
3005 0.167118167904126
3006 0.167077901065902
3007 0.167023069388074
3008 0.166986596786489
3009 0.166948030342180
3010 0.166893183939917
3011 0.166837756627696
3012 0.166782507187436
3013 0.166727182784378
3014 0.166707418041434
3015 0.166652125368883
3016 0.166599952669260
3017 0.166561430551527
3018 0.166527097749753
3019 0.166471938061866
3020 0.166418012944651
3021 0.166493136272555
3022 0.166456172115333
3023 0.166403055008827
3024 0.166415674411123
3025 0.166383887409152
3026 0.166347306474155
3027 0.166512314017044
3028 0.166580290765133
3029 0.166740995864609
3030 0.166685965930143
3031 0.166630972254931
3032 0.166577148791910
3033 0.166526278698084
3034 0.166789046330714
3035 0.166752766939880
3036 0.166703877450360
3037 0.166649034738034
3038 0.166748767209918
3039 0.166822150979148
3040 0.166987495638813
3041 0.167028027000537
3042 0.167003079320258
3043 0.166996384083532
3044 0.167210567776865
3045 0.167157099729070
3046 0.167175232580733
3047 0.167127555765949
3048 0.167073309125594
3049 0.167023671699054
3050 0.166968994005055
3051 0.166914268019170
3052 0.166859582100385
3053 0.166804972475383
3054 0.166755831327660
3055 0.166758138198089
3056 0.166703594740610
3057 0.166649075098621
3058 0.166601220284733
3059 0.166548394695368
3060 0.166526978461128
3061 0.166476525534714
3062 0.166482122351609
3063 0.166428502680140
3064 0.166374686680650
3065 0.166348667647029
3066 0.166294459908185
3067 0.166243346403669
3068 0.166189853817840
3069 0.166258318715684
3070 0.166205009286102
3071 0.166456552722124
3072 0.166405971015666
3073 0.166385500862631
3074 0.166331375175600
3075 0.166489827792134
3076 0.166567560318592
3077 0.166513448368841
3078 0.166732511555287
3079 0.166692087369259
3080 0.166638712588292
3081 0.166831303061108
3082 0.167006055122341
3083 0.166995413460891
3084 0.166941264494180
3085 0.166887163873823
3086 0.166838938750194
3087 0.166830755243854
3088 0.166829185456173
3089 0.166775925253175
3090 0.166730299591957
3091 0.166679528819180
3092 0.166644870348112
3093 0.166604982441195
3094 0.166561293571262
3095 0.166507527706359
3096 0.166455463607422
3097 0.166406823515006
3098 0.166360920004559
3099 0.166450702905740
3100 0.166397391798363
3101 0.166343735568120
3102 0.166453936132168
3103 0.166488438181045
3104 0.166434801442159
3105 0.166381205675341
3106 0.166369280974188
3107 0.166409113824220
3108 0.166485310525390
3109 0.166452522554483
3110 0.166400022001435
3111 0.166346705976179
3112 0.166298333502197
3113 0.166244914115938
3114 0.166295967416193
3115 0.166475371564497
3116 0.166421945614510
3117 0.166431224987070
3118 0.166398884489854
3119 0.166346021230655
3120 0.166294803103716
3121 0.166241522347060
3122 0.166219718689140
3123 0.166166494905140
3124 0.166145143283761
3125 0.166092515362253
3126 0.166043257646048
3127 0.166035351625699
3128 0.165998805896574
3129 0.166118849853802
3130 0.166258424813290
3131 0.166429190980359
3132 0.166377795094242
3133 0.166324690148473
3134 0.166290436780259
3135 0.166237455179772
3136 0.166259151978765
3137 0.166206314253666
3138 0.166155687843989
3139 0.166103196144072
3140 0.166307163897309
3141 0.166287263443288
3142 0.166333570869502
3143 0.166294855084623
3144 0.166295786598709
3145 0.166378341862500
3146 0.166423270006069
3147 0.166496537392561
3148 0.166443739544194
3149 0.166618103531952
3150 0.166695434934345
3151 0.166651940274201
3152 0.166599103485564
3153 0.166556777244090
3154 0.166692327649029
3155 0.166641723899102
3156 0.166704121567080
3157 0.166687750082930
3158 0.166640925201537
3159 0.166694573387716
3160 0.166808975186664
3161 0.167011242698362
3162 0.166964762311594
3163 0.166945251805950
3164 0.166911582345842
3165 0.166871634344798
3166 0.166821670723495
3167 0.166769140684218
3168 0.166742397869422
3169 0.166932403993514
3170 0.166879870323715
3171 0.166829754401660
3172 0.166777279544140
3173 0.166725747836441
3174 0.166676160481674
3175 0.166631475754537
3176 0.166579011847381
3177 0.166526776496847
3178 0.166666691595193
3179 0.166615912895664
3180 0.166571220638303
3181 0.166606243171109
3182 0.166554041065496
3183 0.166503172671401
3184 0.166450880165356
3185 0.166414123407881
3186 0.166362634975440
3187 0.166311146344196
3188 0.166258989397441
3189 0.166241584977695
3190 0.166217014649241
3191 0.166181727905140
3192 0.166130935444892
3193 0.166116972103110
3194 0.166064977706365
3195 0.166279711863453
3196 0.166426437719994
3197 0.166419166577450
3198 0.166368377807740
3199 0.166475924230461
3200 0.166446218093234
3201 0.166395021503030
3202 0.166343098794240
3203 0.166291172308511
3204 0.166259927390581
3205 0.166238026624760
3206 0.166186181677729
3207 0.166134361896852
3208 0.166107894046620
3209 0.166056376796763
3210 0.166004667536797
3211 0.165962076132038
3212 0.166076112138327
3213 0.166024660889424
3214 0.166035513060342
3215 0.166094421010502
3216 0.166042785607800
3217 0.165991313925930
3218 0.166055654317864
3219 0.166138458758728
3220 0.166104719994180
3221 0.166053549574370
3222 0.166188276383979
3223 0.166358354272104
3224 0.166499733032044
3225 0.166727404086268
3226 0.166903110476962
3227 0.167060741989832
3228 0.167011475831916
3229 0.166965745487109
3230 0.166917252472094
3231 0.166865622088566
3232 0.166865356299181
3233 0.166814302386220
3234 0.166763048651692
3235 0.166719373895763
3236 0.166667854705452
3237 0.166633158256081
3238 0.166845321713685
3239 0.166794023621834
3240 0.166742815898257
3241 0.166849900497449
3242 0.166809463133234
3243 0.166758406767673
3244 0.166710650907923
3245 0.166660425716339
3246 0.166610875598404
3247 0.166751529031872
3248 0.166700929320138
3249 0.166659921213271
3250 0.166615584287991
3251 0.166564333724884
3252 0.166513124591266
3253 0.166472462163498
3254 0.166422271296356
3255 0.166594065371426
3256 0.166569182387730
3257 0.166728841092932
3258 0.166829441708252
3259 0.166788390826917
3260 0.167005824220852
3261 0.167095259513478
3262 0.167066907985063
3263 0.167015708013804
3264 0.167179600683206
3265 0.167296816124630
3266 0.167252183368284
3267 0.167207808573926
3268 0.167209562453983
3269 0.167158418855642
3270 0.167337071143365
3271 0.167285913455489
3272 0.167234786953846
3273 0.167183705933373
3274 0.167132641881470
3275 0.167118567179228
3276 0.167067554599161
3277 0.167016572773474
3278 0.166965627920026
3279 0.166945329373979
3280 0.166917214163485
3281 0.166870511424601
3282 0.166819914655674
3283 0.166882243899489
3284 0.166939514204781
3285 0.166891086429548
3286 0.166978611385532
3287 0.166945451714297
3288 0.166899622477098
3289 0.166858454681738
3290 0.167010619249518
3291 0.167015342463222
3292 0.167012657928451
3293 0.167124046071975
3294 0.167267377849067
3295 0.167240546398550
3296 0.167190428992699
3297 0.167139725708434
3298 0.167187810144482
3299 0.167137132782710
3300 0.167092267956364
3301 0.167042370412564
3302 0.166991782227946
3303 0.166949701545590
3304 0.167077099244264
3305 0.167026546416932
3306 0.167003973812453
3307 0.166995555836463
3308 0.167077103683376
3309 0.167028993219988
3310 0.167274564486355
3311 0.167494481066384
3312 0.167443909061563
3313 0.167647112567015
3314 0.167596540346404
3315 0.167546250243225
3316 0.167524350250231
3317 0.167627991073127
3318 0.167588621903462
3319 0.167648965142596
3320 0.167601217552624
3321 0.167601011066370
3322 0.167550562397434
3323 0.167514310836726
3324 0.167477019199174
3325 0.167439634435247
3326 0.167391078037011
3327 0.167417409993202
3328 0.167450286113894
3329 0.167659610824383
3330 0.167609612600204
3331 0.167560253892370
3332 0.167511088782976
3333 0.167460834518892
3334 0.167411041493520
3335 0.167376571085603
3336 0.167517447737108
3337 0.167480081995863
3338 0.167431777607152
3339 0.167382601530853
3340 0.167404773492309
3341 0.167356097542793
3342 0.167306020912768
3343 0.167487229162162
3344 0.167453915022783
3345 0.167403866443797
3346 0.167353867589488
3347 0.167304533055300
3348 0.167271150201087
3349 0.167511777757655
3350 0.167462565570507
3351 0.167461559983924
3352 0.167418302420198
3353 0.167379961280901
3354 0.167333295590289
3355 0.167579667593797
3356 0.167539242663406
3357 0.167593043316690
3358 0.167748167431351
3359 0.167712547669341
3360 0.167665049895748
3361 0.167620700279830
3362 0.167698199289390
3363 0.167648388582165
3364 0.167599648447038
3365 0.167563361341857
3366 0.167541058608111
3367 0.167491561010423
3368 0.167441830867067
3369 0.167431691508499
3370 0.167382193295955
3371 0.167353070354833
3372 0.167390647589628
3373 0.167549849590780
3374 0.167500203577670
3375 0.167465018702473
3376 0.167415617288770
3377 0.167566425724420
3378 0.167517645294832
3379 0.167721849704817
3380 0.167699875943874
3381 0.167715767392409
3382 0.167666323452313
3383 0.167616855633805
3384 0.167607279330463
3385 0.167812133411262
3386 0.167881355033357
3387 0.167831789603155
3388 0.167804241214838
3389 0.167808386100914
3390 0.167786438120022
3391 0.167970262657111
3392 0.167920749120446
3393 0.167886811531037
3394 0.167852711072562
3395 0.167842011178356
3396 0.167798027693411
3397 0.167770884748644
3398 0.167721513825103
3399 0.167688433762711
3400 0.167640072266702
3401 0.167595054140940
3402 0.167545940901292
3403 0.167504173210650
3404 0.167668441990931
3405 0.167619219760216
3406 0.167572705390298
3407 0.167602038125515
3408 0.167552859129571
3409 0.167505078603617
3410 0.167475334658417
3411 0.167426653082212
3412 0.167479139707910
3413 0.167430073438102
3414 0.167381356069195
3415 0.167333445971059
3416 0.167573335231141
3417 0.167524294208395
3418 0.167477827333638
3419 0.167516523996488
3420 0.167571175661013
3421 0.167522413391388
3422 0.167478374306818
3423 0.167705037336825
3424 0.167911628321432
3425 0.167863149412485
3426 0.167816748679405
3427 0.167851386092714
3428 0.167851144967828
3429 0.167802689597425
3430 0.167801849500883
3431 0.167762128164120
3432 0.167765005640733
3433 0.167820722486500
3434 0.167773097513670
3435 0.168012896971317
3436 0.167964143816234
3437 0.168185112890043
3438 0.168216618564502
3439 0.168193259281600
3440 0.168368991673467
3441 0.168322483141247
3442 0.168533847174565
3443 0.168484977971890
3444 0.168436064046989
3445 0.168387174830699
3446 0.168342081457294
3447 0.168293245161199
3448 0.168249757903016
3449 0.168266189470244
3450 0.168217417021613
3451 0.168168678816583
3452 0.168119988788648
3453 0.168073875484213
3454 0.168027698268984
3455 0.168012028256484
3456 0.168195754798452
3457 0.168177972531655
3458 0.168130832054573
3459 0.168092812321785
3460 0.168044231189481
3461 0.168015789057121
3462 0.167971166786963
3463 0.167922662632398
3464 0.167874343334756
3465 0.167936527430939
3466 0.167906546047040
3467 0.167858132685719
3468 0.167836942467296
3469 0.167793815973139
3470 0.167745957453854
3471 0.167697631005734
3472 0.167931119461233
3473 0.167882766227793
3474 0.167843499444709
3475 0.167860862088117
3476 0.167827999844655
3477 0.167837354686012
3478 0.167840106445331
3479 0.167797678949935
3480 0.167749461229956
3481 0.167701271549185
3482 0.167795921261971
3483 0.167747746169101
3484 0.167726579084366
3485 0.167678486270763
3486 0.167636005306806
3487 0.167789337782401
3488 0.167741233385661
3489 0.167719142646086
3490 0.167675487678207
3491 0.167777272201416
3492 0.167746787721380
3493 0.167709593427204
3494 0.167662032338209
3495 0.167614379375464
3496 0.167702640149033
3497 0.167660653693765
3498 0.167826271402316
3499 0.167957045886704
3500 0.167909082875874
3501 0.167873970515829
3502 0.168006151104359
3503 0.167958249410073
3504 0.167910352675491
3505 0.167863797972018
3506 0.167815939330189
3507 0.167954945997513
3508 0.167907074982802
3509 0.168104141951988
3510 0.168056256331579
3511 0.168014340514366
3512 0.168025041200823
3513 0.167977211698758
3514 0.168021678088143
3515 0.168007928433752
3516 0.167960278252203
3517 0.167929123917016
3518 0.167914307760045
3519 0.167986103392704
3520 0.167939057376234
3521 0.167891518314091
3522 0.167875243810056
3523 0.167965625065660
3524 0.167918044217177
3525 0.167870408664826
3526 0.167823071452812
3527 0.167775489622029
3528 0.167755344067791
3529 0.167763396833734
3530 0.167720260867823
3531 0.167673496268378
3532 0.167724277892755
3533 0.167677089921698
3534 0.167667504013074
3535 0.167791718203195
3536 0.167750246207314
3537 0.167703153738007
3538 0.167842672041252
3539 0.167849446637760
3540 0.167897575520805
3541 0.167968456460726
3542 0.167956066398630
3543 0.167908662952755
3544 0.167876269115191
3545 0.167848527896275
3546 0.167927815787099
3547 0.168013181752262
3548 0.168165887731141
3549 0.168139157908587
3550 0.168332553780328
3551 0.168287241275542
3552 0.168274393653815
3553 0.168232383581916
3554 0.168437741794152
3555 0.168397382682170
3556 0.168562207077400
3557 0.168515150343095
3558 0.168469257885452
3559 0.168431863257821
3560 0.168394865015706
3561 0.168370855721494
3562 0.168323587187231
3563 0.168277324352624
3564 0.168250084607788
3565 0.168223031310636
3566 0.168190051416368
3567 0.168143182311095
3568 0.168246784741106
3569 0.168292504884516
3570 0.168348005671897
3571 0.168300879645634
3572 0.168278716534542
3573 0.168232806914038
3574 0.168186702205448
3575 0.168140968840812
3576 0.168103418324531
3577 0.168139743792054
3578 0.168092751137951
3579 0.168089854214631
3580 0.168121765881901
3581 0.168075060730643
3582 0.168031510236927
3583 0.167996766435744
3584 0.167949907698838
3585 0.167903822784247
3586 0.167861531593836
3587 0.167866950807806
3588 0.167923017665973
3589 0.167876229804506
3590 0.167847019673355
3591 0.167818243961882
3592 0.167783280649842
3593 0.167736589877628
3594 0.167776603352916
3595 0.167963996302246
3596 0.167925533818426
3597 0.167893407091013
3598 0.167861707338180
3599 0.167815220277920
3600 0.167772652062916
3601 0.167963074542667
3602 0.168032927114001
3603 0.167986365182421
3604 0.167954120746858
3605 0.167912971072522
3606 0.167866410645730
3607 0.167820014759983
3608 0.167792529189016
3609 0.167769098542793
3610 0.167723784146515
3611 0.167677355280550
3612 0.167694170166765
3613 0.167658349378358
3614 0.167865613264724
3615 0.167820083794735
3616 0.167838886809696
3617 0.167875784579474
3618 0.167829384419945
3619 0.167800779817050
3620 0.167855763186030
3621 0.167818031942723
3622 0.167959547666586
3623 0.167913573108267
3624 0.167904685232569
3625 0.167858659563610
3626 0.167846428581106
3627 0.167800347656274
3628 0.167765095264071
3629 0.167718882870946
3630 0.167715547641504
3631 0.167771428360878
3632 0.167725238557984
3633 0.167749232501542
3634 0.167962139765315
3635 0.168051609341396
3636 0.168029519097730
3637 0.167983408427527
3638 0.167937233770591
3639 0.167945381621396
3640 0.167982386918335
3641 0.167936250743295
3642 0.167961214989565
3643 0.167915279934564
3644 0.167981977335864
3645 0.167939565952991
3646 0.167932537153663
3647 0.167942428803997
3648 0.167903556975411
3649 0.168011585499546
3650 0.168023770537581
3651 0.167977749552792
3652 0.168135174108446
3653 0.168103897553777
3654 0.168060745990571
3655 0.168033328649581
3656 0.168183173532939
3657 0.168137184150171
3658 0.168122789047809
3659 0.168076850759925
3660 0.168070749091741
3661 0.168026427205473
3662 0.168187581668030
3663 0.168141666446438
3664 0.168253409955773
3665 0.168207550271023
3666 0.168161994163085
3667 0.168116172431216
3668 0.168160333675142
3669 0.168131006971623
3670 0.168085194940678
3671 0.168160953815249
3672 0.168115163715634
3673 0.168069403176218
3674 0.168024526969125
3675 0.168172553117052
3676 0.168126804461691
3677 0.168289780342730
3678 0.168252221953226
3679 0.168276246393430
3680 0.168231769336633
3681 0.168211088814493
3682 0.168181542021148
3683 0.168135925240171
3684 0.168090355308213
3685 0.168044957421306
3686 0.167999367362321
3687 0.167964546701112
3688 0.167919986055829
3689 0.167877266995605
3690 0.167903051787688
3691 0.167888214440941
3692 0.168064282534502
3693 0.168018851950489
3694 0.167974394973705
3695 0.168078626753899
3696 0.168131592634113
3697 0.168086253517948
3698 0.168074137228821
3699 0.168028701363811
3700 0.167983293115393
3701 0.167953579729846
3702 0.167908364454730
3703 0.167884707912677
3704 0.167855159576842
3705 0.167914859807067
3706 0.168133466078537
3707 0.168088465488574
3708 0.168045814379903
3709 0.168000509468145
3710 0.167959710289941
3711 0.167918015049270
3712 0.167873744092352
3713 0.168066025056593
3714 0.168031878130798
3715 0.168158866177451
3716 0.168129154048000
3717 0.168097191839269
3718 0.168106838804859
3719 0.168061638206675
3720 0.168128635617618
3721 0.168086620456426
3722 0.168041460160767
3723 0.168079122291993
3724 0.168035748842193
3725 0.168024220327062
3726 0.168087940837114
3727 0.168044462824416
3728 0.168127659116984
3729 0.168229629873414
3730 0.168184579304967
3731 0.168168864961742
3732 0.168137194521511
3733 0.168092213345762
3734 0.168056646894543
3735 0.168255910495900
3736 0.168210890592486
3737 0.168165899447666
3738 0.168208182542688
3739 0.168163337454644
3740 0.168248145738786
3741 0.168341187356382
3742 0.168305429906708
3743 0.168307059842682
3744 0.168266154925865
3745 0.168432948516895
3746 0.168411185045853
3747 0.168366673532080
3748 0.168321752088880
3749 0.168283679814862
3750 0.168256039565565
3751 0.168211643312353
3752 0.168173551053350
3753 0.168128740683705
3754 0.168085877859606
3755 0.168055629718065
3756 0.168164763847117
3757 0.168182628923665
3758 0.168143763766530
3759 0.168104316220445
3760 0.168059607637303
3761 0.168014971367918
3762 0.168073667404225
3763 0.168125962749759
3764 0.168081300342119
3765 0.168040611641349
3766 0.168176181255998
3767 0.168377355379426
3768 0.168447665552222
3769 0.168402975196917
3770 0.168412544274045
3771 0.168456139952964
3772 0.168416832318329
3773 0.168372631292276
3774 0.168373980592199
3775 0.168352566463441
3776 0.168342694364094
3777 0.168312593859824
3778 0.168368259717683
3779 0.168324046439933
3780 0.168320410799093
3781 0.168275893388011
3782 0.168245173273035
3783 0.168200701373506
3784 0.168156479088171
3785 0.168112783388387
3786 0.168195717958310
3787 0.168358215521637
3788 0.168327229317689
3789 0.168288394380550
3790 0.168244138191167
3791 0.168199805901202
3792 0.168156475540985
3793 0.168112144293562
3794 0.168088383032121
3795 0.168067688893704
3796 0.168108274455322
3797 0.168064653455994
3798 0.168026033234174
3799 0.168004527285717
3800 0.167996681853562
3801 0.167988717094461
3802 0.168021306057781
3803 0.167977124804556
3804 0.167933011090632
3805 0.167889557436309
3806 0.167845445626051
3807 0.167801375995145
3808 0.167757310510044
3809 0.167793356623985
3810 0.167749342559586
3811 0.167841042196059
3812 0.167801212867168
3813 0.167757342349211
3814 0.167744820528398
3815 0.167712448447770
3816 0.167668509788296
3817 0.167624654382882
3818 0.167587454872930
3819 0.167769530758132
3820 0.167726663110706
3821 0.167769306178100
3822 0.167725413883476
3823 0.167691976179940
3824 0.167710395270827
3825 0.167694132480033
3826 0.167658289788309
3827 0.167614480496639
3828 0.167592540669321
3829 0.167632402582526
3830 0.167588642807799
3831 0.167671743047486
3832 0.167652929221919
3833 0.167739905999473
3834 0.167909288486514
3835 0.167974296801641
3836 0.167930507882322
3837 0.168094051171137
3838 0.168056110265662
3839 0.168013053199820
3840 0.167978096428090
3841 0.167963007997886
3842 0.167942825264466
3843 0.167899129254849
3844 0.167856213156581
3845 0.167812557449134
3846 0.167906120241276
3847 0.167882931203225
3848 0.167839321176120
3849 0.167840772981035
3850 0.167797316928671
3851 0.167776497745046
3852 0.167733136046702
3853 0.167757745066252
3854 0.167714221453990
3855 0.167678558496728
3856 0.167635666838067
3857 0.167679712850311
3858 0.167646127055483
3859 0.167602685850850
3860 0.167571758394710
3861 0.167695784917046
3862 0.167818109357356
3863 0.167833492825532
3864 0.167834312091131
3865 0.167832586982938
3866 0.167789507043282
3867 0.167746701125940
3868 0.167944855218956
3869 0.167901619728886
3870 0.167858234316453
3871 0.167814872995739
3872 0.167771537858840
3873 0.167728226777656
3874 0.167685020631277
3875 0.167870381966079
3876 0.167827815820560
3877 0.167789890994037
3878 0.167746791876291
3879 0.167704093066398
3880 0.167661379889668
3881 0.167726033696263
3882 0.167682828956904
3883 0.167777930230575
3884 0.167735083981283
3885 0.167693343663946
3886 0.167650412966816
3887 0.167607283738273
3888 0.167782003452922
3889 0.167758318394028
3890 0.167749307288067
3891 0.167774238753575
3892 0.167752276184384
3893 0.167741736261446
3894 0.167798439172290
3895 0.167755592166517
3896 0.167867985506210
3897 0.167824924320006
3898 0.167822826888270
3899 0.167781730061128
3900 0.167738709906464
3901 0.167695721672425
3902 0.167706524511738
3903 0.167671650904334
3904 0.167742115700957
3905 0.167699314704606
3906 0.167819060872611
3907 0.167781575558231
3908 0.167742604469101
3909 0.167709278884101
3910 0.167711291671266
3911 0.167689531377452
3912 0.167659828629309
3913 0.167637001982374
3914 0.167594172674489
3915 0.167623522847465
3916 0.167584156593378
3917 0.167556473428489
3918 0.167521749556285
3919 0.167479795675378
3920 0.167503132351391
3921 0.167460412858439
3922 0.167604994450486
3923 0.167562271100219
3924 0.167599670115011
3925 0.167556969570241
3926 0.167638219856619
3927 0.167597404322638
3928 0.167554907036114
3929 0.167512380017173
3930 0.167469987819187
3931 0.167427386418897
3932 0.167385393690740
3933 0.167374522724137
3934 0.167344900718829
3935 0.167313540862706
3936 0.167316241742450
3937 0.167477211069930
3938 0.167494247196335
3939 0.167467777326418
3940 0.167463134797164
3941 0.167420725726163
3942 0.167378943494345
3943 0.167348996552262
3944 0.167494803388049
3945 0.167689336889718
3946 0.167646912829462
3947 0.167605005943006
3948 0.167605978675889
3949 0.167566361343280
3950 0.167659573900548
3951 0.167617167198833
3952 0.167612669802555
3953 0.167570268554779
3954 0.167528997992982
3955 0.167728565984422
3956 0.167686170668311
3957 0.167643793575347
3958 0.167601437897374
3959 0.167559112062046
3960 0.167554570941119
3961 0.167673200816224
3962 0.167802043602544
3963 0.167762763564103
3964 0.167747487229741
3965 0.167793516221065
3966 0.167758735868174
3967 0.167716517395308
3968 0.167714078328343
3969 0.167672556487529
3970 0.167675201791415
3971 0.167633733241021
3972 0.167591529539286
3973 0.167557923417681
3974 0.167515759882663
3975 0.167473622220928
3976 0.167436504519307
3977 0.167642566786584
3978 0.167604407461822
3979 0.167566369979700
3980 0.167524271579206
3981 0.167607958996728
3982 0.167568118789638
3983 0.167551649041397
3984 0.167561631749818
3985 0.167569061860593
3986 0.167645095059226
3987 0.167614672393172
3988 0.167584307660294
3989 0.167570698823482
3990 0.167529503253812
3991 0.167495776273190
3992 0.167454121908830
3993 0.167412372728438
3994 0.167421997461284
3995 0.167381822369887
3996 0.167339938632078
3997 0.167315523065221
3998 0.167288047591182
3999 0.167252496906470
4000 0.167292519441998
4001 0.167251224637580
4002 0.167287881867396
4003 0.167281172529429
4004 0.167252729942960
4005 0.167215150052420
4006 0.167307332319910
4007 0.167266222146774
4008 0.167224491141643
4009 0.167208152707945
4010 0.167249560913816
4011 0.167207958578632
4012 0.167192698795454
4013 0.167353854828059
4014 0.167312162289341
4015 0.167322159956681
4016 0.167428274807332
4017 0.167386594878500
4018 0.167353317397996
4019 0.167358439830941
4020 0.167316811253035
4021 0.167415662985622
4022 0.167425606740140
4023 0.167392413907304
4024 0.167556805390977
4025 0.167515230740885
4026 0.167504186633685
4027 0.167655679647010
4028 0.167655886297985
4029 0.167848485290221
4030 0.167869390354433
4031 0.167829922076541
4032 0.167788297601954
4033 0.167889150307834
4034 0.167847531777763
4035 0.167837586224879
4036 0.167796048661633
4037 0.168000910370323
4038 0.168074786211425
4039 0.168033179154217
4040 0.168108785579352
4041 0.168208392476048
4042 0.168167319975799
4043 0.168145091942411
4044 0.168104052598009
4045 0.168096758544092
4046 0.168125736666653
4047 0.168088844003913
4048 0.168047393020998
4049 0.168179284589725
4050 0.168138183778539
4051 0.168105675630227
4052 0.168139868189566
4053 0.168161830365165
4054 0.168120691928276
4055 0.168079243351127
4056 0.168113818759000
4057 0.168134307252648
4058 0.168137774085815
4059 0.168096374125607
4060 0.168058118721907
4061 0.168016735289746
4062 0.167975372965315
4063 0.168098014045704
4064 0.168058918272722
4065 0.168017582745371
4066 0.167977346812330
4067 0.167936430320148
4068 0.168065791674447
4069 0.168024536231556
4070 0.168182627489773
4071 0.168154776782631
4072 0.168172055604563
4073 0.168201471177040
4074 0.168313464770036
4075 0.168294531315839
4076 0.168253242716774
4077 0.168211973832196
4078 0.168201435518852
4079 0.168239763700672
4080 0.168220570413130
4081 0.168185194144596
4082 0.168144035594935
4083 0.168283011571268
4084 0.168261002718475
4085 0.168220088619233
4086 0.168350321913239
4087 0.168311310750755
4088 0.168325328750708
4089 0.168480317717238
4090 0.168575735534275
4091 0.168764692733208
4092 0.168723745526613
4093 0.168714584028053
4094 0.168682913112121
4095 0.168641721564352
4096 0.168725793015631
