1 0.000011626498324
2 0.090095751589569
3 0.060088411671226
4 0.045081357012988
5 0.036080077082242
6 0.044191094873267
7 0.039293937284679
8 0.111210272939982
9 0.112062347764881
10 0.168722717107050
11 0.153391577154167
12 0.162203004755400
13 0.155386442815874
14 0.144318389601900
15 0.153230110484735
16 0.151337046286372
17 0.142451942181638
18 0.140217149825420
19 0.132862314602061
20 0.133532356613493
21 0.146674546862454
22 0.142603320525955
23 0.136406316036919
24 0.130723843564986
25 0.128950633833374
26 0.131342996141189
27 0.135524629549035
28 0.130781083400993
29 0.156845255496889
30 0.170950069903157
31 0.165435612249723
32 0.187217650711208
33 0.203170303818924
34 0.197226093511803
35 0.191623553266106
36 0.186309934467851
37 0.183648083541025
38 0.178855123567760
39 0.174664009350146
40 0.173330717372070
41 0.184800504919111
42 0.180400492943905
43 0.176216660366907
44 0.177152346522434
45 0.178721575547940
46 0.175194915943915
47 0.180768360012442
48 0.177003835354864
49 0.189519971147803
50 0.185834315654521
51 0.182190505543676
52 0.178689515668214
53 0.175318407808117
54 0.175749004302143
55 0.172717990339239
56 0.171847075226650
57 0.169174417039307
58 0.166339244413741
59 0.163940546362161
60 0.161208256706067
61 0.158565522100163
62 0.158670526428293
63 0.156154751426040
64 0.153851492013334
65 0.154811341541631
66 0.152465723725013
67 0.154560903166161
68 0.158025370424615
69 0.156643205963739
70 0.155656264025044
71 0.153463959205277
72 0.151336998494104
73 0.149263888927999
74 0.147563195226660
75 0.145595689796795
76 0.152859800382011
77 0.151044872797590
78 0.150308978475837
79 0.155601498440035
80 0.153656479717487
81 0.156245833750078
82 0.154345466648820
83 0.154845520588707
84 0.153002121558099
85 0.151202096598726
86 0.150327827339191
87 0.149104945917256
88 0.148253146335800
89 0.146904440382533
90 0.146175909872233
91 0.149037870310739
92 0.147501051210120
93 0.148827031198131
94 0.147243764918043
95 0.154847162272492
96 0.153337933274297
97 0.159478983298934
98 0.158545617590416
99 0.161644329275044
100 0.164999768733809
101 0.163366107660294
102 0.163201219904641
103 0.161641030620226
104 0.160086872224988
105 0.158562237608566
106 0.164885149651300
107 0.164324004132514
108 0.162933702347562
109 0.161941784117221
110 0.160480077858259
111 0.163323429088901
112 0.161959395193279
113 0.160585204650111
114 0.159177754170496
115 0.158368911303849
116 0.157006525283189
117 0.155667670056561
118 0.154655350498112
119 0.153356105976820
120 0.156060361789074
121 0.159625130681965
122 0.158316868686538
123 0.157207005928218
124 0.160359615328906
125 0.159111119860459
126 0.162337205412026
127 0.161059176489428
128 0.159862413055933
129 0.159763893872045
130 0.163792833798306
131 0.162542900845517
132 0.162448226591951
133 0.161433998878621
134 0.160533056552524
135 0.166385306089791
136 0.165175396956761
137 0.167545497959774
138 0.166699994539407
139 0.171988153916681
140 0.174730519861871
141 0.176098568619797
142 0.174858637727235
143 0.173635850929249
144 0.177797080483718
145 0.180680999237667
146 0.180336774189960
147 0.179110643340699
148 0.177900466171475
149 0.177708996155874
150 0.176524637053059
151 0.175553070806229
152 0.174398160258311
153 0.178678552822658
154 0.177553926958095
155 0.177076042996886
156 0.176141175967283
157 0.175256810814511
158 0.174703518547449
159 0.173604867281083
160 0.172519861087173
161 0.172437391968574
162 0.175925704585417
163 0.174891260301986
164 0.173825521082086
165 0.172777320482550
166 0.172010920598384
167 0.171112662653248
168 0.172823707091370
169 0.172133499489325
170 0.174132987304838
171 0.173157617625564
172 0.172150952371599
173 0.171166320917865
174 0.170183185728501
175 0.169421318623372
176 0.168462105065635
177 0.171513567048033
178 0.170550583304470
179 0.169597789474671
180 0.168655579570813
181 0.167723780943436
182 0.167757445263611
183 0.166842980520689
184 0.167160481484806
185 0.170703553582416
186 0.172103591776871
187 0.175068429935910
188 0.174301920871358
189 0.173419956863878
190 0.172507231415369
191 0.171604052195119
192 0.170862254896554
193 0.169976958728482
194 0.169109480746207
195 0.169801271315221
196 0.168934938323606
197 0.168132750011812
198 0.168143417687498
199 0.167905798141268
200 0.167832280947350
201 0.167038671605147
202 0.166238354581453
203 0.165419691688604
204 0.167900511376313
205 0.170972770891579
206 0.170212043479407
207 0.171774451630365
208 0.170948960211134
209 0.171032649336917
210 0.171572660398072
211 0.171209854854019
212 0.170537797784775
213 0.169737264923830
214 0.169011097399652
215 0.168488378963191
216 0.167728468016439
217 0.167821961748497
218 0.167217081391218
219 0.167032393459266
220 0.166319328365283
221 0.165566754218596
222 0.164892736481399
223 0.165117109445358
224 0.167303929412274
225 0.166560367591610
226 0.167218824898187
227 0.167607013679641
228 0.169522157814440
229 0.169768199268658
230 0.169041626153382
231 0.168332779426828
232 0.167652716409949
233 0.167138102331014
234 0.168716054886667
235 0.168002427293098
236 0.167290815528252
237 0.166658404911788
238 0.166384022666318
239 0.166042849661538
240 0.167314156486329
241 0.166627993214451
242 0.166262880318279
243 0.165581407361687
244 0.164907059640267
245 0.164578785805521
246 0.164335080605921
247 0.163677817570851
248 0.163027190650008
249 0.162379124536580
250 0.163425560264026
251 0.162791253663136
252 0.165269668720826
253 0.168438941492817
254 0.168215515105565
255 0.167562180247338
256 0.168179630386171
257 0.167526115107435
258 0.168364086368668
259 0.167724778726873
260 0.167922503263652
261 0.167450725859820
262 0.167094890696582
263 0.166459577768663
264 0.165830071394721
265 0.165251878505434
266 0.164838218611170
267 0.164278726605150
268 0.164618304928429
269 0.164026592866780
270 0.164070188639414
271 0.165267100168340
272 0.164934740819856
273 0.164481923170754
274 0.163881631909702
275 0.163509974940063
276 0.162917550450718
277 0.163407576057037
278 0.162819785436565
279 0.162237250505551
280 0.163432473244847
281 0.162855395803220
282 0.162282419891252
283 0.164445972805540
284 0.165131562596966
285 0.164552281477984
286 0.163978529646629
287 0.163471540702753
288 0.163653915043306
289 0.164196147159615
290 0.165288725361714
291 0.166357306317809
292 0.167824030502218
293 0.167251252243132
294 0.168262331951498
295 0.167692498623520
296 0.170252780553676
297 0.170008745344940
298 0.171192473303200
299 0.170620083643667
300 0.170051683067630
301 0.171205217562850
302 0.173369020006711
303 0.173759599716034
304 0.173188022085421
305 0.173406670361714
306 0.172839982519513
307 0.172437381491058
308 0.171908262752453
309 0.171353456139369
310 0.172513338050517
311 0.171959012637408
312 0.171787010486793
313 0.171250627853405
314 0.170715372514461
315 0.170192667911804
316 0.169674117727579
317 0.169262842484291
318 0.170267470834531
319 0.169992841528378
320 0.169464654687837
321 0.168936963688250
322 0.168412334075476
323 0.169299968598985
324 0.169167647578227
325 0.170123707061259
326 0.169665261260686
327 0.169148353215831
328 0.168687557592354
329 0.168319591270767
330 0.170149475127838
331 0.172198571523259
332 0.172184176547261
333 0.171667166064210
334 0.171162623024653
335 0.170652192922177
336 0.170210220416679
337 0.169711807859955
338 0.171402229602497
339 0.170897127821312
340 0.171014418976735
341 0.171260294145747
342 0.171837378057118
343 0.174032656071457
344 0.173528333693315
345 0.173031949322421
346 0.172531857689866
347 0.172050173215405
348 0.171556456575664
349 0.173419467276796
350 0.172984657550689
351 0.173723648236725
352 0.173926619481210
353 0.173451135352790
354 0.172968498114032
355 0.172698088281751
356 0.172243104282770
357 0.171773665401231
358 0.171302589688348
359 0.173254711382035
360 0.172790569440815
361 0.172640386528166
362 0.172165052378229
363 0.171690768785389
364 0.171220789253461
365 0.170928956084614
366 0.170461942301387
367 0.171936412495762
368 0.172667461944448
369 0.172512526643712
370 0.172197357159419
371 0.171733219357671
372 0.172561595029570
373 0.172124429235900
374 0.171664266247773
375 0.171389926511844
376 0.170949081645641
377 0.170527107860997
378 0.170076367209115
379 0.171142812127199
380 0.171252286294163
381 0.170802805227942
382 0.171049869259934
383 0.170604212169428
384 0.170163031928250
385 0.169722633718164
386 0.169767392327382
387 0.171609058860696
388 0.171166931441130
389 0.170777857054011
390 0.170346220864753
391 0.170014193062685
392 0.170524765373458
393 0.170102635220077
394 0.169672048755813
395 0.169838572732145
396 0.171713707838470
397 0.171311637381804
398 0.171583722986331
399 0.171411625873132
400 0.170986774054365
401 0.170745218222664
402 0.170320478873858
403 0.172001843223513
404 0.172067949139588
405 0.171660446567823
406 0.171383337058116
407 0.170962280457247
408 0.170555106255727
409 0.170141434389460
410 0.169790179013826
411 0.169377067779399
412 0.169159558915301
413 0.168749971618685
414 0.168430354485331
415 0.168037991530734
416 0.167639074950750
417 0.167245841908264
418 0.166845823793288
419 0.166476728479147
420 0.167013030728884
421 0.167116828072091
422 0.166720854891227
423 0.167494526752823
424 0.167821655964398
425 0.167562015129287
426 0.167619700708884
427 0.167279029637913
428 0.166916335525365
429 0.167426728075316
430 0.167270424439605
431 0.168373795118884
432 0.167991816158740
433 0.168696471340424
434 0.168309209160625
435 0.168552595946088
436 0.168169868821330
437 0.167786248470830
438 0.167406723426650
439 0.167035552698184
440 0.168168405482118
441 0.168781388914040
442 0.168399530584266
443 0.168019619561846
444 0.167641197011656
445 0.167462106763131
446 0.167093005351374
447 0.166722068774193
448 0.166447809769110
449 0.167130007796331
450 0.166758607779303
451 0.166715097301223
452 0.167747387212936
453 0.167377085469258
454 0.167008414766017
455 0.167894939651293
456 0.167603883681943
457 0.168628525139836
458 0.168260342043683
459 0.168198224834909
460 0.167861984521930
461 0.167498958072727
462 0.169217788099419
463 0.168852314149388
464 0.168490227441498
465 0.168881793542484
466 0.168975890270674
467 0.169006507631877
468 0.170168413240778
469 0.169805585671907
470 0.169636545534652
471 0.169276383157094
472 0.168920820460716
473 0.168565256742954
474 0.168278772069859
475 0.167958370080713
476 0.169427832832731
477 0.169072647675915
478 0.169491672695841
479 0.169151852834321
480 0.169172671222044
481 0.169493871602954
482 0.170396495255292
483 0.171780500161453
484 0.171858000953372
485 0.171503705299494
486 0.171156382467042
487 0.170951879840945
488 0.170603884759193
489 0.170379470249773
490 0.170727057156953
491 0.170379344209952
492 0.170097876241924
493 0.169837412122525
494 0.169516412781033
495 0.169207971746666
496 0.169044748991698
497 0.168912031657039
498 0.169619840540515
499 0.171254647127176
500 0.172784296297709
501 0.173183595718551
502 0.174023832035457
503 0.173807973460614
504 0.173673611544754
505 0.173368652451828
506 0.173075957611335
507 0.172734628896304
508 0.172434796445616
509 0.172100567945433
510 0.172439827999644
511 0.172462089893927
512 0.172125396005811
513 0.172274754238179
514 0.172458836650930
515 0.172624404053939
516 0.172290028463206
517 0.173143022216382
518 0.172808770819558
519 0.173210379148759
520 0.174154865156461
521 0.174082248639923
522 0.173829974379218
523 0.173955556129604
524 0.173627171054303
525 0.173299764736362
526 0.173403679160244
527 0.174212313409653
528 0.175601515155896
529 0.175385004973105
530 0.175060314861829
531 0.174820337685321
532 0.174643439329320
533 0.174462267070209
534 0.174135952461490
535 0.173873780848997
536 0.173549389956813
537 0.174737980771133
538 0.174918724549035
539 0.176212257002139
540 0.175931211503420
541 0.175675747966009
542 0.175394650965468
543 0.175212884820699
544 0.175067981926790
545 0.174747093237225
546 0.174654592549357
547 0.174335299384942
548 0.174017169283758
549 0.174345766156770
550 0.174029072232325
551 0.173714835745383
552 0.174982155834553
553 0.174751709766753
554 0.174436273627054
555 0.174122699972801
556 0.173809529649651
557 0.174224879340719
558 0.174799329231526
559 0.174489514901081
560 0.175644092191119
561 0.175532754451439
562 0.175220427604283
563 0.174911106988706
564 0.175376165954859
565 0.175065821615186
566 0.175390129756751
567 0.175103076214191
568 0.174939018521935
569 0.174633802186333
570 0.174542112460693
571 0.174236569606570
572 0.173931976334834
573 0.173971244194758
574 0.173794480322533
575 0.173492822327445
576 0.174094540127021
577 0.173794918545349
578 0.173499243675478
579 0.173209097228415
580 0.173757538908694
581 0.174048184377726
582 0.174095798974854
583 0.174340629706058
584 0.174043763101133
585 0.173756618856855
586 0.173612894318913
587 0.173418288581202
588 0.173141704577784
589 0.172857583784266
590 0.172582416884954
591 0.173018391996170
592 0.172734120533343
593 0.172467427125086
594 0.172684323684170
595 0.172401931546786
596 0.172113556363823
597 0.171832580578297
598 0.171545368567661
599 0.171571632312013
600 0.172312729139531
601 0.172027039198339
602 0.171745676591968
603 0.171645895297381
604 0.171363430194150
605 0.171736037224515
606 0.171452644424032
607 0.171440348419618
608 0.171169454912216
609 0.170888573086605
610 0.170608434963857
611 0.171178474156953
612 0.170923796706554
613 0.170645437369435
614 0.170367513204729
615 0.170097747776430
616 0.169821629348622
617 0.169766971177717
618 0.169988868640777
619 0.169881744539269
620 0.169635120983834
621 0.170846528062908
622 0.170571855267256
623 0.170491739855497
624 0.170379659834356
625 0.170111620883272
626 0.169861777578251
627 0.169591443193805
628 0.169323484601195
629 0.169939425543434
630 0.171064764517153
631 0.171160866042647
632 0.170890042057335
633 0.170658488456232
634 0.171693904541886
635 0.172682924023700
636 0.172584789103578
637 0.172338777364216
638 0.173090360028363
639 0.172827489064498
640 0.172981763427671
641 0.174102864771934
642 0.174349218533244
643 0.174454628630769
644 0.174214531779033
645 0.173976626858743
646 0.173755441761225
647 0.174433855824809
648 0.174174385678933
649 0.173912850254462
650 0.173645294324904
651 0.173378558089842
652 0.173201590687454
653 0.173193624139318
654 0.173887614076658
655 0.173622137547132
656 0.173462171224162
657 0.173687330597514
658 0.173433657856219
659 0.173179681364953
660 0.173133009560708
661 0.174167967315997
662 0.173904882156999
663 0.174062821529004
664 0.174028989599053
665 0.173799099415436
666 0.173553747837294
667 0.173313230614818
668 0.173060160522524
669 0.172832735625114
670 0.172604218759626
671 0.172347012230405
672 0.172291013278180
673 0.173385914683784
674 0.174315975620046
675 0.174065749583971
676 0.173809735455661
677 0.173769265325777
678 0.173513587656427
679 0.173258045094335
680 0.173307054078901
681 0.173061802090470
682 0.172808696540688
683 0.172557143289502
684 0.172704956308171
685 0.172472137735314
686 0.172316953286393
687 0.173276644462431
688 0.173025440339605
689 0.172780300767772
690 0.173581229531371
691 0.174269427844186
692 0.174051430506269
693 0.174912280461999
694 0.174793509288723
695 0.174547804038709
696 0.174821694035110
697 0.174792093372880
698 0.174541702763323
699 0.174561259421822
700 0.174358673190818
701 0.174112640245699
702 0.173864694961525
703 0.173618038777216
704 0.174706372763649
705 0.174613437899575
706 0.174831249793263
707 0.174624560969223
708 0.174465662546981
709 0.174219589802344
710 0.173974210697045
711 0.174152071086750
712 0.174749185380789
713 0.174504113511104
714 0.174301370218262
715 0.174060403021952
716 0.173817355759654
717 0.173989772991015
718 0.173747447402996
719 0.173517947367345
720 0.173620180354879
721 0.173379432783093
722 0.173139326157765
723 0.172899874579124
724 0.172856684719953
725 0.172627323230742
726 0.172434543586418
727 0.172217893039769
728 0.172023596467726
729 0.171857904105495
730 0.171992391317694
731 0.171757107947849
732 0.172095280718828
733 0.172386719257550
734 0.172256832697957
735 0.172023088655735
736 0.171927789304716
737 0.172520576752331
738 0.172778200050828
739 0.173472282752816
740 0.173239832478193
741 0.173824305201803
742 0.173682742667361
743 0.173723553529534
744 0.173490134215470
745 0.173271511017503
746 0.173066777943325
747 0.172835095509666
748 0.172604599041396
749 0.172374246577804
750 0.172144748214333
751 0.172088544437726
752 0.171859745982461
753 0.171688846431095
754 0.172261606141714
755 0.172043267582282
756 0.171815698041863
757 0.171880630783430
758 0.171816280932563
759 0.171589980401933
760 0.171366236591366
761 0.171148461578552
762 0.170940046560552
763 0.170758762231884
764 0.170535281508543
765 0.170312363921336
766 0.170090060969181
767 0.169868301978954
768 0.170311148660998
769 0.170090843540255
770 0.169869947677180
771 0.169796861299934
772 0.169577517777824
773 0.169358141946312
774 0.169412441728870
775 0.169456082131634
776 0.169382567826126
777 0.169164576412170
778 0.169164719521691
779 0.168947563639288
780 0.169540858986230
781 0.169326456838639
782 0.169388723757226
783 0.170198726221780
784 0.169987046714095
785 0.169779915644264
786 0.169930308573122
787 0.169748768528888
788 0.169545191519649
789 0.169570363293462
790 0.169362818279577
791 0.169148705996730
792 0.169098494617565
793 0.169832900046899
794 0.170535169539336
795 0.170320668703200
796 0.170120512292507
797 0.170016521443443
798 0.169861713778728
799 0.169790096363189
800 0.170445951009937
801 0.171413956838318
802 0.171950413412995
803 0.171763252463755
804 0.171549616589314
805 0.171336755788844
806 0.172023502423619
807 0.172032895483525
808 0.171821782997996
809 0.171616110115342
810 0.171404290488809
811 0.171365725292676
812 0.171155152448674
813 0.170949488303537
814 0.170739595821024
815 0.170559499094267
816 0.170360687411632
817 0.170839320146909
818 0.171074294919494
819 0.170866220384104
820 0.170963197183614
821 0.170754959965638
822 0.170549492119098
823 0.171156696663017
824 0.170950252373409
825 0.170782465074838
826 0.170577787504670
827 0.171308653450057
828 0.171135582784492
829 0.170975068749621
830 0.171495928808833
831 0.171293921840205
832 0.171090500527254
833 0.170898074622296
834 0.170791262651977
835 0.170601245576146
836 0.170397178713056
837 0.170194009291699
838 0.169992170181983
839 0.169789563239265
840 0.169587457268129
841 0.169502637349238
842 0.169303050016202
843 0.170076278556183
844 0.169877625328112
845 0.169681652435052
846 0.169481098633413
847 0.170138943580172
848 0.169938347540369
849 0.169850661138116
850 0.170378962574041
851 0.170178841088667
852 0.169987877999998
853 0.170571219886006
854 0.170764998034707
855 0.170719056278327
856 0.171124607431044
857 0.172025270387298
858 0.172519474738228
859 0.172319331783669
860 0.172734715974004
861 0.172538353618449
862 0.172369910600087
863 0.173054275644936
864 0.172855189443883
865 0.172655358258221
866 0.172460789481878
867 0.172281851674560
868 0.172084493220102
869 0.171886850578301
870 0.172302922009037
871 0.172107606375096
872 0.171929315468643
873 0.171732771656012
874 0.171536281070619
875 0.172377091709872
876 0.172355442633203
877 0.172159021129412
878 0.171963819611912
879 0.172112551419447
880 0.172017268996390
881 0.172365002225199
882 0.172283720939883
883 0.172490451251119
884 0.172323177692727
885 0.172128462949480
886 0.172537019533731
887 0.172342502412178
888 0.172160664807923
889 0.172158744365077
890 0.171965307573687
891 0.171772387001445
892 0.171579817266472
893 0.171394341936619
894 0.171298209692500
895 0.171638230816101
896 0.171446947603334
897 0.172273017412745
898 0.172081176636119
899 0.172616540191372
900 0.172424753600416
901 0.172233493008268
902 0.172168290357251
903 0.172757761033804
904 0.172585022644675
905 0.172399720505848
906 0.172221588604899
907 0.172041022033182
908 0.171966629125603
909 0.172644115788454
910 0.172454438777775
911 0.172363172688262
912 0.172185706358128
913 0.171997117917023
914 0.171809732477086
915 0.171622070515248
916 0.171630375693941
917 0.171443904255969
918 0.171257903996402
919 0.171339409841550
920 0.171258374615828
921 0.171114914916674
922 0.170929323906112
923 0.171015204096818
924 0.170831486090679
925 0.170646805546345
926 0.170774809911205
927 0.170603936471849
928 0.170420096037436
929 0.171299991062538
930 0.171162242204502
931 0.170990405487173
932 0.170895844541444
933 0.171695552833843
934 0.172200326801465
935 0.172016155382575
936 0.171838935062238
937 0.171657426450316
938 0.172461505026735
939 0.172971498261557
940 0.172849692501157
941 0.173445287329341
942 0.173522343793197
943 0.173344521113571
944 0.173165048945860
945 0.173761529107542
946 0.173579127256567
947 0.173403729569190
948 0.173288308559105
949 0.173159588301033
950 0.172977385996118
951 0.172873269841859
952 0.172909289500309
953 0.172729387167837
954 0.172907724114624
955 0.173118777646675
956 0.173067924404381
957 0.173285326734370
958 0.173207626120374
959 0.173043935526992
960 0.172883548746011
961 0.173563845544566
962 0.174201874511048
963 0.174023058458751
964 0.173853480630473
965 0.173819380428508
966 0.173659806443122
967 0.174219762382509
968 0.174062702700869
969 0.173948477945567
970 0.173769149618244
971 0.173595933408283
972 0.173863222943048
973 0.174082553365152
974 0.173903823889299
975 0.173890481309176
976 0.173714310521730
977 0.173537304352156
978 0.173361888655095
979 0.173617878662594
980 0.173453645305144
981 0.173276857850531
982 0.173132051966227
983 0.173056787596211
984 0.173407622969045
985 0.173427727308161
986 0.173251976084891
987 0.173090255620229
988 0.173475940172919
989 0.173390840118248
990 0.173216004478047
991 0.173041736131421
992 0.172872863849320
993 0.172698922703445
994 0.173173005649702
995 0.173112548946857
996 0.173058752206895
997 0.172885174378337
998 0.172932817826968
999 0.172760854635105
1000 0.172593742567225
1001 0.172431600489390
1002 0.172262363207915
1003 0.172096981961279
1004 0.171955414281917
1005 0.171809403428228
1006 0.172400738491538
1007 0.172230054928356
1008 0.172074483617088
1009 0.171924481662395
1010 0.171757257125647
1011 0.171670414888741
1012 0.171512210267348
1013 0.171369178989717
1014 0.171223122811528
1015 0.171176647328372
1016 0.171016129259059
1017 0.171088140596563
1018 0.170920079356500
1019 0.170953416038835
1020 0.171695268849546
1021 0.171529065554353
1022 0.171361228895536
1023 0.171215972365452
1024 0.171842213622200
1025 0.171734845552529
1026 0.171567464161653
1027 0.172235407842490
1028 0.172070335063454
1029 0.172020098601608
1030 0.171853280215872
1031 0.171722492296327
1032 0.171556115819370
1033 0.171390364496840
1034 0.171224609910331
1035 0.171380278252623
1036 0.171217459790982
1037 0.171053779138411
1038 0.171081046896158
1039 0.171308602226278
1040 0.171154801202061
1041 0.170992332470151
1042 0.170829287608928
1043 0.171364519479490
1044 0.171200404465572
1045 0.171054112979794
1046 0.170906660523772
1047 0.170792655394385
1048 0.171502016461426
1049 0.171338671833792
1050 0.171175540677995
1051 0.171025362650544
1052 0.171333415166295
1053 0.171297669955479
1054 0.171161265834141
1055 0.171251069229278
1056 0.171089433695547
1057 0.170928438462843
1058 0.171106355362338
1059 0.170944857843718
1060 0.170783589743803
1061 0.171494512430931
1062 0.171701189945853
1063 0.171911683446267
1064 0.172160565706850
1065 0.172000120744706
1066 0.171838769814214
1067 0.172315063215210
1068 0.172599863729908
1069 0.172557684750909
1070 0.172456430900673
1071 0.172770424813948
1072 0.173526849998060
1073 0.173483928083629
1074 0.173322403091621
1075 0.173169803168538
1076 0.173008872435371
1077 0.173019469919237
1078 0.172921386414910
1079 0.173546845795115
1080 0.173554948198375
1081 0.173487621845678
1082 0.173871152401674
1083 0.173714085918936
1084 0.173553833072754
1085 0.173394072706837
1086 0.173234474645874
1087 0.173075105303979
1088 0.173527460688075
1089 0.173477643417552
1090 0.174017490878086
1091 0.173859947936421
1092 0.173839028340581
1093 0.173680093666132
1094 0.174349649105843
1095 0.174191252639718
1096 0.174032319015047
1097 0.173991291836174
1098 0.173832830975966
1099 0.173674657377891
1100 0.174327762128211
1101 0.174188874104228
1102 0.174067732089597
1103 0.173932047646986
1104 0.174041053294757
1105 0.174264134983281
1106 0.174106588453160
1107 0.174721041592423
1108 0.175278702787068
1109 0.175479501036800
1110 0.175420755046998
1111 0.175838104818762
1112 0.176115674924895
1113 0.175958142625083
1114 0.175801837203041
1115 0.175794070636169
1116 0.175894610268093
1117 0.175749948835541
1118 0.175592837058074
1119 0.175438640481137
1120 0.176041061795721
1121 0.175884092346425
1122 0.175843226526048
1123 0.175977026636292
1124 0.175820465462740
1125 0.176271235612556
1126 0.176115694990737
1127 0.175959604690375
1128 0.175803620226033
1129 0.175647926887359
1130 0.175654544759644
1131 0.175499235769858
1132 0.175344201221140
1133 0.175192648380694
1134 0.175287311674155
1135 0.175281209939512
1136 0.175128120778292
1137 0.175852260284356
1138 0.176039255319768
1139 0.176165816323776
1140 0.176059881386320
1141 0.175905578249958
1142 0.175763414179804
1143 0.175749752849255
1144 0.175647696217015
1145 0.175495977513518
1146 0.175792447272275
1147 0.175773805786455
1148 0.176113048829571
1149 0.175959924616758
1150 0.175930087856985
1151 0.176545068866712
1152 0.176410393995003
1153 0.176258917019050
1154 0.176125752594984
1155 0.175975035849689
1156 0.175889782509034
1157 0.175977492335289
1158 0.175898340460082
1159 0.175768857335337
1160 0.175618720781154
1161 0.175468185913485
1162 0.175317211724929
1163 0.175182499319380
1164 0.175274067071625
1165 0.175699026677655
1166 0.175548431458743
1167 0.175819487522350
1168 0.176366541312511
1169 0.176565241259239
1170 0.177180884949582
1171 0.177453364663331
1172 0.177447309223126
1173 0.177297502269281
1174 0.177160378305192
1175 0.177143795240079
1176 0.177006677166495
1177 0.176941307499445
1178 0.176802477409722
1179 0.176675855352164
1180 0.176591940299490
1181 0.176448944686668
1182 0.176332039020853
1183 0.176519522931124
1184 0.177058108933036
1185 0.176911881696792
1186 0.176775343821892
1187 0.176895155309297
1188 0.176747233278923
1189 0.176764835611115
1190 0.176837744385141
1191 0.176742299687591
1192 0.176594233389343
1193 0.176556075695228
1194 0.176416192509987
1195 0.176270994505005
1196 0.176615499220773
1197 0.176472700355517
1198 0.176325468664270
1199 0.176273960832760
1200 0.176748476332920
1201 0.176740625305969
1202 0.176593785292490
1203 0.176450886517547
1204 0.176596601850002
1205 0.176455793001275
1206 0.176311001426518
1207 0.176203760275888
1208 0.176410627391162
1209 0.176265131174177
1210 0.176119462514499
1211 0.176070385715502
1212 0.176664301656468
1213 0.176572994892611
1214 0.176524945811960
1215 0.176493656159799
1216 0.176363363728027
1217 0.176307351307086
1218 0.176167151442252
1219 0.176238202651072
1220 0.176093754256781
1221 0.175949552239418
1222 0.175882902678382
1223 0.175740224674638
1224 0.175801842765468
1225 0.175715499851467
1226 0.175883541717395
1227 0.175772067902310
1228 0.175629213320457
1229 0.175487037446663
1230 0.176012936477975
1231 0.175876842069017
1232 0.175743687574101
1233 0.175779434450901
1234 0.175823782390559
1235 0.176085893911412
1236 0.175943901549173
1237 0.175801672829767
1238 0.175659795428112
1239 0.175518086568632
1240 0.175377712572603
1241 0.175237267289234
1242 0.175843129381701
1243 0.175701666993399
1244 0.176034596729827
1245 0.175896442451194
1246 0.176470636791957
1247 0.176329142356972
1248 0.176236608962660
1249 0.176096071525926
1250 0.175956887074601
1251 0.175821804066256
1252 0.175694869296550
1253 0.175554649944632
1254 0.175414657473037
1255 0.175351373951455
1256 0.175212739289890
1257 0.175073578027631
1258 0.175208845289196
1259 0.175069710720405
1260 0.174967207279788
1261 0.174828454825543
1262 0.174689981131750
1263 0.174551741487990
1264 0.174530815310489
1265 0.174440769028220
1266 0.174302980111157
1267 0.174190923265389
1268 0.174072608273212
1269 0.173946909506646
1270 0.173810138391599
1271 0.173673391577838
1272 0.173538039758939
1273 0.173430304442093
1274 0.173303838112145
1275 0.173168509743073
1276 0.173032886921423
1277 0.172897387417170
1278 0.173402608690745
1279 0.173291059389644
1280 0.173197774014912
1281 0.173062625527864
1282 0.173594453654275
1283 0.173524813932413
1284 0.173393869065044
1285 0.173424076676679
1286 0.173578600722642
1287 0.173464607644218
1288 0.173331306790351
1289 0.173219237760085
1290 0.173165351609743
1291 0.173031218882294
1292 0.172897677164656
1293 0.172763962005964
1294 0.172635704448211
1295 0.172502396889870
1296 0.172369425793069
1297 0.172893317662577
1298 0.173326590459094
1299 0.173268279599173
1300 0.173135010353061
1301 0.173742051202171
1302 0.173748184011282
1303 0.173898734649339
1304 0.173796100445835
1305 0.173664944000515
1306 0.173541512086318
1307 0.173888186653785
1308 0.173756553025755
1309 0.173776137153626
1310 0.173686196995743
1311 0.173553854819141
1312 0.173427399491212
1313 0.173295318630664
1314 0.173207273717156
1315 0.173219809748457
1316 0.173666857009925
1317 0.173751715332188
1318 0.173643816083244
1319 0.173512169543802
1320 0.174118193173623
1321 0.173986385306042
1322 0.174164176295995
1323 0.174057932383447
1324 0.173928624155688
1325 0.173950360666929
1326 0.173893064199621
1327 0.173764967534804
1328 0.174021641713223
1329 0.173890700857013
1330 0.173761326144242
1331 0.173646627134844
1332 0.173564062941008
1333 0.173436503708019
1334 0.173339232256712
1335 0.173213259690282
1336 0.173102952881556
1337 0.173015035261754
1338 0.172885726576567
1339 0.172758955119869
1340 0.172640745113943
1341 0.172519050121113
1342 0.173069678769860
1343 0.173498750053699
1344 0.173439173223646
1345 0.173589759347378
1346 0.173466863698864
1347 0.173343097147688
1348 0.173798440148584
1349 0.173669628753405
1350 0.174078341416106
1351 0.173950056036562
1352 0.173823453512595
1353 0.174197540763997
1354 0.174097127192563
1355 0.173982763275587
1356 0.173859327966845
1357 0.173736705270144
1358 0.173689773029608
1359 0.173577012988960
1360 0.173623359855049
1361 0.173546780975765
1362 0.173733353853967
1363 0.173663694651192
1364 0.173586744067635
1365 0.173485166753967
1366 0.173358363112077
1367 0.173332618870528
1368 0.173205929987141
1369 0.173136033645137
1370 0.173280456856578
1371 0.173334699198483
1372 0.173208362432141
1373 0.173082276121092
1374 0.173106911134886
1375 0.173228628254551
1376 0.173163473037076
1377 0.173385348202541
1378 0.173673819617897
1379 0.173548044848046
1380 0.173422285911719
1381 0.173682198828727
1382 0.173669433280317
1383 0.173780883550925
1384 0.173659000892845
1385 0.173533616258886
1386 0.173408811263386
1387 0.173283895252862
1388 0.173159051110650
1389 0.173076804984681
1390 0.173114866853702
1391 0.172995342143261
1392 0.172959788457485
1393 0.172886155204134
1394 0.172771659991867
1395 0.172647822979391
1396 0.172568456601200
1397 0.172528919667918
1398 0.172992608132035
1399 0.172941165641905
1400 0.172818922748650
1401 0.172695568770971
1402 0.172572542603793
1403 0.172473131726125
1404 0.172441712854113
1405 0.172879118090412
1406 0.172779704094639
1407 0.172949742975190
1408 0.172827138139116
1409 0.173134534342116
1410 0.173106410166455
1411 0.172983727141207
1412 0.172897727410647
1413 0.172775372355097
1414 0.172707871035047
1415 0.172609349125240
1416 0.172704726334583
1417 0.172584868272006
1418 0.172632532907099
1419 0.172846966449860
1420 0.172725304310536
1421 0.172884088116986
1422 0.173076188449419
1423 0.173002757989399
1424 0.172881664170318
1425 0.172760786335252
1426 0.172968940639720
1427 0.172953948235043
1428 0.172918012852281
1429 0.172867085229941
1430 0.172746199371264
1431 0.172685018957582
1432 0.172564471052234
1433 0.172444169480141
1434 0.172659328641079
1435 0.172543001219446
1436 0.172423130860082
1437 0.172303303053729
1438 0.172190451180970
1439 0.172087935617513
1440 0.172289566430905
1441 0.172201460843287
1442 0.172179050345404
1443 0.172204933201530
1444 0.172245738221659
1445 0.172126664909027
1446 0.172200722698835
1447 0.172081726880610
1448 0.171995586939800
1449 0.172246802642778
1450 0.172159532686890
1451 0.172513910364254
1452 0.172441198275552
1453 0.172474513754353
1454 0.172355893058337
1455 0.172238041201569
1456 0.172119873145641
1457 0.172001740361132
1458 0.172024303713957
1459 0.171908738575356
1460 0.171862181996034
1461 0.171906661675661
1462 0.171810138077635
1463 0.171748720703051
1464 0.171631802391551
1465 0.172156206147150
1466 0.172039431497107
1467 0.171925484116788
1468 0.171947030660582
1469 0.172070254065178
1470 0.172353525758403
1471 0.172503037597280
1472 0.172393246084721
1473 0.172421894550783
1474 0.172319708318741
1475 0.172203387668571
1476 0.172186777991223
1477 0.172072911584783
1478 0.171980161386677
1479 0.171863880061979
1480 0.171748875559188
1481 0.171632907547036
1482 0.171517095868529
1483 0.171536896676773
1484 0.171515570403916
1485 0.171486081582773
1486 0.171370684054981
1487 0.171258006202078
1488 0.171243475185335
1489 0.171129904636293
1490 0.171015080022373
1491 0.170900385438369
1492 0.170815799640763
1493 0.170791952466721
1494 0.170678345842259
1495 0.170564243945448
1496 0.170485105726153
1497 0.170371247962394
1498 0.170707787473491
1499 0.170593967818409
1500 0.170515857762485
1501 0.170407800120977
1502 0.170294836803994
1503 0.170194145948014
1504 0.170080984959007
1505 0.170017520613612
1506 0.170050191671053
1507 0.169985906137583
1508 0.169938084391954
1509 0.169896553975285
1510 0.169864174140740
1511 0.169752149515327
1512 0.169641520527585
1513 0.169633708034146
1514 0.169527825460211
1515 0.169416522934752
1516 0.169323630735482
1517 0.169360623775126
1518 0.169419933293837
1519 0.169371588490163
1520 0.169260174706628
1521 0.169255921573304
1522 0.169144772238971
1523 0.169042340284402
1524 0.168931549460356
1525 0.168820999823400
1526 0.169200715015134
1527 0.169159522002525
1528 0.169054899075514
1529 0.168988420752715
1530 0.169421364179109
1531 0.169418192700369
1532 0.169475653062926
1533 0.169403987822231
1534 0.169318110337781
1535 0.169207831272447
1536 0.169703809353103
1537 0.169920559954631
1538 0.169996546255145
1539 0.169888220934303
1540 0.170073768630066
1541 0.169963582191840
1542 0.170255972187217
1543 0.170165140443426
1544 0.170056101635714
1545 0.169947633573287
1546 0.169929422246209
1547 0.169819871831956
1548 0.169727586487238
1549 0.169653622238938
1550 0.170069751725209
1551 0.170445264979658
1552 0.170612178852185
1553 0.170506619739551
1554 0.170404963348600
1555 0.170309023000539
1556 0.170201026294152
1557 0.170100178511440
1558 0.170252477127624
1559 0.170151531067739
1560 0.170042461234786
1561 0.170049459991775
1562 0.169958419077353
1563 0.169853190560436
1564 0.169744804115058
1565 0.169689446033326
1566 0.169581315568070
1567 0.169473134804795
1568 0.169396441568916
1569 0.169451074094074
1570 0.169344239550205
1571 0.169237042676735
1572 0.169129575927334
1573 0.169245239932432
1574 0.169178177451463
1575 0.169070768888527
1576 0.168965811951745
1577 0.169125585438771
1578 0.169370027539778
1579 0.169262778216273
1580 0.169155654438919
1581 0.169048661616718
1582 0.168976954434630
1583 0.168870209987624
1584 0.168775062057914
1585 0.168668605997717
1586 0.168563447148510
1587 0.169014077141194
1588 0.168983829147235
1589 0.168929527549099
1590 0.168842241878907
1591 0.168740984874500
1592 0.168646337360381
1593 0.168568732318114
1594 0.169008704097886
1595 0.168910414213182
1596 0.168960450779811
1597 0.168855119167260
1598 0.168754210662770
1599 0.168669988420269
1600 0.168640877051691
1601 0.168548821974047
1602 0.168443610538358
1603 0.168338565678486
1604 0.168618488547783
1605 0.168765687785725
1606 0.168661238353143
1607 0.168836963189964
1608 0.169070837527278
1609 0.168965759320535
1610 0.168882431311178
1611 0.168857250751698
1612 0.168883013767862
1613 0.169211556059414
1614 0.169108381169265
1615 0.169314522433757
1616 0.169675058491874
1617 0.169985528689220
1618 0.169880629181123
1619 0.169776852835997
1620 0.169831929354642
1621 0.169754654906551
1622 0.169713898676384
1623 0.169610696061648
1624 0.169511573845184
1625 0.169477119765759
1626 0.169578750435092
1627 0.169474646666679
1628 0.169370886383203
1629 0.169302277101885
1630 0.169201413508760
1631 0.169223038171042
1632 0.169335813853747
1633 0.169232117703284
1634 0.169128548552031
1635 0.169073134507596
1636 0.168970972533028
1637 0.168890872117555
1638 0.169259096452722
1639 0.169161458755174
1640 0.169058311581423
1641 0.168966801488517
1642 0.168866898484412
1643 0.168764167567309
1644 0.168768007855284
1645 0.168877534021664
1646 0.168775339604392
1647 0.168677438334263
1648 0.168587532542631
1649 0.168568996795470
1650 0.168509622522221
1651 0.168585787278758
1652 0.168518099192204
1653 0.168457435134999
1654 0.168421942291339
1655 0.168362694783936
1656 0.168695592374919
1657 0.168594136932037
1658 0.168538836401427
1659 0.168437818994675
1660 0.168340036641300
1661 0.168245768925334
1662 0.168144538338010
1663 0.168065168345383
1664 0.168048332842650
1665 0.168248311708764
1666 0.168154149235624
1667 0.168232732239254
1668 0.168178900217805
1669 0.168096286611948
1670 0.167995720254570
1671 0.167895184250480
1672 0.167840424811418
1673 0.167740403898290
1674 0.167646065782838
1675 0.167547194313146
1676 0.167471275695025
1677 0.167375898534927
1678 0.167276266835833
1679 0.167346931442749
1680 0.167575878577890
1681 0.167476712845259
1682 0.167377142888350
1683 0.167293537165854
1684 0.167287436493758
1685 0.167188245624579
1686 0.167091001496278
1687 0.167410649773630
1688 0.167336984408011
1689 0.167386235774211
1690 0.167451800994633
1691 0.167363972586735
1692 0.167313859862403
1693 0.167259286567644
1694 0.167382811413838
1695 0.167284060492695
1696 0.167527157465020
1697 0.167635969568535
1698 0.167668688156356
1699 0.167578193767059
1700 0.167661556490975
1701 0.167782291435951
1702 0.167691807971590
1703 0.167749015538227
1704 0.167685809157362
1705 0.167589369248199
1706 0.167491737701234
1707 0.167775856491803
1708 0.167677658968253
1709 0.167580248728316
1710 0.167791060419079
1711 0.167699935698707
1712 0.167601980130038
1713 0.167796441821467
1714 0.168050328953171
1715 0.167952359435993
1716 0.167996393378464
1717 0.167898550479134
1718 0.167801992642251
1719 0.167704741943454
1720 0.167833690021273
1721 0.168017179402792
1722 0.168205068854304
1723 0.168107445483057
1724 0.168450433293610
1725 0.168442824638500
1726 0.168640022435497
1727 0.169077620547333
1728 0.169058361215713
1729 0.168987648263113
1730 0.168892235613776
1731 0.168856665359342
1732 0.168770653831720
1733 0.168673272830640
1734 0.168652270929802
1735 0.168773266914623
1736 0.168689454678511
1737 0.168612168416219
1738 0.168528940509678
1739 0.168432111778629
1740 0.168369807700824
1741 0.168280975354931
1742 0.168184374967862
1743 0.168377071962937
1744 0.168339670058438
1745 0.168292728183236
1746 0.168196734550053
1747 0.168102570277537
1748 0.168006455657250
1749 0.168191114508210
1750 0.168150147310740
1751 0.168063492663455
1752 0.168015444683697
1753 0.168085505726827
1754 0.167989687285592
1755 0.167896228688231
1756 0.167810128921539
1757 0.167824817908966
1758 0.167729603075380
1759 0.167659648498721
1760 0.167583359820243
1761 0.167540247508649
1762 0.167582253728905
1763 0.167487198849457
1764 0.167450930849050
1765 0.167356243321697
1766 0.167261711555772
1767 0.167173218578539
1768 0.167600585276030
1769 0.167505842590655
1770 0.167426371048082
1771 0.167361556791904
1772 0.167278529166726
1773 0.167344050267034
1774 0.167250394903258
1775 0.167469553499504
1776 0.167375260647261
1777 0.167283729813004
1778 0.167189773042538
1779 0.167096815868146
1780 0.167438583070058
1781 0.167431552385517
1782 0.167337630692964
1783 0.167417787750286
1784 0.167325816919926
1785 0.167751458752306
1786 0.167820586425297
1787 0.168248695287933
1788 0.168531208016096
1789 0.168439466313356
1790 0.168346717247600
1791 0.168405140572061
1792 0.168423847437345
1793 0.168329934009932
1794 0.168238705291463
1795 0.168252902206064
1796 0.168418191253249
1797 0.168324469689241
1798 0.168258986807644
1799 0.168697496358878
1800 0.168615191431028
1801 0.168805277342087
1802 0.168724067652406
1803 0.168642501100963
1804 0.168549018581743
1805 0.168474940440109
1806 0.168388381818544
1807 0.168304752488898
1808 0.168448320752418
1809 0.168479804889179
1810 0.168455842615539
1811 0.168387604552404
1812 0.168294994602078
1813 0.168287522832566
1814 0.168512723902554
1815 0.168645325860115
1816 0.168630107744146
1817 0.168549432100955
1818 0.168584399291365
1819 0.168496206421930
1820 0.168406476163341
1821 0.168702294840751
1822 0.168609703113388
1823 0.168980956944324
1824 0.168888425965759
1825 0.168850103643444
1826 0.168757633760661
1827 0.168667358744227
1828 0.169112560404386
1829 0.169020098648240
1830 0.168989997631635
1831 0.169050160517062
1832 0.169109835376192
1833 0.169040239247662
1834 0.169089953075582
1835 0.169044389158056
1836 0.169418874325794
1837 0.169382171399499
1838 0.169294179444306
1839 0.169250487696736
1840 0.169174855141379
1841 0.169288323725843
1842 0.169214015938744
1843 0.169123071637221
1844 0.169054829672158
1845 0.169134482605308
1846 0.169046014304804
1847 0.169239541880707
1848 0.169434071656772
1849 0.169342467750823
1850 0.169481306997150
1851 0.169428059077323
1852 0.169337980832273
1853 0.169246842342869
1854 0.169204422363944
1855 0.169231000140468
1856 0.169232988911434
1857 0.169406069824185
1858 0.169314911017281
1859 0.169224223457204
1860 0.169138219204989
1861 0.169050467279609
1862 0.168959711617529
1863 0.168963226776681
1864 0.168872581277703
1865 0.168869825852255
1866 0.168780162016580
1867 0.168983743306901
1868 0.168969516278786
1869 0.168879342620263
1870 0.168789500771303
1871 0.168774649837345
1872 0.168822675253404
1873 0.168744185078580
1874 0.168944055363250
1875 0.168937117185028
1876 0.169086192700140
1877 0.169042566944452
1878 0.169135625159058
1879 0.169046348922866
1880 0.169336378450015
1881 0.169591421028757
1882 0.169510946088825
1883 0.169659685288395
1884 0.169569737709796
1885 0.169602699701810
1886 0.169549509788322
1887 0.169535150339219
1888 0.169575371031880
1889 0.169626696588516
1890 0.169539103968130
1891 0.169602760897114
1892 0.169657073870250
1893 0.169567836420457
1894 0.169478307476799
1895 0.169451508378662
1896 0.169400877337096
1897 0.169322610276645
1898 0.169237022415974
1899 0.169147941374721
1900 0.169072800600094
1901 0.169188113262050
1902 0.169101512470563
1903 0.169340064619940
1904 0.169651119974702
1905 0.169574823639429
1906 0.169486634510967
1907 0.169676818081435
1908 0.169620481933235
1909 0.169531816760339
1910 0.169448157817356
1911 0.169359488016798
1912 0.169297220002084
1913 0.169493443649606
1914 0.169613104807668
1915 0.169525431250287
1916 0.169455310802731
1917 0.169740816106206
1918 0.169877790352345
1919 0.170293835504256
1920 0.170406807630034
1921 0.170318221723953
1922 0.170424524400865
1923 0.170341707078383
1924 0.170262223614156
1925 0.170466384148501
1926 0.170378201781132
1927 0.170289864123537
1928 0.170201539505357
1929 0.170113306508335
1930 0.170192392579850
1931 0.170111989899703
1932 0.170024314549327
1933 0.170040588341793
1934 0.169953211958404
1935 0.169945398317727
1936 0.169861298834098
1937 0.169841119099136
1938 0.169778884351155
1939 0.169890614503296
1940 0.169803042087828
1941 0.169715637889557
1942 0.169633615772898
1943 0.169557097227793
1944 0.169469917771546
1945 0.169382888237773
1946 0.169422117530926
1947 0.169335286522227
1948 0.169654534998611
1949 0.170040853121001
1950 0.170242196835755
1951 0.170206607463332
1952 0.170119411567681
1953 0.170412704373166
1954 0.170354165702045
1955 0.170267030259736
1956 0.170181136066424
1957 0.170095656461330
1958 0.170076140396679
1959 0.169994251515253
1960 0.169907918149364
1961 0.169825267455314
1962 0.169738715773012
1963 0.169652249236784
1964 0.169743693236543
1965 0.169657429359366
1966 0.169581550750706
1967 0.169496080554656
1968 0.169411039346602
1969 0.169334430132233
1970 0.169373475574679
1971 0.169558852649307
1972 0.169472878601991
1973 0.169427554868010
1974 0.169341834927966
1975 0.169501335478082
1976 0.169429460297459
1977 0.169781890712291
1978 0.169890954464121
1979 0.169905361018117
1980 0.169828865281225
1981 0.169744223219656
1982 0.169943314207358
1983 0.169861922754377
1984 0.169793304730202
1985 0.169746412102250
1986 0.169691286326457
1987 0.169627614679063
1988 0.169542289026168
1989 0.169457049063499
1990 0.169372253334619
1991 0.169307591888510
1992 0.169327988115123
1993 0.169243102998841
1994 0.169158226852993
1995 0.169075887189561
1996 0.168991179854218
1997 0.168945419928408
1998 0.169303427456182
1999 0.169435330505408
2000 0.169488951312610
2001 0.169415015334979
2002 0.169763807265162
2003 0.169681563841639
2004 0.169597448222923
2005 0.169514818101178
2006 0.169432326151882
2007 0.169355495825055
2008 0.169273037109132
2009 0.169188783072854
2010 0.169104616919196
2011 0.169329024741307
2012 0.169244865211833
2013 0.169350806234570
2014 0.169266721424012
2015 0.169197573673944
2016 0.169306611235557
2017 0.169245409021202
2018 0.169183672096075
2019 0.169213742576739
2020 0.169131563833210
2021 0.169057415076040
2022 0.168974086747982
2023 0.168900416373417
2024 0.169095091347550
2025 0.169125120764283
2026 0.169056099510000
2027 0.169140119225927
2028 0.169074148324349
2029 0.169093065429730
2030 0.169052003931934
2031 0.168970259234633
2032 0.168887104683532
2033 0.168884964608043
2034 0.168970684834235
2035 0.168918164057192
2036 0.168915150002366
2037 0.168832226516810
2038 0.168762843560812
2039 0.168680986134832
2040 0.168728961155793
2041 0.168841404309822
2042 0.168771183967443
2043 0.168688735480234
2044 0.168778676185055
2045 0.169028933182891
2046 0.169386378841003
2047 0.169303999342316
2048 0.169228166444182
2049 0.169306886397219
2050 0.169226216303392
2051 0.169145104251110
2052 0.169471335341768
2053 0.169394031687552
2054 0.169389676708379
2055 0.169760620896734
2056 0.169680542506124
2057 0.169600729448928
2058 0.169524965343724
2059 0.169445248078564
2060 0.169606255308673
2061 0.169616225925893
2062 0.169534696732185
2063 0.169453795441088
2064 0.169567334548377
2065 0.169542349059473
2066 0.169460286002984
2067 0.169378320962737
2068 0.169296417461746
2069 0.169262637143474
2070 0.169184651422240
2071 0.169111519023925
2072 0.169075507996533
2073 0.168996771476844
2074 0.168915794746925
2075 0.168845773116878
2076 0.168797022585321
2077 0.168715757463527
2078 0.168915658139754
2079 0.169309644304129
2080 0.169228245438788
2081 0.169146996349782
2082 0.169316423134468
2083 0.169235138294656
2084 0.169154137464976
2085 0.169073008549461
2086 0.168992726488817
2087 0.168911807848346
2088 0.168867028918147
2089 0.168789375289202
2090 0.168709327632265
2091 0.169087575138990
2092 0.169296923562997
2093 0.169216631583645
2094 0.169323941341398
2095 0.169591664427579
2096 0.169510790829464
2097 0.169429955928627
2098 0.169576640964355
2099 0.169513460168718
2100 0.169432781540043
2101 0.169394667097205
2102 0.169335621294160
2103 0.169255216249521
2104 0.169181809428548
2105 0.169102365100898
2106 0.169044767175040
2107 0.168965224492485
2108 0.168938316462738
2109 0.168858585654401
2110 0.168779816966664
2111 0.168701935666816
2112 0.168843667513903
2113 0.168763761039675
2114 0.169012218100874
2115 0.168936884148795
2116 0.168857046505080
2117 0.168777285502315
2118 0.169028207901118
2119 0.168948806566332
2120 0.168880605087052
2121 0.169013271461142
2122 0.168939015074039
2123 0.168859454233195
2124 0.168779979723801
2125 0.168719768321631
2126 0.168640408595682
2127 0.168734107426781
2128 0.168654816400020
2129 0.168579178295791
2130 0.168501092576782
2131 0.168735875333413
2132 0.168656732765010
2133 0.168607937811408
2134 0.168529100528827
2135 0.168450411635520
2136 0.168391700899504
2137 0.168594021198765
2138 0.168780864031107
2139 0.168800102158891
2140 0.168721596935574
2141 0.168823561317985
2142 0.168755905244670
2143 0.168699721286728
2144 0.168621077753338
2145 0.168605860314489
2146 0.168527428092646
2147 0.168449135496228
2148 0.168379890990767
2149 0.168304697787555
2150 0.168226437690547
2151 0.168244048547211
2152 0.168165868227254
2153 0.168087760651237
2154 0.168009726276579
2155 0.168033151169697
2156 0.167956468879480
2157 0.167879001309572
2158 0.167801258695089
2159 0.167844658878280
2160 0.168224883579807
2161 0.168151428115562
2162 0.168073741392591
2163 0.168018523580962
2164 0.167990427986497
2165 0.167967471077513
2166 0.168213751753031
2167 0.168136546278558
2168 0.168190579115665
2169 0.168129665928328
2170 0.168103681201355
2171 0.168092387434698
2172 0.168015058521961
2173 0.167965908920614
2174 0.168261745070518
2175 0.168184467649473
2176 0.168107740299905
2177 0.168237123452231
2178 0.168163078382771
2179 0.168086193884404
2180 0.168200692145449
2181 0.168254761618833
2182 0.168177651279374
2183 0.168100615055651
2184 0.168023645969340
2185 0.167947062725410
2186 0.167871321076396
2187 0.167794562356518
2188 0.167718069057530
2189 0.167659647235102
2190 0.167584189321584
2191 0.167646165201235
2192 0.167743636849024
2193 0.167667147546604
2194 0.167592747113064
2195 0.167885915122977
2196 0.167809464874659
2197 0.167733878638337
2198 0.167660611851098
2199 0.167588484586351
2200 0.167513471940161
2201 0.167446838594888
2202 0.167401035097874
2203 0.167328840421336
2204 0.167252920358461
2205 0.167177068695402
2206 0.167105435424404
2207 0.167029722141952
2208 0.166954075146569
2209 0.166880567423382
2210 0.166822952714113
2211 0.167037110478859
2212 0.166963760821542
2213 0.166902866478190
2214 0.167131151985213
2215 0.167074854295060
2216 0.167001581291906
2217 0.166939439446624
2218 0.166868224600891
2219 0.167045213159344
2220 0.166990760880199
2221 0.167164756511815
2222 0.167211899173560
2223 0.167283687570212
2224 0.167276487859281
2225 0.167217681362337
2226 0.167144626830967
2227 0.167069573116336
2228 0.167262300603116
2229 0.167328926319701
2230 0.167359639220441
2231 0.167695435361834
2232 0.167919067077388
2233 0.167844427801211
2234 0.167770479574177
2235 0.167712499094515
2236 0.167810140088174
2237 0.167774641673868
2238 0.167699677273894
2239 0.167632974204334
2240 0.167558141133851
2241 0.167548107723876
2242 0.167477198864882
2243 0.167402536356967
2244 0.167331338911789
2245 0.167272688636983
2246 0.167546909153552
2247 0.167475746196941
2248 0.167405707557689
2249 0.167565235401655
2250 0.167492843766432
2251 0.167418435573145
2252 0.167344093609921
2253 0.167677399905513
2254 0.167603135310862
2255 0.167553547382229
2256 0.167509844137103
2257 0.167492139944236
2258 0.167423517961174
2259 0.167545193350440
2260 0.167474475358462
2261 0.167402243394280
2262 0.167354886492673
2263 0.167281108605527
2264 0.167244441902628
2265 0.167175889477306
2266 0.167333131224309
2267 0.167383598236981
2268 0.167394334145278
2269 0.167405307788925
2270 0.167694878154701
2271 0.167621402778627
2272 0.167747619989075
2273 0.167681852867634
2274 0.168041659760980
2275 0.168225901520178
2276 0.168507368213871
2277 0.168462920920821
2278 0.168637206186425
2279 0.168606136484599
2280 0.168594140765499
2281 0.168529366756329
2282 0.168609703339140
2283 0.168586647856875
2284 0.168579506416213
2285 0.168523043304667
2286 0.168450217104340
2287 0.168379655707234
2288 0.168327005062188
2289 0.168293547884935
2290 0.168620705342567
2291 0.168548910051114
2292 0.168641152654760
2293 0.168603035469989
2294 0.168863457298102
2295 0.168789889227725
2296 0.168745611471862
2297 0.168673549419833
2298 0.168600370010031
2299 0.168578880539298
2300 0.168543660976049
2301 0.168470414819446
2302 0.168398241935841
2303 0.168442562438637
2304 0.168621382040348
2305 0.168548673209486
2306 0.168475974691247
2307 0.168411498194862
2308 0.168340363909188
2309 0.168271480335099
2310 0.168198652317473
2311 0.168125871352165
2312 0.168116036172532
2313 0.168164063294709
2314 0.168091391475562
2315 0.168434136779269
2316 0.168361414587171
2317 0.168597538768536
2318 0.168599042145450
2319 0.168936811894718
2320 0.168937632800091
2321 0.169210635165586
2322 0.169138957879017
2323 0.169141860923720
2324 0.169109885942332
2325 0.169387662576960
2326 0.169314921059221
2327 0.169257085333844
2328 0.169195209341071
2329 0.169346339727273
2330 0.169372705834151
2331 0.169614728573613
2332 0.169820310911664
2333 0.169748407923263
2334 0.169793008971360
2335 0.169762592070456
2336 0.169689922404673
2337 0.170001898330432
2338 0.170055431404872
2339 0.170332637979234
2340 0.170263836684287
2341 0.170191313036870
2342 0.170531872986560
2343 0.170476762986202
2344 0.170406927007669
2345 0.170334313756822
2346 0.170270387631377
2347 0.170203295223323
2348 0.170130807961065
2349 0.170058508805770
2350 0.169991889172755
2351 0.169920685660566
2352 0.170100894479873
2353 0.170047710907404
2354 0.170116383708048
2355 0.170097933516678
2356 0.170025889238607
2357 0.169955042056530
2358 0.170293512773941
2359 0.170221364324133
2360 0.170149255788861
2361 0.170077397481678
2362 0.170126982443564
2363 0.170057399167651
2364 0.170028364714089
2365 0.169999497425274
2366 0.169929841546896
2367 0.169920984072631
2368 0.169891722178593
2369 0.169986815082496
2370 0.170064921652412
2371 0.170004888639463
2372 0.169935299770672
2373 0.169934324489812
2374 0.169862743058066
2375 0.169871023827349
2376 0.169804806365747
2377 0.169750958444965
2378 0.169892253387407
2379 0.169820882782905
2380 0.169753818721431
2381 0.169687124860887
2382 0.169616234284047
2383 0.169545310136052
2384 0.169474513398175
2385 0.169406591901057
2386 0.169342176668334
2387 0.169287884612125
2388 0.169239295315933
2389 0.169172469589777
2390 0.169484846670154
2391 0.169687147113635
2392 0.169624875262368
2393 0.169553991724093
2394 0.169483293984092
2395 0.169630281195665
2396 0.169559488967676
2397 0.169847604511455
2398 0.169786027855163
2399 0.169730929297357
2400 0.169660775518497
2401 0.169629071312557
2402 0.169558994256641
2403 0.169488448684530
2404 0.169418144221138
2405 0.169347824372676
2406 0.169348319497136
2407 0.169278158868710
2408 0.169369355367163
2409 0.169597499188653
2410 0.169601590585882
2411 0.169773090096947
2412 0.169726378677419
2413 0.169673445915631
2414 0.169736757180875
2415 0.169668423698731
2416 0.169598199462449
2417 0.169528030575622
2418 0.169585776227578
2419 0.169877848273507
2420 0.169934985709210
2421 0.170021615293936
2422 0.170044312731107
2423 0.169974277752802
2424 0.170160703559552
2425 0.170090760211142
2426 0.170200427601484
2427 0.170130617552257
2428 0.170310464812567
2429 0.170240349353672
2430 0.170170291652515
2431 0.170336308799715
2432 0.170266655360954
2433 0.170380083004524
2434 0.170487796730677
2435 0.170704776077184
2436 0.170665943628899
2437 0.170596124271042
2438 0.170526161938960
2439 0.170456245746189
2440 0.170390189428962
2441 0.170372373400155
2442 0.170488926946380
2443 0.170549285692747
2444 0.170835174266228
2445 0.170994291770289
2446 0.170980935363630
2447 0.171028787483696
2448 0.170958933546695
2449 0.171084267279315
2450 0.171014733649281
2451 0.171088534131565
2452 0.171019041814698
2453 0.170965893699455
2454 0.170896323282421
2455 0.170827691252910
2456 0.170758136139515
2457 0.170838612344210
2458 0.170769243200528
2459 0.170699800676734
2460 0.170634385823727
2461 0.170614984888416
2462 0.170676100727846
2463 0.170664465287712
2464 0.170607878305510
2465 0.170538666194766
2466 0.170478584506952
2467 0.170409489805313
2468 0.170340566801797
2469 0.170278628526868
2470 0.170209691747931
2471 0.170145791647666
2472 0.170088622499362
2473 0.170019850458756
2474 0.169951164192018
2475 0.169889131886754
2476 0.170208108337124
2477 0.170295893639595
2478 0.170227171106115
2479 0.170319271791706
2480 0.170336894926544
2481 0.170268428949040
2482 0.170285201127177
2483 0.170217394106003
2484 0.170170073353567
2485 0.170464913234148
2486 0.170421807798529
2487 0.170353283129248
2488 0.170371559656925
2489 0.170319116370275
2490 0.170367174639643
2491 0.170303251875334
2492 0.170241511616319
2493 0.170195463279799
2494 0.170131089977720
2495 0.170164916277645
2496 0.170111753145311
2497 0.170175653305610
2498 0.170129083619781
2499 0.170061024668006
2500 0.170051413222136
2501 0.170126034047725
2502 0.170058071200090
2503 0.170265195267053
2504 0.170295977916639
2505 0.170228005846758
2506 0.170399660330724
2507 0.170331910832923
2508 0.170270525915996
2509 0.170202664508053
2510 0.170151787426590
2511 0.170224206131363
2512 0.170174032884564
2513 0.170106316372779
2514 0.170150096207687
2515 0.170091231800157
2516 0.170029452288362
2517 0.170079770220323
2518 0.170077756086725
2519 0.170019847900503
2520 0.169954923612629
2521 0.169907105029397
2522 0.169989567351973
2523 0.169926775175701
2524 0.169968761222789
2525 0.170221614526886
2526 0.170391865398500
2527 0.170334946202714
2528 0.170278398400544
2529 0.170212137802961
2530 0.170234442533050
2531 0.170559470457087
2532 0.170492720803933
2533 0.170425590016020
2534 0.170358348806771
2535 0.170291154018631
2536 0.170224004870328
2537 0.170157010952429
2538 0.170233716742433
2539 0.170209951249244
2540 0.170489156673022
2541 0.170427898933310
2542 0.170361392640512
2543 0.170337577547408
2544 0.170270934448058
2545 0.170249768516578
2546 0.170482833168490
2547 0.170415946118393
2548 0.170349352446329
2549 0.170282523660335
2550 0.170333625554825
2551 0.170289059008612
2552 0.170312290669178
2553 0.170320504391553
2554 0.170323154455985
2555 0.170452649181476
2556 0.170404769304617
2557 0.170416712014380
2558 0.170350091189717
2559 0.170283522187382
2560 0.170217013652039
2561 0.170152309091056
2562 0.170091025647806
2563 0.170028560029006
2564 0.170019723325000
2565 0.169953757138594
2566 0.169899849557965
2567 0.169838373410886
2568 0.169775459773114
2569 0.169709374276007
2570 0.169643339522510
2571 0.169577356125610
2572 0.169743808009327
2573 0.169898944977417
2574 0.169845075558163
2575 0.169841794322605
2576 0.169797789809302
2577 0.169874632692593
2578 0.169844804867090
2579 0.170023109092508
2580 0.169958010358869
2581 0.169892734004065
2582 0.169857436071928
2583 0.169791746611164
2584 0.169726037998950
2585 0.169660617388444
2586 0.169634044328876
2587 0.169851729426495
2588 0.169799639340971
2589 0.169743920579002
2590 0.169859488257466
2591 0.169794865510313
2592 0.169799073790393
2593 0.169829856152440
2594 0.169828324324288
2595 0.169762928793831
2596 0.169799966242101
2597 0.169752498971534
2598 0.169688110493172
2599 0.169624490690455
2600 0.169922109038092
2601 0.169857255201866
2602 0.169823362769845
2603 0.169758254141878
2604 0.169901460987580
2605 0.169837703449734
2606 0.169776994411235
2607 0.169713838309702
2608 0.169674384364159
2609 0.169609357212323
2610 0.169545022623157
2611 0.169490040601844
2612 0.169425159152516
2613 0.169397629881074
2614 0.169332975194348
2615 0.169268244569617
2616 0.169208201636674
2617 0.169157195767789
2618 0.169092582733305
2619 0.169028166447171
2620 0.168967125837069
2621 0.168902673456296
2622 0.169175270611478
2623 0.169252044331717
2624 0.169477206619112
2625 0.169463819807424
2626 0.169399490190742
2627 0.169347228677105
2628 0.169298522913086
2629 0.169234424354325
2630 0.169425189618948
2631 0.169361049229737
2632 0.169306773544888
2633 0.169487686113013
2634 0.169772850075563
2635 0.169726627744225
2636 0.169662240306349
2637 0.169627484862205
2638 0.169563201808074
2639 0.169630584672298
2640 0.169566331421479
2641 0.169580506744922
2642 0.169824990038304
2643 0.169769474327575
2644 0.169705565637807
2645 0.169641443478290
2646 0.169866746475696
2647 0.169803043764859
2648 0.169751433672960
2649 0.169800857812666
2650 0.169738667629902
2651 0.169680721682477
2652 0.169813473946186
2653 0.169752282941754
2654 0.169696317661039
2655 0.169632402904197
2656 0.169778968203805
2657 0.169923517565038
2658 0.169862415908678
2659 0.169812277270934
2660 0.169923497674450
2661 0.170142823774794
2662 0.170081803549838
2663 0.170017974279239
2664 0.169954294935064
2665 0.169924995376152
2666 0.169861257581973
2667 0.169797567571673
2668 0.169733930481954
2669 0.169670335903300
2670 0.169608620334300
2671 0.169588832380416
2672 0.169526484779703
2673 0.169463063164177
2674 0.169401501019642
2675 0.169343090950735
2676 0.169279808863828
2677 0.169219142760270
2678 0.169155958387296
2679 0.169149887948830
2680 0.169268432487372
2681 0.169269499636894
2682 0.169207212591974
2683 0.169152778232156
2684 0.169230319380352
2685 0.169217416724886
2686 0.169155410739375
2687 0.169293693377760
2688 0.169303294862895
2689 0.169240371627913
2690 0.169179970262869
2691 0.169138115233236
2692 0.169100710757067
2693 0.169198231136136
2694 0.169145465972529
2695 0.169085893885988
2696 0.169031166695234
2697 0.168992753357692
2698 0.168930117059703
2699 0.168887274442317
2700 0.168858810796222
2701 0.168800776299972
2702 0.168909410350054
2703 0.168875553345460
2704 0.168992821204613
2705 0.168930507696924
2706 0.169170415249554
2707 0.169476387231077
2708 0.169413822256486
2709 0.169352518078170
2710 0.169375505024746
2711 0.169313063306572
2712 0.169250805159674
2713 0.169244156203907
2714 0.169260378801253
2715 0.169322380090704
2716 0.169260037939259
2717 0.169197758296184
2718 0.169136050894342
2719 0.169074052908606
2720 0.169069291270844
2721 0.169049785167716
2722 0.169043896033651
2723 0.169187715525479
2724 0.169126567327657
2725 0.169067243206896
2726 0.169018625461345
2727 0.169297565372641
2728 0.169235515928299
2729 0.169232695873006
2730 0.169170761185110
2731 0.169120061609977
2732 0.169074407637982
2733 0.169034387067830
2734 0.169141283160393
2735 0.169079440169050
2736 0.169161299713280
2737 0.169099507735157
2738 0.169037747508266
2739 0.169051430516068
2740 0.169075518141203
2741 0.169029241389879
2742 0.168968371856542
2743 0.168934589956364
2744 0.168877538103405
2745 0.168818853022248
2746 0.168757374932077
2747 0.168697943445581
2748 0.168641712389869
2749 0.168851408683834
2750 0.168814152270408
2751 0.168752788371469
2752 0.168804618874916
2753 0.168743474541819
2754 0.168688433415984
2755 0.168627204482374
2756 0.168576691697623
2757 0.168832665020611
2758 0.168865604645674
2759 0.168804399521171
2760 0.168743238532721
2761 0.168682121834248
2762 0.168621051930905
2763 0.168560793785297
2764 0.168666985753943
2765 0.168606028237191
2766 0.168545102906199
2767 0.168664752484524
2768 0.168603819110336
2769 0.168576726936316
2770 0.168519496331512
2771 0.168553753531475
2772 0.168548881319406
2773 0.168488269079121
2774 0.168427749718741
2775 0.168390474062187
2776 0.168342119600493
2777 0.168373682283200
2778 0.168405426415156
2779 0.168532434576802
2780 0.168474564460772
2781 0.168451223433121
2782 0.168599737408043
2783 0.168610095548006
2784 0.168597525066205
2785 0.168794139937139
2786 0.168733555394739
2787 0.168772347435399
2788 0.168715978558640
2789 0.168659973412802
2790 0.168621230368293
2791 0.168560814623296
2792 0.168654148842614
2793 0.168593859375072
2794 0.168717323349049
2795 0.168657263322775
2796 0.168598430034890
2797 0.168538152332077
2798 0.168477917110588
2799 0.168545095153453
2800 0.168686039321466
2801 0.168625815815818
2802 0.168565754975531
2803 0.168505836254594
2804 0.168447044044568
2805 0.168388720356724
2806 0.168345525257169
2807 0.168285572260946
2808 0.168228081512753
2809 0.168171596018714
2810 0.168111861420310
2811 0.168078995040624
2812 0.168168730491125
2813 0.168347103164943
2814 0.168287290057507
2815 0.168227509400146
2816 0.168167986024685
2817 0.168112272488897
2818 0.168052615898361
2819 0.167993333953195
2820 0.167934321702677
2821 0.167875067601631
2822 0.167816262047273
2823 0.167843149944756
2824 0.167807500282590
2825 0.167748099996189
2826 0.167688741799916
2827 0.167667222151157
2828 0.167626140113269
2829 0.167567671387657
2830 0.167508461516008
2831 0.167450975868165
2832 0.167480104428044
2833 0.167480781234826
2834 0.167435177275180
2835 0.167399107897412
2836 0.167340084224918
2837 0.167281099385750
2838 0.167224055262685
2839 0.167174821636609
2840 0.167121699319933
2841 0.167064000038583
2842 0.167347612390858
2843 0.167296740829776
2844 0.167288130425229
2845 0.167234234475541
2846 0.167192176384525
2847 0.167143388886535
2848 0.167094326858242
2849 0.167037015982148
2850 0.166991559441644
2851 0.166933207241990
2852 0.166874988622585
2853 0.166891003748961
2854 0.166879737055561
2855 0.166821640053299
2856 0.166812612268408
2857 0.166765936917742
2858 0.166707808919644
2859 0.166772756036948
2860 0.166950241813654
2861 0.166891909314059
2862 0.166946951198146
2863 0.166888639749621
2864 0.166833353828340
2865 0.166779287451270
2866 0.166814167092561
2867 0.166775246966464
2868 0.166717096798599
2869 0.166778285161416
2870 0.166720286164752
2871 0.166662215710284
2872 0.166604186341258
2873 0.166546198330488
2874 0.166529091079378
2875 0.166513013951849
2876 0.166456271642287
2877 0.166577358944680
2878 0.166588316927489
2879 0.166537657666374
2880 0.166479853216159
2881 0.166560097358896
2882 0.166552349102820
2883 0.166512090102895
2884 0.166500344311974
2885 0.166442631902408
2886 0.166385203523164
2887 0.166385837978983
2888 0.166414497160372
2889 0.166358566656711
2890 0.166305573917947
2891 0.166279532734640
2892 0.166222038707873
2893 0.166164584088562
2894 0.166422709426847
2895 0.166372008263659
2896 0.166502852038638
2897 0.166445786637554
2898 0.166388393378766
2899 0.166331048153372
2900 0.166569960957694
2901 0.166512545742528
2902 0.166475812533684
2903 0.166419219840912
2904 0.166651737828963
2905 0.166601504627815
2906 0.166544480103688
2907 0.166527259523874
2908 0.166469994764977
2909 0.166413344066379
2910 0.166466979372326
2911 0.166740552719012
2912 0.166685379757739
2913 0.166628161833971
2914 0.166591750676778
2915 0.166534603706732
2916 0.166477500642460
2917 0.166517157420650
2918 0.166460091923602
2919 0.166403065710999
2920 0.166492432419912
2921 0.166437679716380
2922 0.166381225659638
2923 0.166485566731987
2924 0.166428943129117
2925 0.166522159803897
2926 0.166671673083762
2927 0.166615616499489
2928 0.166560377661112
2929 0.166512021529027
2930 0.166607270062681
2931 0.166550541491400
2932 0.166498454867646
2933 0.166496726552366
2934 0.166439979796851
2935 0.166383492602412
2936 0.166326942387654
2937 0.166270543032459
2938 0.166406110706331
2939 0.166376366582830
2940 0.166336368494026
2941 0.166293756660624
2942 0.166250498204403
2943 0.166311877671887
2944 0.166255979288910
2945 0.166276062629540
2946 0.166222574732311
2947 0.166183016071374
2948 0.166194569449669
2949 0.166289772989284
2950 0.166236247468366
2951 0.166189328767937
2952 0.166134954493760
2953 0.166114329315920
2954 0.166394336489429
2955 0.166338032583213
2956 0.166429383052046
2957 0.166373134180018
2958 0.166323727577333
2959 0.166271613768719
2960 0.166218415934508
2961 0.166162287048188
2962 0.166106199732610
2963 0.166177344830313
2964 0.166130701801082
2965 0.166080749617287
2966 0.166155889978797
2967 0.166101014563646
2968 0.166047703625436
2969 0.166047743928910
2970 0.165999895692310
2971 0.165944715851144
2972 0.166019614448100
2973 0.166269317709543
2974 0.166257936771004
2975 0.166202057347120
2976 0.166232876399849
2977 0.166183390114188
2978 0.166361775067489
2979 0.166310968881619
2980 0.166255814003418
2981 0.166268124438875
2982 0.166212367238123
2983 0.166336610083172
2984 0.166289993069942
2985 0.166308105424697
2986 0.166511048037207
2987 0.166464142167240
2988 0.166408818416916
2989 0.166447619473779
2990 0.166581601081570
2991 0.166525906803310
2992 0.166470394166612
2993 0.166415169308261
2994 0.166360660029889
2995 0.166366571291848
2996 0.166314546151045
2997 0.166385294370276
2998 0.166347650663014
2999 0.166292185450020
3000 0.166238093512509
3001 0.166183245470813
3002 0.166127896255701
3003 0.166073336484939
3004 0.166074021701228
3005 0.166027924499314
3006 0.165972839680223
3007 0.165918588575153
3008 0.165998644672468
3009 0.165947787895144
3010 0.166196248924358
3011 0.166416515356946
3012 0.166402944234575
3013 0.166506289692129
3014 0.166451958176016
3015 0.166683982053803
3016 0.166633008229675
3017 0.166580902460012
3018 0.166525729233969
3019 0.166595171514104
3020 0.166646430556733
3021 0.166591310773240
3022 0.166563584114345
3023 0.166518196634163
3024 0.166487277513590
3025 0.166432764384727
3026 0.166471871239878
3027 0.166417194598020
3028 0.166470828478606
3029 0.166520459442831
3030 0.166596208088549
3031 0.166551976823419
3032 0.166781003569698
3033 0.166817974642051
3034 0.167001516712848
3035 0.167083470842300
3036 0.167056510909134
3037 0.167004073031715
3038 0.167118260392232
3039 0.167063620150238
3040 0.167011305464753
3041 0.166956385603268
3042 0.166901501987104
3043 0.166846760154319
3044 0.167037003313940
3045 0.167037634349370
3046 0.167002664730002
3047 0.166966941889339
3048 0.167095128573564
3049 0.167350439932834
3050 0.167296940428875
3051 0.167357891061936
3052 0.167351809137401
3053 0.167300833701266
3054 0.167258515620592
3055 0.167250036011847
3056 0.167197297235105
3057 0.167162154947069
3058 0.167119154534252
3059 0.167064801117350
3060 0.167303297253093
3061 0.167267342211426
3062 0.167212715424549
3063 0.167194964647739
3064 0.167196338385599
3065 0.167241360279601
3066 0.167196977432345
3067 0.167242973650413
3068 0.167273326334099
3069 0.167423995831367
3070 0.167374561038031
3071 0.167325664887519
3072 0.167285679629457
3073 0.167231919626976
3074 0.167177517571248
3075 0.167431989008699
3076 0.167617391646837
3077 0.167635463496213
3078 0.167697067442830
3079 0.167646337200771
3080 0.167616911517389
3081 0.167572161067139
3082 0.167517789835527
3083 0.167475812410320
3084 0.167425225759321
3085 0.167487798409331
3086 0.167443193365785
3087 0.167412964046291
3088 0.167508287783623
3089 0.167456294519603
3090 0.167636874494646
3091 0.167647910930239
3092 0.167641801393030
3093 0.167616523485001
3094 0.167578276227366
3095 0.167526122838829
3096 0.167728754512479
3097 0.167757740184281
3098 0.167726249136550
3099 0.167674241094569
3100 0.167785951645484
3101 0.167775502455580
3102 0.167724541120214
3103 0.167735389845281
3104 0.167682430021323
3105 0.167659321204537
3106 0.167605344533352
3107 0.167551560513744
3108 0.167501761858932
3109 0.167447981113787
3110 0.167408950271455
3111 0.167355154884647
3112 0.167579226291534
3113 0.167525902905972
3114 0.167472106403495
3115 0.167571949045712
3116 0.167518171141766
3117 0.167531130271530
3118 0.167478938037677
3119 0.167535576075951
3120 0.167628827264382
3121 0.167575117296257
3122 0.167521806920136
3123 0.167468804819896
3124 0.167658288189420
3125 0.167630427216518
3126 0.167588945036683
3127 0.167535427981123
3128 0.167482578310395
3129 0.167429111473771
3130 0.167423645020928
3131 0.167675944887057
3132 0.167622410729293
3133 0.167573371669912
3134 0.167525481834594
3135 0.167772096031404
3136 0.168002780403414
3137 0.167950071535238
3138 0.167993064037667
3139 0.168093215484781
3140 0.168072053280930
3141 0.168087429760111
3142 0.168070789314399
3143 0.168169702318293
3144 0.168198589430040
3145 0.168145787600050
3146 0.168092517761054
3147 0.168048721726457
3148 0.168077968423157
3149 0.168024594128130
3150 0.168142842470371
3151 0.168089480753406
3152 0.168042737881439
3153 0.167990840625789
3154 0.168233790457484
3155 0.168187653056240
3156 0.168140284683835
3157 0.168104773977652
3158 0.168325583437684
3159 0.168272377721838
3160 0.168255050242178
3161 0.168205245213155
3162 0.168214729318402
3163 0.168297400719991
3164 0.168263986421146
3165 0.168455992716891
3166 0.168403066103380
3167 0.168351203138991
3168 0.168314654887908
3169 0.168261843285767
3170 0.168208766177454
3171 0.168157312382653
3172 0.168143814654691
3173 0.168193396134357
3174 0.168218038059012
3175 0.168306834422668
3176 0.168253841087250
3177 0.168201005299935
3178 0.168148097914322
3179 0.168128032357417
3180 0.168154571941600
3181 0.168101710185429
3182 0.168068682380782
3183 0.168028121677767
3184 0.167983020976324
3185 0.167932667107065
3186 0.167879958961022
3187 0.167877566717839
3188 0.168045694716465
3189 0.168247669876994
3190 0.168203357815645
3191 0.168150658137581
3192 0.168097985137424
3193 0.168087619039679
3194 0.168057723974722
3195 0.168024536752962
3196 0.167972144341279
3197 0.167920275505428
3198 0.167867767610112
3199 0.167815599761581
3200 0.167763238553806
3201 0.167727139067322
3202 0.167720647010254
3203 0.167714500373531
3204 0.167968255157169
3205 0.167915846965233
3206 0.167868812124297
3207 0.167948299250361
3208 0.168042682416416
3209 0.168155892524918
3210 0.168118898701221
3211 0.168067264650877
3212 0.168231229530638
3213 0.168219245927129
3214 0.168167036027494
3215 0.168143343802369
3216 0.168163501636155
3217 0.168113198646271
3218 0.168061183365336
3219 0.168009383813727
3220 0.167957212738075
3221 0.167905069339317
3222 0.167852968118672
3223 0.167813933183917
3224 0.167926437429702
3225 0.167928123629186
3226 0.168046278949514
3227 0.168042581085275
3228 0.167990525898653
3229 0.167938500340927
3230 0.167898806024372
3231 0.167847204539220
3232 0.167827663409366
3233 0.167776554212728
3234 0.167727868001569
3235 0.167894989245003
3236 0.168084367499187
3237 0.168032450259346
3238 0.168244526242564
3239 0.168198132132655
3240 0.168185596428980
3241 0.168207926426278
3242 0.168221026390948
3243 0.168175899926982
3244 0.168368649949717
3245 0.168316893824058
3246 0.168265104290554
3247 0.168213299526697
3248 0.168436285258650
3249 0.168384442779523
3250 0.168400613824096
3251 0.168538505746662
3252 0.168530758050378
3253 0.168479179974482
3254 0.168427404219201
3255 0.168375660564978
3256 0.168391681572852
3257 0.168350260998339
3258 0.168302953025178
3259 0.168251326070584
3260 0.168431778572991
3261 0.168502159682884
3262 0.168493699257575
3263 0.168459250955721
3264 0.168415962077125
3265 0.168364397945072
3266 0.168360903376076
3267 0.168316077928169
3268 0.168265739892660
3269 0.168214308270003
3270 0.168344966270314
3271 0.168293592706613
3272 0.168242158238481
3273 0.168221398161455
3274 0.168170047124698
3275 0.168167309879190
3276 0.168137781199197
3277 0.168178604791087
3278 0.168236241598055
3279 0.168384643626274
3280 0.168344291542449
3281 0.168292982886606
3282 0.168256602844474
3283 0.168207046497994
3284 0.168242865663798
3285 0.168192591641266
3286 0.168142713314432
3287 0.168245372536258
3288 0.168239784769627
3289 0.168269308312323
3290 0.168218162626179
3291 0.168181373007360
3292 0.168136062392911
3293 0.168086678844638
3294 0.168088831183051
3295 0.168037858652842
3296 0.168021045880966
3297 0.167970092110699
3298 0.167920939265731
3299 0.167879755067096
3300 0.167988697295980
3301 0.167937807052564
3302 0.167887053246290
3303 0.167878474609057
3304 0.167827678048661
3305 0.167779184347532
3306 0.167741007848348
3307 0.167716881992904
3308 0.167847102188652
3309 0.167878572063127
3310 0.167828127735094
3311 0.167777450679229
3312 0.167752443153355
3313 0.167898833682919
3314 0.168042711969158
3315 0.168000651067337
3316 0.167968934510760
3317 0.167918318482613
3318 0.167870329385548
3319 0.167819761913965
3320 0.167769224032210
3321 0.167722960577958
3322 0.167916439259485
3323 0.167894920104818
3324 0.167867950471898
3325 0.167817465386269
3326 0.168034639846650
3327 0.167984133492872
3328 0.167944684649715
3329 0.167895146540351
3330 0.167844955617639
3331 0.167802176277797
3332 0.167751815722782
3333 0.167701527666230
3334 0.167651556976069
3335 0.167601728274157
3336 0.167782061119431
3337 0.167982444206089
3338 0.168088635232307
3339 0.168217585538343
3340 0.168362572810170
3341 0.168312183920153
3342 0.168265346522248
3343 0.168337268195270
3344 0.168323515287526
3345 0.168441612024190
3346 0.168391363100838
3347 0.168356614954104
3348 0.168307253579473
3349 0.168257226538946
3350 0.168261934654809
3351 0.168237682394861
3352 0.168187589404928
3353 0.168303280059322
3354 0.168377517664356
3355 0.168328162621800
3356 0.168333550189970
3357 0.168297698110504
3358 0.168247628106888
3359 0.168216401068664
3360 0.168169266729207
3361 0.168168819974151
3362 0.168119001476269
3363 0.168119537624133
3364 0.168085334832768
3365 0.168035383771741
3366 0.167986511984670
3367 0.167936620236512
3368 0.167951190911993
3369 0.167907616354954
3370 0.167857814123247
3371 0.167808029990004
3372 0.167758317832596
3373 0.167791324006032
3374 0.167757037729128
3375 0.167707842358504
3376 0.167821015216696
3377 0.167778741987900
3378 0.167729401593621
3379 0.167825122700953
3380 0.167780591431586
3381 0.167731453059481
3382 0.167682143801646
3383 0.167645399111875
3384 0.167631540009142
3385 0.167584116222794
3386 0.167534623021009
3387 0.167748915712242
3388 0.167736450798006
3389 0.167755947802472
3390 0.167707264303230
3391 0.167663421944647
3392 0.167640496177581
3393 0.167699039789907
3394 0.167649815037515
3395 0.167696946857396
3396 0.167647569294936
3397 0.167599178513418
3398 0.167789142442815
3399 0.167740358453649
3400 0.167698049741199
3401 0.167651220141472
3402 0.167693057767081
3403 0.167643780270193
3404 0.167645628715101
3405 0.167861442894674
3406 0.167926627060828
3407 0.167880625682565
3408 0.167831365120678
3409 0.167944264522417
3410 0.167895014004963
3411 0.167878400517789
3412 0.167829518161985
3413 0.167780344586209
3414 0.167941341757493
3415 0.167892564615148
3416 0.167984189116248
3417 0.168109216412963
3418 0.168072629638062
3419 0.168028305486988
3420 0.168029739042956
3421 0.168029663072726
3422 0.167980560308204
3423 0.167937672504404
3424 0.168052220329191
3425 0.168051044632571
3426 0.168004831809047
3427 0.167964095828854
3428 0.167915099400669
3429 0.167866130554697
3430 0.167951278804046
3431 0.168121048112625
3432 0.168090042970403
3433 0.168271861635279
3434 0.168352893539912
3435 0.168506428826364
3436 0.168611369536826
3437 0.168574610897551
3438 0.168531586638452
3439 0.168482593105303
3440 0.168455562550342
3441 0.168406607154641
3442 0.168378510173693
3443 0.168330736929509
3444 0.168299389488082
3445 0.168250537157998
3446 0.168448796283755
3447 0.168405173365837
3448 0.168359991367086
3449 0.168316990811512
3450 0.168270967946835
3451 0.168222207932263
3452 0.168185827059699
3453 0.168138020557695
3454 0.168149145334688
3455 0.168151798377178
3456 0.168105559875523
3457 0.168069962026015
3458 0.168023074088878
3459 0.167974510028344
3460 0.167930336670455
3461 0.167910215294128
3462 0.167890844105409
3463 0.167842362775895
3464 0.167800407307550
3465 0.167821646371821
3466 0.167773227569295
3467 0.167993768717209
3468 0.168006247689675
3469 0.168172382149303
3470 0.168376642110973
3471 0.168455481707983
3472 0.168466217623370
3473 0.168432036157290
3474 0.168427267483777
3475 0.168661752119024
3476 0.168843833078863
3477 0.168870835987356
3478 0.168822564207769
3479 0.168964627646456
3480 0.169021496048800
3481 0.169044548138359
3482 0.169020677331421
3483 0.168979252616498
3484 0.169130910178469
3485 0.169083144900258
3486 0.169034641966567
3487 0.168986179728815
3488 0.168937731857242
3489 0.168932884164964
3490 0.168954425679863
3491 0.168925756147144
3492 0.168877918161017
3493 0.168831857548244
3494 0.168783537338391
3495 0.168790512566697
3496 0.168756283244809
3497 0.168708391201048
3498 0.168669113250386
3499 0.168620947110175
3500 0.168572781606758
3501 0.168585129040572
3502 0.168804540354351
3503 0.168791885353416
3504 0.168743714711346
3505 0.168696516689107
3506 0.168652566469377
3507 0.168605118255208
3508 0.168818256520573
3509 0.168770173741609
3510 0.168733924035749
3511 0.168685865591601
3512 0.168717937270144
3513 0.168669975580142
3514 0.168647617247248
3515 0.168666010831918
3516 0.168645111967878
3517 0.168608306673585
3518 0.168560415101536
3519 0.168512516823650
3520 0.168473242066242
3521 0.168427068718929
3522 0.168416111584357
3523 0.168514603553706
3524 0.168688783792234
3525 0.168643676052479
3526 0.168596167897581
3527 0.168568775115025
3528 0.168717656441438
3529 0.168773263594459
3530 0.168725453474401
3531 0.168677669640398
3532 0.168632935785160
3533 0.168589665471498
3534 0.168541960898354
3535 0.168630554634205
3536 0.168582967339640
3537 0.168535304675591
3538 0.168494901481976
3539 0.168452559085567
3540 0.168404973616899
3541 0.168357509000269
3542 0.168367898919982
3543 0.168531664835956
3544 0.168504978884978
3545 0.168459561495089
3546 0.168412055800651
3547 0.168475521821950
3548 0.168509512646484
3549 0.168462367407468
3550 0.168414994447246
3551 0.168368992113372
3552 0.168332941124378
3553 0.168317295497276
3554 0.168274041353074
3555 0.168226728984345
3556 0.168214239617717
3557 0.168244078526533
3558 0.168197147185117
3559 0.168152208500373
3560 0.168125463008779
3561 0.168081999777104
3562 0.168116040444123
3563 0.168172938151486
3564 0.168239134165291
3565 0.168293091245803
3566 0.168245943643204
3567 0.168198827613439
3568 0.168201890710577
3569 0.168155389557303
3570 0.168158849111520
3571 0.168210250404524
3572 0.168426550937261
3573 0.168454498569924
3574 0.168645156456950
3575 0.168770625487745
3576 0.168723459044071
3577 0.168857562768962
3578 0.168817213477636
3579 0.168778420922137
3580 0.168766718226086
3581 0.168719589849037
3582 0.168769136619390
3583 0.168722046289777
3584 0.168768762734496
3585 0.168722245308300
3586 0.168676381141511
3587 0.168634242375414
3588 0.168604098238585
3589 0.168557120223238
3590 0.168537653591138
3591 0.168586085738893
3592 0.168540534620048
3593 0.168763647876361
3594 0.168760608355148
3595 0.168726914033419
3596 0.168703953341877
3597 0.168742391786860
3598 0.168695502263033
3599 0.168648696512795
3600 0.168601906408061
3601 0.168583957975282
3602 0.168537155100444
3603 0.168495420794672
3604 0.168587531086925
3605 0.168540766168787
3606 0.168573123402614
3607 0.168734334543504
3608 0.168687567826224
3609 0.168698621379099
3610 0.168775076293823
3611 0.168828689715990
3612 0.169001298272709
3613 0.168954556136611
3614 0.169016084192828
3615 0.169002362992430
3616 0.168955706480929
3617 0.168959180388608
3618 0.168955506515743
3619 0.168970843344911
3620 0.168947605553394
3621 0.168900947833048
3622 0.168857101912707
3623 0.168811061376271
3624 0.168764504799487
3625 0.168725233341777
3626 0.168712046988685
3627 0.168677603862837
3628 0.168665308207982
3629 0.168634130207324
3630 0.168629976085122
3631 0.168596893670762
3632 0.168607231481358
3633 0.168560933813276
3634 0.168597417458132
3635 0.168551800513385
3636 0.168720822706771
3637 0.168693926785180
3638 0.168647556821798
3639 0.168607731067202
3640 0.168561414358777
3641 0.168532261764454
3642 0.168489452329254
3643 0.168557910510503
3644 0.168511892942626
3645 0.168465804479454
3646 0.168502769164501
3647 0.168473924702462
3648 0.168459476740004
3649 0.168525311221226
3650 0.168550594843799
3651 0.168615445702151
3652 0.168583699776030
3653 0.168537550784313
3654 0.168491426726325
3655 0.168447126775879
3656 0.168401809337558
3657 0.168358251519802
3658 0.168459341125958
3659 0.168413301404465
3660 0.168508463585482
3661 0.168467664200403
3662 0.168459795811409
3663 0.168416593023039
3664 0.168373949656868
3665 0.168330349357361
3666 0.168289043649345
3667 0.168246349589244
3668 0.168304178401358
3669 0.168258324530068
3670 0.168374426093387
3671 0.168573343802483
3672 0.168531902281600
3673 0.168486091210090
3674 0.168441644096507
3675 0.168604396970853
3676 0.168558557609156
3677 0.168648288164020
3678 0.168676659694214
3679 0.168630811198419
3680 0.168585968349705
3681 0.168540202989282
3682 0.168494438719341
3683 0.168456800943032
3684 0.168588849034107
3685 0.168557800127170
3686 0.168641843762073
3687 0.168596153331539
3688 0.168742478623096
3689 0.168696788462761
3690 0.168651072143869
3691 0.168664015056718
3692 0.168619088124382
3693 0.168790499964211
3694 0.168779143446136
3695 0.168749913265168
3696 0.168704340562014
3697 0.168825772331039
3698 0.168817919324756
3699 0.168794256237943
3700 0.168749758354864
3701 0.168758025817825
3702 0.168894271070693
3703 0.168848660951582
3704 0.168819809143356
3705 0.168799094062075
3706 0.168754917302922
3707 0.168711706218851
3708 0.168701345475977
3709 0.168678258831524
3710 0.168632794103361
3711 0.168608229431237
3712 0.168567908340542
3713 0.168548529523392
3714 0.168626545459239
3715 0.168585402802371
3716 0.168540043228245
3717 0.168521594079731
3718 0.168476617288113
3719 0.168451469055525
3720 0.168407960743107
3721 0.168362703422721
3722 0.168335102666908
3723 0.168289888342418
3724 0.168292352894832
3725 0.168253901232015
3726 0.168265780934028
3727 0.168440732628933
3728 0.168512123753069
3729 0.168466934476480
3730 0.168491557310958
3731 0.168448247029754
3732 0.168403111944247
3733 0.168362029328445
3734 0.168362892848786
3735 0.168317815769074
3736 0.168272762892635
3737 0.168227740658729
3738 0.168188319180627
3739 0.168149298449076
3740 0.168104338764420
3741 0.168059770035580
3742 0.168015017737459
3743 0.168034049571592
3744 0.167992353174336
3745 0.167990547973826
3746 0.167945705605065
3747 0.167917770202310
3748 0.167878091987790
3749 0.167842370931423
3750 0.167813236537927
3751 0.167772889888996
3752 0.167853498898609
3753 0.167910530950903
3754 0.168092736332586
3755 0.168275784824415
3756 0.168230982964889
3757 0.168186864647832
3758 0.168236355887000
3759 0.168236073376016
3760 0.168191934162364
3761 0.168149618389318
3762 0.168117615256881
3763 0.168072972535169
3764 0.168250483792567
3765 0.168438484993314
3766 0.168443792869649
3767 0.168420217919462
3768 0.168381256600362
3769 0.168336959365603
3770 0.168325199225692
3771 0.168494032235967
3772 0.168679897393689
3773 0.168635190292392
3774 0.168633501854834
3775 0.168589824770351
3776 0.168556744646126
3777 0.168512551091902
3778 0.168485375282195
3779 0.168440794352417
3780 0.168396792764455
3781 0.168481012925064
3782 0.168475413957631
3783 0.168431922661738
3784 0.168387428073981
3785 0.168378341561971
3786 0.168389326700922
3787 0.168346422217989
3788 0.168302197846393
3789 0.168258032431617
3790 0.168213637253412
3791 0.168180261873601
3792 0.168135910538970
3793 0.168093097997530
3794 0.168056641817661
3795 0.168126505307745
3796 0.168082374255046
3797 0.168047158654342
3798 0.168002932722255
3799 0.167981867006228
3800 0.167968914485842
3801 0.167967950403336
3802 0.167955822983679
3803 0.167911669167380
3804 0.167869373570985
3805 0.167826379293521
3806 0.167782285732991
3807 0.167744218271737
3808 0.167700175212471
3809 0.167792925692459
3810 0.167751519833818
3811 0.167833445218459
3812 0.167789435801936
3813 0.167827777357374
3814 0.167784107274684
3815 0.167768090330836
3816 0.167725300698500
3817 0.167686876422115
3818 0.167645399751139
3819 0.167609604768512
3820 0.167566202607973
3821 0.167536738643980
3822 0.167570638585659
3823 0.167714839828578
3824 0.167770483775009
3825 0.167750976347679
3826 0.167712683506082
3827 0.167689682510399
3828 0.167663522782311
3829 0.167620978979001
3830 0.167582254306040
3831 0.167552806829778
3832 0.167513769448271
3833 0.167673755367125
3834 0.167638078187523
3835 0.167594365520461
3836 0.167551141427956
3837 0.167509769132731
3838 0.167466124162075
3839 0.167436291567925
3840 0.167392776655366
3841 0.167358936585630
3842 0.167391681422593
3843 0.167355294822328
3844 0.167528347889836
3845 0.167592028379017
3846 0.167631181386548
3847 0.167587607045249
3848 0.167587792319195
3849 0.167793942024188
3850 0.167781835061296
3851 0.167792416762900
3852 0.167748861495956
3853 0.167710907182613
3854 0.167682696148378
3855 0.167647694991993
3856 0.167643826509464
3857 0.167600757373971
3858 0.167566155678407
3859 0.167758406876248
3860 0.167829031730426
3861 0.167981031833954
3862 0.167937536909609
3863 0.168084794430874
3864 0.168054268544854
3865 0.168010787497026
3866 0.167969766878693
3867 0.167926580295352
3868 0.167891524792228
3869 0.167852069869641
3870 0.167816362558561
3871 0.167796002974392
3872 0.167759735861674
3873 0.167905254533783
3874 0.167861959780526
3875 0.167970856642414
3876 0.167927638085603
3877 0.167909877723632
3878 0.167866585266147
3879 0.167823797642761
3880 0.167834442672627
3881 0.167791597090066
3882 0.167748374279072
3883 0.167705200441268
3884 0.167819383335975
3885 0.167999570746427
3886 0.168019129601261
3887 0.167975903689420
3888 0.168168023352273
3889 0.168143946324189
3890 0.168103001340845
3891 0.168063619279280
3892 0.168043244640414
3893 0.168087761610412
3894 0.168222999303495
3895 0.168360645574070
3896 0.168565305852905
3897 0.168522050712941
3898 0.168479432866438
3899 0.168436587872430
3900 0.168394606580872
3901 0.168377504148799
3902 0.168371802420958
3903 0.168387882229618
3904 0.168344750629637
3905 0.168316460906797
3906 0.168273545639968
3907 0.168245620576620
3908 0.168203022169844
3909 0.168178387188366
3910 0.168280548593156
3911 0.168238318640860
3912 0.168195322530012
3913 0.168152487580728
3914 0.168133049763016
3915 0.168158697635670
3916 0.168131968200743
3917 0.168090754936956
3918 0.168047878897999
3919 0.168105892619431
3920 0.168121795839512
3921 0.168198318575057
3922 0.168155458622801
3923 0.168277427337069
3924 0.168240127689782
3925 0.168221411210486
3926 0.168390602726323
3927 0.168511526154706
3928 0.168513479590594
3929 0.168476984037607
3930 0.168502703456803
3931 0.168678608303378
3932 0.168635709392355
3933 0.168700093746713
3934 0.168675461224265
3935 0.168882729720289
3936 0.168841242320922
3937 0.168855681755559
3938 0.168812823825973
3939 0.168769967810526
3940 0.168750679911589
3941 0.168707995688363
3942 0.168675268209877
3943 0.168746560357497
3944 0.168703776105300
3945 0.168661188991993
3946 0.168618446673451
3947 0.168580590369378
3948 0.168537979084674
3949 0.168651213287225
3950 0.168608977280463
3951 0.168695894775954
3952 0.168655195928420
3953 0.168638554230501
3954 0.168598969324464
3955 0.168556340576544
3956 0.168513837300663
3957 0.168472093743267
3958 0.168440914523412
3959 0.168400452761117
3960 0.168392855657987
3961 0.168417582272701
3962 0.168387516014346
3963 0.168384571068030
3964 0.168343362983999
3965 0.168409413523717
3966 0.168366956706114
3967 0.168324838455234
3968 0.168313201846579
3969 0.168327482332785
3970 0.168468037202925
3971 0.168433990456746
3972 0.168391703018639
3973 0.168355376922662
3974 0.168313012711056
3975 0.168271658343476
3976 0.168233357177726
3977 0.168191062408550
3978 0.168186805392750
3979 0.168151306832677
3980 0.168251520100158
3981 0.168209421890277
3982 0.168186875186429
3983 0.168144649072427
3984 0.168103601089528
3985 0.168061421760366
3986 0.168048138335069
3987 0.168009366712938
3988 0.168002681891688
3989 0.167962778198541
3990 0.168071251798360
3991 0.168072824479798
3992 0.168030780056864
3993 0.167989006364848
3994 0.167950183374085
3995 0.167998597972162
3996 0.168027485106542
3997 0.167999357545024
3998 0.167975883267466
3999 0.167964881876619
4000 0.167922893222664
4001 0.167880923011400
4002 0.167838973755288
4003 0.167797046787465
4004 0.167839925008769
4005 0.167842337989603
4006 0.167800500211194
4007 0.167758623439806
4008 0.167716781072838
4009 0.167674946006472
4010 0.167650620708229
4011 0.167754647349715
4012 0.167723069128723
4013 0.167898290082496
4014 0.167859718700629
4015 0.167818084118774
4016 0.167776915025105
4017 0.167939094092510
4018 0.167897576919242
4019 0.167855807256475
4020 0.167823229239880
4021 0.167781493483250
4022 0.167742661820909
4023 0.167701254722601
4024 0.167704572414226
4025 0.167674335342638
4026 0.167721228636316
4027 0.167694312371059
4028 0.167899015527474
4029 0.167897787893151
4030 0.167856127211093
4031 0.167936903984870
4032 0.167895302647232
4033 0.167854979002290
4034 0.167852610430507
4035 0.167851136433078
4036 0.167812523532686
4037 0.167818538880926
4038 0.167776979690217
4039 0.167900260012267
4040 0.167884555631862
4041 0.167855324884754
4042 0.167887594836590
4043 0.167846702729300
4044 0.167992684501195
4045 0.167951154656115
4046 0.167991677567141
4047 0.167968911068360
4048 0.167927810084506
4049 0.167886382141894
4050 0.167873447724876
4051 0.167903027071082
4052 0.167875891821102
4053 0.168000250239473
4054 0.168105964523609
4055 0.168067776904628
4056 0.168119376205703
4057 0.168078387235318
4058 0.168068950075032
4059 0.168033131425221
4060 0.168138527084225
4061 0.168098491356506
4062 0.168057108785307
4063 0.168015745972417
4064 0.167990434950610
4065 0.168150033657700
4066 0.168108680912844
4067 0.168087224101946
4068 0.168073496564290
4069 0.168033775744203
4070 0.167996445366398
4071 0.167956285997508
4072 0.167925110252303
4073 0.167883884480636
4074 0.167872705618348
4075 0.167855267693387
4076 0.167814086322680
4077 0.167774560789105
4078 0.167733419513501
4079 0.167714661267461
4080 0.167673706405254
4081 0.167640117428977
4082 0.167599049296347
4083 0.167651416231726
4084 0.167610493438493
4085 0.167569462802939
4086 0.167607471157144
4087 0.167732307362880
4088 0.167759621091151
4089 0.167719244736737
4090 0.167678237587591
4091 0.167855506034100
4092 0.167905876552976
4093 0.167864857942929
4094 0.167960245148531
4095 0.167923726613673
4096 0.167917832802257
