1 0.012241542339325
2 0.007511228322983
3 0.005009969075521
4 0.004159808158875
5 0.067216575145721
6 0.207538674275080
7 0.179467201232910
8 0.199053227901459
9 0.205617606639862
10 0.187672346830368
11 0.242743968963623
12 0.261071523030599
13 0.241044883544628
14 0.223966900791441
15 0.209178574879964
16 0.198820650577545
17 0.187129984883701
18 0.181902577479680
19 0.202644297951146
20 0.196478772163391
21 0.192936599254608
22 0.185177995399995
23 0.177128667416780
24 0.169748326142629
25 0.166584441661835
26 0.168880579563288
27 0.177529705895318
28 0.171212026051113
29 0.190642996080991
30 0.187079570690791
31 0.207958206053703
32 0.210610687732697
33 0.223199907577399
34 0.229835066725226
35 0.230918393816267
36 0.235860334502326
37 0.230279985311869
38 0.229728408549961
39 0.239454831832494
40 0.234290063381195
41 0.229012912366448
42 0.242214002779552
43 0.240466816480770
44 0.236439228057861
45 0.239302496115367
46 0.243271463591120
47 0.247212521573330
48 0.261464814345042
49 0.262211161000388
50 0.256976474523544
51 0.253809554904115
52 0.248931747216445
53 0.244268425230710
54 0.253528143520708
55 0.254149454290217
56 0.254136264324188
57 0.249684905796720
58 0.245601969546285
59 0.242251824524443
60 0.244203138351440
61 0.242603902934028
62 0.238694874509688
63 0.237790387774271
64 0.234452307224274
65 0.232551753520966
66 0.229931342782396
67 0.226791780386398
68 0.224184646325953
69 0.232728604821191
70 0.229553446599415
71 0.227807528536085
72 0.236376119984521
73 0.242688782411079
74 0.241619408936114
75 0.238470236460368
76 0.235332639593827
77 0.232786109695187
78 0.230477754122172
79 0.228248916094816
80 0.228116953372955
81 0.225611135547544
82 0.227098978874160
83 0.224369497184294
84 0.225436511493865
85 0.227670405191534
86 0.226766480262889
87 0.224426488766725
88 0.222070916132493
89 0.223416780487875
90 0.227986263566547
91 0.236088108230423
92 0.233934018922889
93 0.231456617514292
94 0.232451240433023
95 0.230078200290078
96 0.235636850198110
97 0.233219699146821
98 0.230839945223867
99 0.235738446014096
100 0.243148512840271
101 0.242466807955562
102 0.245978677389668
103 0.243599576857484
104 0.243040905548976
105 0.242002388976869
106 0.239767247213508
107 0.242325510934135
108 0.242606286649351
109 0.248620868276019
110 0.246360678564418
111 0.244141213528745
112 0.242065216813769
113 0.246768547897845
114 0.244913805472223
115 0.245857512432596
116 0.243981891664965
117 0.242333358679062
118 0.240312014090813
119 0.244628377321388
120 0.248323365052541
121 0.246552768325017
122 0.245463349291536
123 0.245343026106920
124 0.250520344703428
125 0.252273944377899
126 0.250513973217162
127 0.252826071160985
128 0.252074658870697
129 0.253142040367274
130 0.253217199674019
131 0.252354687406817
132 0.252223964893457
133 0.250374072924592
134 0.249274242724945
135 0.250223279882360
136 0.248438186505262
137 0.246643422728907
138 0.248522987832194
139 0.247290374563752
140 0.245670046125140
141 0.245383137084068
142 0.245374386998969
143 0.245397971226619
144 0.247982137733036
145 0.247375884138305
146 0.251612102740431
147 0.250149467364460
148 0.253888636022001
149 0.258817752335696
150 0.260271215041478
151 0.259562561843569
152 0.258716435808884
153 0.262615423186932
154 0.260918624602355
155 0.259322563294441
156 0.258949762735611
157 0.257715252174693
158 0.261299172156974
159 0.260196682792040
160 0.258598053455353
161 0.257270837792699
162 0.255798435137596
163 0.254247642002223
164 0.252783970135014
165 0.254456054441857
166 0.252928150346480
167 0.251665223858314
168 0.253452922616686
169 0.254568354970605
170 0.253512568684185
171 0.252030804840445
172 0.254781845004060
173 0.253366439673253
174 0.252000109560188
175 0.250653645651681
176 0.249844437295740
177 0.248459660737528
178 0.248149358489540
179 0.251659995350758
180 0.251210024621752
181 0.251145834092936
182 0.250134302692099
183 0.248789896730517
184 0.247450509796972
185 0.247136374744209
186 0.247937003451009
187 0.250051587660682
188 0.248771449352833
189 0.247455306469448
190 0.247089639149214
191 0.245797509298275
192 0.247076094150543
193 0.250679550702090
194 0.253028909877404
195 0.254068247477214
196 0.256099211926363
197 0.255213008616781
198 0.255799343790671
199 0.259137997076140
200 0.258283841609955
201 0.257286580344338
202 0.256013394287317
203 0.256272520337786
204 0.255719297072467
205 0.257361511777087
206 0.259364231986907
207 0.261391139836703
208 0.260139488256895
209 0.261280535225663
210 0.260076251200267
211 0.259778113161783
212 0.258580111107736
213 0.257436091631231
214 0.256233261845936
215 0.257292760804642
216 0.258116388762439
217 0.256963348333737
218 0.255997522981889
219 0.255360161332779
220 0.256854642521251
221 0.256948542001560
222 0.255820808915405
223 0.256155790234895
224 0.255329157624926
225 0.255180851353539
226 0.254658320045049
227 0.253807009054176
228 0.253216766474540
229 0.252111894855333
230 0.251192360079807
231 0.251029097156607
232 0.249948573523554
233 0.248875839771631
234 0.249108400864479
235 0.248164158679069
236 0.247126474218853
237 0.246507557887065
238 0.245997021929557
239 0.245503112362020
240 0.246078296502431
241 0.245360205034992
242 0.246693099579535
243 0.245714419172625
244 0.246842855312785
245 0.248533250604357
246 0.248671828004403
247 0.247944410995916
248 0.247170842462970
249 0.248426870888017
250 0.251248577833176
251 0.250253379107471
252 0.249648930534484
253 0.248746496651012
254 0.249878900022957
255 0.249023203756295
256 0.248050689697266
257 0.247133144376807
258 0.246186042709868
259 0.245235546215160
260 0.244298522288983
261 0.244586434629228
262 0.247122933618895
263 0.246225273654488
264 0.246565918127696
265 0.246609566121731
266 0.245780827183472
267 0.247832060753183
268 0.248633712085325
269 0.247712119139703
270 0.246801900642890
271 0.245899096626197
272 0.245154805043164
273 0.244257092694223
274 0.243705193274213
275 0.244913520812988
276 0.244313594223796
277 0.243872365151071
278 0.243075152738489
279 0.242204071373068
280 0.241339058535440
281 0.240802802861373
282 0.240751317840941
283 0.241322539299200
284 0.240475046802574
285 0.242209205083680
286 0.241655117773510
287 0.243720142683501
288 0.243890689478980
289 0.245213057136866
290 0.245915064935026
291 0.245990104282025
292 0.246547769193780
293 0.245806607573512
294 0.245682503698634
295 0.246914288149042
296 0.246191145600499
297 0.245422579021968
298 0.247228069393427
299 0.246960032345061
300 0.246347675323486
301 0.246742820224889
302 0.247322728104939
303 0.247920676819956
304 0.250168709378493
305 0.250325650660718
306 0.249509151270187
307 0.249007374145309
308 0.248199439668036
309 0.247401951779054
310 0.249004826814898
311 0.249129249351968
312 0.249142972322611
313 0.248348294546048
314 0.247598378331798
315 0.246964553045848
316 0.247320141973375
317 0.247002569846926
318 0.246226599943713
319 0.246024360477364
320 0.245331013202667
321 0.244912275829791
322 0.244336786292355
323 0.243640946899036
324 0.243041767014398
325 0.244797693215884
326 0.244078889032083
327 0.243655385591933
328 0.245487979272517
329 0.246860965588173
330 0.246608523708401
331 0.245879892136035
332 0.245139328830213
333 0.244521042069157
334 0.243946830491106
335 0.243381017713404
336 0.243304562001001
337 0.242657206355641
338 0.242967730266808
339 0.242252639612969
340 0.242463657435249
341 0.242970560128388
342 0.242698520073417
343 0.242058545437916
344 0.241404701110929
345 0.241695855147597
346 0.242831619316443
347 0.244913528563310
348 0.244318696274154
349 0.243628773614124
350 0.243861123323441
351 0.243186340712414
352 0.244665097106587
353 0.243975318356209
354 0.243286133317624
355 0.244617134416607
356 0.246673673726200
357 0.246470936039249
358 0.247460339821917
359 0.246773629467467
360 0.246603418721093
361 0.246291488656707
362 0.245625151290419
363 0.246363102568739
364 0.246435317364368
365 0.248220962204345
366 0.247542762854060
367 0.246868259575451
368 0.246229024037071
369 0.247658055487687
370 0.247084190233334
371 0.247370863860508
372 0.246781924719452
373 0.246257317769304
374 0.245609075468492
375 0.246964675903320
376 0.248137713746822
377 0.247569924482300
378 0.247215622158908
379 0.247171949270847
380 0.248856577120329
381 0.249436271941568
382 0.248863186355661
383 0.249634171279230
384 0.249392012755076
385 0.249756622778905
386 0.249790706010680
387 0.249507598482669
388 0.249470463733083
389 0.248845059798125
390 0.248471089968315
391 0.248800816743270
392 0.248185127365346
393 0.247560115715930
394 0.248216113917114
395 0.247783135764207
396 0.247209048030352
397 0.247103271766634
398 0.247095827930537
399 0.247099966034853
400 0.248026010990143
401 0.247806682699636
402 0.249344138215430
403 0.248816248796714
404 0.250189343301376
405 0.252011905334614
406 0.252565662115078
407 0.252321679117639
408 0.252024202954535
409 0.253499110782642
410 0.252884011588446
411 0.252301639594011
412 0.252177523177804
413 0.251724627491348
414 0.253106873824401
415 0.252704214762492
416 0.252107368065761
417 0.251610507067445
418 0.251053404437298
419 0.250461437252655
420 0.249898923011053
421 0.250561105808566
422 0.249969311658805
423 0.249477704366048
424 0.250191197080432
425 0.250642420123605
426 0.250230312767163
427 0.249644599977087
428 0.250755733418687
429 0.250194337123480
430 0.249648827037146
431 0.249107574365532
432 0.248781475755903
433 0.248217867235664
434 0.248091157542945
435 0.249535898230542
436 0.249355002280769
437 0.249332660259317
438 0.248916483224799
439 0.248358832948029
440 0.247799705375325
441 0.247667133537820
442 0.248002848878705
443 0.248895312539611
444 0.248355876218091
445 0.247797819067923
446 0.247641273544508
447 0.247087921338860
448 0.247633005891527
449 0.249180690084640
450 0.250196855730481
451 0.250652516231833
452 0.251540756858556
453 0.251165428830035
454 0.251430058663112
455 0.252899863693740
456 0.252538914220375
457 0.252112864795868
458 0.251562624909472
459 0.251686924163552
460 0.251451550359311
461 0.252191076956188
462 0.253095256172733
463 0.254014994619217
464 0.253469806292961
465 0.253997007364868
466 0.253469934151408
467 0.253349375673739
468 0.252820427601154
469 0.252313143027617
470 0.251776371484107
471 0.252269469502119
472 0.252657026557599
473 0.252139583828585
474 0.251705562389350
475 0.251420740830271
476 0.252119743523477
477 0.252173174727138
478 0.251659406154226
479 0.251824045479920
480 0.251447308063507
481 0.251386004401344
482 0.251148873221330
483 0.250756040616559
484 0.250484296113006
485 0.249968248421384
486 0.249537488437974
487 0.249463445596871
488 0.248952962335993
489 0.248443859364601
490 0.248555800744465
491 0.248104997662080
492 0.247607366825507
493 0.247308859597839
494 0.247061270813228
495 0.246820647307117
496 0.247096305893313
497 0.246746048241314
498 0.247390977230417
499 0.246912986816529
500 0.247461266517639
501 0.248286672575983
502 0.248355072214309
503 0.247998501150082
504 0.247617748994676
505 0.248236173096270
506 0.249630673954138
507 0.249141173014744
508 0.248843517829114
509 0.248396542662488
510 0.248961210133983
511 0.248535995147466
512 0.248050689697266
513 0.247591022743352
514 0.247114738485693
515 0.246634918509178
516 0.246160062708596
517 0.246301810446284
518 0.247581438553379
519 0.247125671548421
520 0.247296882592715
521 0.247317680584950
522 0.246894016462268
523 0.247939076068069
524 0.248348876720166
525 0.247877212592534
526 0.247409676304335
527 0.246944272766982
528 0.246558870330001
529 0.246092935478304
530 0.245804150037046
531 0.246425978881491
532 0.246111895805015
533 0.245879215214534
534 0.245460428883520
535 0.245001705561843
536 0.244544613717207
537 0.244258033829694
538 0.244224624895252
539 0.244518098671936
540 0.244066462693391
541 0.244973382645746
542 0.244675904512405
543 0.245761800207486
544 0.245848336640526
545 0.246545963440466
546 0.246916383504868
547 0.246954473324624
548 0.247249863443583
549 0.246853028381674
550 0.246784786636179
551 0.247442271445494
552 0.247053542862768
553 0.246639208918670
554 0.247608197187258
555 0.247463110330943
556 0.247131797049543
557 0.247343923608961
558 0.247656703315755
559 0.247980217600978
560 0.249200471809932
561 0.249287522306629
562 0.248844798667575
563 0.248572363099662
564 0.248131921950807
565 0.247695893207483
566 0.248573273630951
567 0.248642280618980
568 0.248650675928089
569 0.248214398515664
570 0.247801521681903
571 0.247451507481510
572 0.247647100395256
573 0.247470839797514
574 0.247040131262371
575 0.246926517486572
576 0.246539758311378
577 0.246304709018826
578 0.245981698527056
579 0.245590677739013
580 0.245252601853732
581 0.246231027293739
582 0.245825935372782
583 0.245585399058425
584 0.246611359184735
585 0.247381596993177
586 0.247238548440738
587 0.246826611345021
588 0.246406860092059
589 0.246055150376111
590 0.245727488044965
591 0.245403752109121
592 0.245356941545332
593 0.244985590395196
594 0.245158365980945
595 0.244747262842515
596 0.244863456527659
597 0.245148974147873
598 0.244989749878944
599 0.244619461849257
600 0.244240322907766
601 0.244402739747788
602 0.245051024661112
603 0.246245391333281
604 0.245900468321036
605 0.245499865378230
606 0.245630973144726
607 0.245237861865828
608 0.246090609776346
609 0.245688446538985
610 0.245285684847441
611 0.246055743503102
612 0.247249680406907
613 0.247130670030199
614 0.247706479183626
615 0.247305218766375
616 0.247204881983918
617 0.247021400271590
618 0.246629905064129
619 0.247061038440957
620 0.247102309811500
621 0.248150769351185
622 0.247751813130363
623 0.247354137763548
624 0.246976374051510
625 0.247818878459930
626 0.247479436020501
627 0.247648432304224
628 0.247299128277287
629 0.246987211590541
630 0.246601223472565
631 0.247405277379152
632 0.248102463498900
633 0.247764357175872
634 0.247552810313198
635 0.247526213127797
636 0.248532194761360
637 0.248879428841817
638 0.248537168887715
639 0.248999787421667
640 0.248855483531952
641 0.249075314091074
642 0.249096867729942
643 0.248927553927361
644 0.248906081507665
645 0.248529774920885
646 0.248304491718487
647 0.248504012224295
648 0.248132016187833
649 0.247753624096857
650 0.248150962224373
651 0.247888348985194
652 0.247539508562147
653 0.247474694416315
654 0.247469596450846
655 0.247471546580773
656 0.248035641705118
657 0.247901760007693
658 0.248840912044229
659 0.248518854063089
660 0.249359804933721
661 0.250477758279907
662 0.250819690908190
663 0.250672548964372
664 0.250492246036070
665 0.251401673492632
666 0.251026158128773
667 0.250670090608154
668 0.250595982203227
669 0.250318755928889
670 0.251174958695227
671 0.250928801324790
672 0.250561966782524
673 0.250256401203008
674 0.249912907444051
675 0.249547138920537
676 0.249199000336009
677 0.249611819952594
678 0.249244876227899
679 0.248939684108009
680 0.249385359006770
681 0.249668142606508
682 0.249412155133888
683 0.249047175333406
684 0.249743319394296
685 0.249393207574413
686 0.249052437592526
687 0.248713742524082
688 0.248509555361992
689 0.248155751923864
690 0.248076143385707
691 0.248985661784060
692 0.248872482018664
693 0.248859089604360
694 0.248597112701674
695 0.248245329822568
696 0.247892021447763
697 0.247808009257789
698 0.248020395081501
699 0.248585979996492
700 0.248244265147618
701 0.247890165545971
702 0.247790576301069
703 0.247438516928834
704 0.247784890911796
705 0.248770363702842
706 0.249418642551298
707 0.249710412140108
708 0.250278811670293
709 0.250040783952759
710 0.250211581965567
711 0.251153888246346
712 0.250925170571617
713 0.250654355924561
714 0.250303443656916
715 0.250384999655343
716 0.250235600178468
717 0.250712779692194
718 0.251296636370895
719 0.251891403436992
720 0.251543009281158
721 0.251885693463472
722 0.251548429192599
723 0.251473215770590
724 0.251133890441768
725 0.250808056058555
726 0.250462632451832
727 0.250783901922968
728 0.251037215793526
729 0.250703703310591
730 0.250423853609660
731 0.250240531404759
732 0.250696686447644
733 0.250733398236487
734 0.250400780250981
735 0.250509788227730
736 0.250265875588293
737 0.250227469036020
738 0.250074164573416
739 0.249818868985518
740 0.249642399839453
741 0.249305771993079
742 0.249024522834711
743 0.248976681787586
744 0.248642502933420
745 0.248308756767503
746 0.248382465049984
747 0.248086386097164
748 0.247759092300333
749 0.247562409004318
750 0.247398992458979
751 0.247239942715743
752 0.247421202507425
753 0.247189591684506
754 0.247614964487066
755 0.247298750972116
756 0.247660859552010
757 0.248206868590578
758 0.248252272841798
759 0.248016103611319
760 0.247763581652390
761 0.248173776578339
762 0.249099865594874
763 0.248775296567464
764 0.248577858140955
765 0.248280806245368
766 0.248656910875759
767 0.248374015753397
768 0.248050689697266
769 0.247744045812535
770 0.247425911875514
771 0.247105005959438
772 0.246787006373233
773 0.246880999434966
774 0.247736643066086
775 0.247431225930491
776 0.247545561225144
777 0.247559186804709
778 0.247274618452190
779 0.247975755258151
780 0.248251010210086
781 0.247934075766428
782 0.247619522120947
783 0.247306013168199
784 0.247045995021353
785 0.246731387809583
786 0.246535847432741
787 0.246954474394627
788 0.246741757780162
789 0.246583774742518
790 0.246299804539620
791 0.245988481716923
792 0.245677890801671
793 0.245482396884043
794 0.245458217577009
795 0.245655637417199
796 0.245347822131823
797 0.245961827570701
798 0.245758542366195
799 0.246495161545888
800 0.246553089618683
801 0.247026874703563
802 0.247278456304436
803 0.247303952018766
804 0.247504852897492
805 0.247233899557813
806 0.247186860065011
807 0.247635276491905
808 0.247369470572708
809 0.247085857966038
810 0.247748046671903
811 0.247648585445343
812 0.247421497194638
813 0.247566472340334
814 0.247780610580702
815 0.248002353621407
816 0.248839755853017
817 0.248899971329889
818 0.248596275566843
819 0.248409300351172
820 0.248106561637506
821 0.247806524025247
822 0.248410522430193
823 0.248458262057669
824 0.248464272438901
825 0.248163599173228
826 0.247878745667294
827 0.247636985894126
828 0.247771881628728
829 0.247649900803951
830 0.247351821574820
831 0.247272832872779
832 0.247004660276266
833 0.246841288915201
834 0.246616784545729
835 0.246344884998070
836 0.246109432580939
837 0.246787578757661
838 0.246505573925369
839 0.246337621231898
840 0.247050012293316
841 0.247585268494065
842 0.247485470247948
843 0.247198336206438
844 0.246905462436766
845 0.246659716134946
846 0.246430489963392
847 0.246203771025963
848 0.246170148534595
849 0.245909813506303
850 0.246029465829625
851 0.245741008171324
852 0.245821122832142
853 0.246019828990364
854 0.245907314976708
855 0.245646823637667
856 0.245379871854158
857 0.245492442416477
858 0.245946029613624
859 0.246783408075051
860 0.246540534219076
861 0.246258298625237
862 0.246349589661490
863 0.246072258070750
864 0.246671374197359
865 0.246387561277158
866 0.246103053486650
867 0.246644793359741
868 0.247485922778257
869 0.247401699989657
870 0.247807764116375
871 0.247524323884984
872 0.247453192505268
873 0.247323230847733
874 0.247046061661478
875 0.247350582122803
876 0.247379461924235
877 0.248121555677977
878 0.247838957095200
879 0.247557001580422
880 0.247288902239366
881 0.247886237911415
882 0.247645242076342
883 0.247765055059172
884 0.247516775023344
885 0.247294839155876
886 0.247020030869318
887 0.247591551960254
888 0.248087537718249
889 0.247846810635351
890 0.247696020562997
891 0.247676904487824
892 0.248394004967181
893 0.248641850766783
894 0.248397863884634
895 0.248728313659157
896 0.248625542436327
897 0.248782890629742
898 0.248798625440003
899 0.248677857327912
900 0.248662770059374
901 0.248393653037148
902 0.248232459215790
903 0.248375495538891
904 0.248108985677230
905 0.247837655913105
906 0.248122629148281
907 0.247934169516937
908 0.247683630115660
909 0.247636910909080
910 0.247633068836652
911 0.247634291518009
912 0.248039865702914
913 0.247943519044419
914 0.248619580621010
915 0.248387870371667
916 0.248993938666764
917 0.249800190605800
918 0.250047507563967
919 0.249942194261022
920 0.249812856446142
921 0.250470238257438
922 0.250199997696597
923 0.249943582879890
924 0.249890792937506
925 0.249691053274516
926 0.250311229900974
927 0.250133983011256
928 0.249869200690039
929 0.249648584038885
930 0.249400296967517
931 0.249135655568058
932 0.248883584538243
933 0.249183471243737
934 0.248917561718432
935 0.248696280290736
936 0.249020321246905
937 0.249226234447740
938 0.249040582477411
939 0.248775502998100
940 0.249282347902339
941 0.249027974230577
942 0.248780200372583
943 0.248533740908318
944 0.248385117215625
945 0.248127290622267
946 0.248069255283973
947 0.248732913257957
948 0.248650563417105
949 0.248641017553553
950 0.248449866081539
951 0.248192934583790
952 0.247934688540066
953 0.247873199386337
954 0.248028524454285
955 0.248442488565495
956 0.248192429043758
957 0.247933106175784
958 0.247860084682516
959 0.247601933225725
960 0.247855770587921
961 0.248578650336112
962 0.249054613517377
963 0.249269198281990
964 0.249687111229323
965 0.249512841849747
966 0.249638923144982
967 0.250332358951036
968 0.250164977282532
969 0.249966493639538
970 0.249708902405709
971 0.249769568811607
972 0.249660150504407
973 0.250012373691473
974 0.250443492275978
975 0.250882969880715
976 0.250626991029646
977 0.250880820419308
978 0.250632865480119
979 0.250578254917912
980 0.250328482900347
981 0.250088498679870
982 0.249833857151253
983 0.250072098942521
984 0.250260233394499
985 0.250014189112610
986 0.249807697462020
987 0.249672548145267
988 0.250011084050785
989 0.250038986319358
990 0.249793080067394
991 0.249874541785955
992 0.249694214713189
993 0.249666285238717
994 0.249553028186802
995 0.249363940445023
996 0.249233285586039
997 0.248983504121736
998 0.248774721949755
999 0.248739390521197
1000 0.248490998744965
1001 0.248242757596693
1002 0.248297700089609
1003 0.248077275151626
1004 0.247833443827838
1005 0.247686786971875
1006 0.247564831915243
1007 0.247446051183737
1008 0.247581072269924
1009 0.247408066502411
1010 0.247725405728463
1011 0.247489152864933
1012 0.247759472711284
1013 0.248167399887036
1014 0.248201380055802
1015 0.248024826801469
1016 0.247835923836926
1017 0.248142793056653
1018 0.248836025683491
1019 0.248593255979858
1020 0.248445549198225
1021 0.248223108070721
1022 0.248505058995432
1023 0.248293105225176
1024 0.248050689697266
1025 0.247820631992526
1026 0.247581801858329
1027 0.247340736277728
1028 0.247101697940307
1029 0.247172001094003
1030 0.247814697374418
1031 0.247585040406043
1032 0.247670864412027
1033 0.247680991974597
1034 0.247466759882305
1035 0.247994289766763
1036 0.248201510160586
1037 0.247962863776355
1038 0.247725860174451
1039 0.247489494584408
1040 0.247293304480039
1041 0.247055827082635
1042 0.246908015973737
1043 0.247223535868717
1044 0.247062721928417
1045 0.246943133812772
1046 0.246728319453920
1047 0.246492708310015
1048 0.246257505799068
1049 0.246109168056764
1050 0.246090286970139
1051 0.246239018372192
1052 0.246005554162957
1053 0.246469661098147
1054 0.246315268852679
1055 0.246872616718166
1056 0.246916144183188
1057 0.247274837464573
1058 0.247465310509128
1059 0.247484466509508
1060 0.247636677634041
1061 0.247430976160734
1062 0.247395090183520
1063 0.247735319559235
1064 0.247533372918466
1065 0.247317779959647
1066 0.247820726422834
1067 0.247745060317407
1068 0.247572314873170
1069 0.247682430846765
1070 0.247845227640366
1071 0.248013907342620
1072 0.248651322144181
1073 0.248697346821080
1074 0.248466229028098
1075 0.248323900976846
1076 0.248093268685181
1077 0.247864561548029
1078 0.248325070501037
1079 0.248361562776610
1080 0.248366238011254
1081 0.248136860203897
1082 0.247919427434089
1083 0.247734777374831
1084 0.247837725600633
1085 0.247744464819332
1086 0.247516563968325
1087 0.247456026384341
1088 0.247250784845913
1089 0.247125592496660
1090 0.246953554929943
1091 0.246745147145636
1092 0.246564525824327
1093 0.247083421759069
1094 0.246867136665410
1095 0.246738119430194
1096 0.247283747161392
1097 0.247693880917054
1098 0.247617251831760
1099 0.247396882606486
1100 0.247171988053755
1101 0.246983139597211
1102 0.246806870300843
1103 0.246632430300535
1104 0.246606216050576
1105 0.246405799302580
1106 0.246497307882171
1107 0.246275135064405
1108 0.246336257414697
1109 0.246488630019189
1110 0.246401642840188
1111 0.246200729768411
1112 0.245994736393579
1113 0.246080862276209
1114 0.246429685790834
1115 0.247074371389209
1116 0.246886949812640
1117 0.246669088342730
1118 0.246739108095442
1119 0.246524875136334
1120 0.246986646311624
1121 0.246767365804854
1122 0.246547433941122
1123 0.246965282640602
1124 0.247614552966216
1125 0.247549381203122
1126 0.247862994088585
1127 0.247643888789992
1128 0.247588794704870
1129 0.247488181658611
1130 0.247273658809409
1131 0.247509050327102
1132 0.247531259017783
1133 0.248105543594074
1134 0.247886755636760
1135 0.247668353261401
1136 0.247460572652414
1137 0.247923264874632
1138 0.247736449977007
1139 0.247829253889156
1140 0.247636671651874
1141 0.247464425254558
1142 0.247251071727422
1143 0.247694385959095
1144 0.248079292007260
1145 0.247892394076268
1146 0.247775248572048
1147 0.247760329957412
1148 0.248317446858210
1149 0.248510138639893
1150 0.248320579891619
1151 0.248577599728449
1152 0.248497797383202
1153 0.248620320431378
1154 0.248632705552533
1155 0.248538848744842
1156 0.248527222851156
1157 0.248317768322360
1158 0.248192275280780
1159 0.248303752402173
1160 0.248096120357513
1161 0.247884629770767
1162 0.248106780181448
1163 0.247959817983114
1164 0.247764357996151
1165 0.247727835690003
1166 0.247724759179977
1167 0.247725635077469
1168 0.248042238085237
1169 0.247966988408943
1170 0.248495105341968
1171 0.248314157090159
1172 0.248787904762164
1173 0.249418372845711
1174 0.249612085610070
1175 0.249530087734791
1176 0.249429255521216
1177 0.249943981306373
1178 0.249732915482821
1179 0.249532572994604
1180 0.249491584098945
1181 0.249335479120599
1182 0.249821637437227
1183 0.249683160451339
1184 0.249476009124034
1185 0.249303384923734
1186 0.249108982076130
1187 0.248901661243776
1188 0.248704105515271
1189 0.248939575469223
1190 0.248731074964299
1191 0.248557513546884
1192 0.248812078229533
1193 0.248973980083849
1194 0.248828344159390
1195 0.248620229186373
1196 0.249018715376838
1197 0.248818964338741
1198 0.248624311613917
1199 0.248430604035900
1200 0.248313772678375
1201 0.248110962698204
1202 0.248065301215589
1203 0.248587735176879
1204 0.248523015516541
1205 0.248515603502756
1206 0.248365132122688
1207 0.248162764997253
1208 0.247959271566757
1209 0.247910782115532
1210 0.248033213960238
1211 0.248359664031831
1212 0.248162490699944
1213 0.247957921824176
1214 0.247900278161739
1215 0.247696486029605
1216 0.247896806189888
1217 0.248467592058754
1218 0.248843608182444
1219 0.249013301483229
1220 0.249343730973416
1221 0.249206280874288
1222 0.249306199934986
1223 0.249854756883199
1224 0.249722773343130
1225 0.249566129713642
1226 0.249362652443750
1227 0.249410943666317
1228 0.249324627730279
1229 0.249603756032793
1230 0.249945478080734
1231 0.250293966040778
1232 0.250091655687852
1233 0.250293218258040
1234 0.250097179094049
1235 0.250054322370151
1236 0.249856706961845
1237 0.249666769415887
1238 0.249465124624419
1239 0.249654438920902
1240 0.249804069534425
1241 0.249609148137325
1242 0.249445544492795
1243 0.249338520983008
1244 0.249607658846202
1245 0.249630147817144
1246 0.249435092960851
1247 0.249500118261733
1248 0.249357081376589
1249 0.249335146360726
1250 0.249245349264145
1251 0.249095201682892
1252 0.248991476842009
1253 0.248792921126793
1254 0.248626913132660
1255 0.248598906528427
1256 0.248401254225688
1257 0.248203641143031
1258 0.248247434063822
1259 0.248071869372185
1260 0.247877582671150
1261 0.247760664131034
1262 0.247663389436794
1263 0.247568606575236
1264 0.247676184660272
1265 0.247538115148959
1266 0.247791181949643
1267 0.247602612556391
1268 0.247818267307823
1269 0.248143855514632
1270 0.248171004676443
1271 0.248030036007861
1272 0.247879147154730
1273 0.248124271092786
1274 0.248678218766322
1275 0.248484317181157
1276 0.248366329737218
1277 0.248188543385048
1278 0.248414042923186
1279 0.248244584212553
1280 0.248050689697266
1281 0.247866607615019
1282 0.247675433127259
1283 0.247482394949124
1284 0.247290905019576
1285 0.247347055010295
1286 0.247861675628422
1287 0.247677663730482
1288 0.247746357636422
1289 0.247754415261644
1290 0.247582640527755
1291 0.248005473641441
1292 0.248171626229773
1293 0.247980252357757
1294 0.247790123202149
1295 0.247600433541081
1296 0.247442911436528
1297 0.247252191638799
1298 0.247133381515512
1299 0.247386546938854
1300 0.247257275581360
1301 0.247161069482588
1302 0.246988324663057
1303 0.246798804422936
1304 0.246609541901782
1305 0.246490033604633
1306 0.246474561930433
1307 0.246593867537623
1308 0.246405825337868
1309 0.246778861496447
1310 0.246654404529178
1311 0.247102659954359
1312 0.247137518917642
1313 0.247426107968434
1314 0.247579356987182
1315 0.247594697031231
1316 0.247717214935094
1317 0.247551436802611
1318 0.247522429694536
1319 0.247796528623175
1320 0.247633701021021
1321 0.247459812429617
1322 0.247865257888987
1323 0.247804199486903
1324 0.247664810307436
1325 0.247753581235994
1326 0.247884894523146
1327 0.248021003260321
1328 0.248535537576101
1329 0.248572783823566
1330 0.248386245517802
1331 0.248271352451247
1332 0.248085085336153
1333 0.247900307089068
1334 0.248272415714107
1335 0.248301949661769
1336 0.248305773663664
1337 0.248120360839875
1338 0.247944541888030
1339 0.247795175847231
1340 0.247878411278796
1341 0.247802923856432
1342 0.247618453824218
1343 0.247569379927237
1344 0.247403147674742
1345 0.247301670476850
1346 0.247162222463698
1347 0.246993268076012
1348 0.246846764660731
1349 0.247266980389297
1350 0.247091573388488
1351 0.246986837408262
1352 0.247428967049841
1353 0.247761392408358
1354 0.247699201679300
1355 0.247520406307769
1356 0.247337878629521
1357 0.247184534457649
1358 0.247041345827709
1359 0.246899593218536
1360 0.246878116972306
1361 0.246715198230603
1362 0.246789279794553
1363 0.246608621481142
1364 0.246658027696470
1365 0.246781587731707
1366 0.246710688224823
1367 0.246547174349089
1368 0.246379476193099
1369 0.246449215687305
1370 0.246732588710576
1371 0.247256674443084
1372 0.247104090782366
1373 0.246926692091281
1374 0.246983478466670
1375 0.246808954065496
1376 0.247184607871743
1377 0.247005950348396
1378 0.246826703515558
1379 0.247166779527118
1380 0.247695459490237
1381 0.247642310221587
1382 0.247897762594968
1383 0.247719189608692
1384 0.247674231928897
1385 0.247592154263589
1386 0.247417179666040
1387 0.247609021256274
1388 0.247627061794402
1389 0.248095433732603
1390 0.247916947809055
1391 0.247738718558009
1392 0.247569099925030
1393 0.247946682501763
1394 0.247794158275706
1395 0.247869890137813
1396 0.247712594731831
1397 0.247571858108769
1398 0.247397496763388
1399 0.247759585213542
1400 0.248074061870575
1401 0.247921318900662
1402 0.247825543099905
1403 0.247813310779509
1404 0.248268807375873
1405 0.248426424099457
1406 0.248271439144995
1407 0.248481729815171
1408 0.248416505076668
1409 0.248516824712476
1410 0.248527034588739
1411 0.248450281263496
1412 0.248440825905408
1413 0.248269380404438
1414 0.248166641681501
1415 0.248257968619518
1416 0.248087906904813
1417 0.247914630717262
1418 0.248096653831694
1419 0.247976212034434
1420 0.247815978359169
1421 0.247785999395745
1422 0.247783435841318
1423 0.247784112928957
1424 0.248043757476164
1425 0.247982025271968
1426 0.248415322449231
1427 0.248266891741469
1428 0.248655742957812
1429 0.249173357530104
1430 0.249332562985120
1431 0.249265429525422
1432 0.249182807999616
1433 0.249605751960991
1434 0.249432601813991
1435 0.249268209145044
1436 0.249234711559370
1437 0.249106595270652
1438 0.249506364404243
1439 0.249392741748738
1440 0.249222619003720
1441 0.249080838096547
1442 0.248921102153114
1443 0.248750691932684
1444 0.248588264483824
1445 0.248782098128309
1446 0.248610619481339
1447 0.248467847406246
1448 0.248677468102281
1449 0.248810859076972
1450 0.248691047923318
1451 0.248519745306834
1452 0.248848044182643
1453 0.248683604181674
1454 0.248523316283338
1455 0.248363760001061
1456 0.248267516330048
1457 0.248100372520963
1458 0.248062735681508
1459 0.248493503756193
1460 0.248440196742750
1461 0.248434140166544
1462 0.248310072436705
1463 0.248143153734918
1464 0.247975257250781
1465 0.247935230129815
1466 0.248036265657836
1467 0.248305746220210
1468 0.248142994067325
1469 0.247974088315334
1470 0.247926472279490
1471 0.247758128544168
1472 0.247923568538997
1473 0.248395136522745
1474 0.248705896423824
1475 0.248846231234276
1476 0.249119463651807
1477 0.249005988835481
1478 0.249088736727370
1479 0.249542491028162
1480 0.249433548063845
1481 0.249304176544032
1482 0.249136024600903
1483 0.249176132461949
1484 0.249104864835097
1485 0.249336022038251
1486 0.249619054240783
1487 0.249907766481975
1488 0.249740521753988
1489 0.249907666000446
1490 0.249745567492991
1491 0.249710304956161
1492 0.249546827323954
1493 0.249389665324817
1494 0.249222758264746
1495 0.249379816980266
1496 0.249504025925927
1497 0.249342638210368
1498 0.249207171443626
1499 0.249118584485910
1500 0.249341936111450
1501 0.249360766552195
1502 0.249199136079707
1503 0.249253242870846
1504 0.249134716835428
1505 0.249116660709001
1506 0.249042273003108
1507 0.248917766335632
1508 0.248831767618498
1509 0.248667002474732
1510 0.248529222272090
1511 0.248506025318118
1512 0.248341899384897
1513 0.248177761717971
1514 0.248214166852568
1515 0.248068290496423
1516 0.247906814464479
1517 0.247809607140234
1518 0.247728704895741
1519 0.247649852973682
1520 0.247739259192818
1521 0.247624386736314
1522 0.247834831084591
1523 0.247677929528199
1524 0.247857309388989
1525 0.248128215875782
1526 0.248150820774301
1527 0.248033498577925
1528 0.247907887266568
1529 0.248111951382352
1530 0.248573220438427
1531 0.248411809907561
1532 0.248313585709654
1533 0.248165522808354
1534 0.248353405096696
1535 0.248212247407398
1536 0.248050689697266
1537 0.247897268000871
1538 0.247737894558938
1539 0.247576926109309
1540 0.247417206888075
1541 0.247463946950505
1542 0.247893055396012
1543 0.247739552678957
1544 0.247796816838220
1545 0.247803506689164
1546 0.247660144141852
1547 0.248012956065675
1548 0.248151626389772
1549 0.247991893389981
1550 0.247833158700697
1551 0.247674750482398
1552 0.247543163520774
1553 0.247383817848051
1554 0.247284495347255
1555 0.247495884910657
1556 0.247387811579864
1557 0.247307339729831
1558 0.247162885284852
1559 0.247004373781646
1560 0.246846037950271
1561 0.246745977204706
1562 0.246732877364690
1563 0.246832476925255
1564 0.246675061447846
1565 0.246986904959328
1566 0.246882660597525
1567 0.247257539095510
1568 0.247286608024519
1569 0.247528015503540
1570 0.247656211237999
1571 0.247669002647084
1572 0.247771521257687
1573 0.247632688386230
1574 0.247608347458639
1575 0.247837839883471
1576 0.247701435222238
1577 0.247555731630960
1578 0.247895340615806
1579 0.247844162434245
1580 0.247727332537687
1581 0.247801689879944
1582 0.247911723577871
1583 0.248025804099145
1584 0.248457178322956
1585 0.248488458210738
1586 0.248332082661524
1587 0.248235757199187
1588 0.248079540447264
1589 0.247924534872390
1590 0.248236716430892
1591 0.248261520654282
1592 0.248264755136404
1593 0.248109164472952
1594 0.247961589465925
1595 0.247836186220653
1596 0.247906044909829
1597 0.247842640860348
1598 0.247687698119275
1599 0.247646437651519
1600 0.247506754398346
1601 0.247421438696979
1602 0.247304199749462
1603 0.247162138902613
1604 0.247038912297484
1605 0.247391983244649
1606 0.247244458678057
1607 0.247156312321756
1608 0.247527947769829
1609 0.247807421063399
1610 0.247755090457312
1611 0.247604672321246
1612 0.247451079394622
1613 0.247322002369206
1614 0.247201440022633
1615 0.247082058047363
1616 0.247063871067349
1617 0.246926630398486
1618 0.246988860100545
1619 0.246836644620937
1620 0.246878102679311
1621 0.246982013458532
1622 0.246922180442422
1623 0.246784327725019
1624 0.246642918715923
1625 0.246701509439028
1626 0.246940112605159
1627 0.247381608619526
1628 0.247252941717387
1629 0.247103330143542
1630 0.247151089555647
1631 0.247003855550311
1632 0.247320463844374
1633 0.247169730674980
1634 0.247018466344516
1635 0.247305177694431
1636 0.247751045635102
1637 0.247706174085835
1638 0.247921663289833
1639 0.247770967535888
1640 0.247732996068350
1641 0.247663686908940
1642 0.247515948586865
1643 0.247677838737037
1644 0.247693028183169
1645 0.248088470527104
1646 0.247937748491547
1647 0.247787209518331
1648 0.247643909986737
1649 0.247962829161587
1650 0.247833959514445
1651 0.247897924472894
1652 0.247764987171995
1653 0.247646014725015
1654 0.247498595548800
1655 0.247804614064196
1656 0.248070448780981
1657 0.247941306181248
1658 0.247860306386349
1659 0.247849940678813
1660 0.248235169950738
1661 0.248368514402310
1662 0.248237436823323
1663 0.248415376074832
1664 0.248360225787530
1665 0.248445154704131
1666 0.248453838735068
1667 0.248388916271921
1668 0.248380948885453
1669 0.248235836473320
1670 0.248148867006073
1671 0.248226213141304
1672 0.248082208576385
1673 0.247935450262319
1674 0.248089624668962
1675 0.247987594889171
1676 0.247851829255680
1677 0.247826405309394
1678 0.247824208777624
1679 0.247824758344495
1680 0.248044813814617
1681 0.247992482198129
1682 0.248359825431096
1683 0.248234005393687
1684 0.248563763364760
1685 0.249002791972118
1686 0.249137925048174
1687 0.249081094376632
1688 0.249011112332909
1689 0.249370052766489
1690 0.249223270747789
1691 0.249083889228645
1692 0.249055568771723
1693 0.248946930872077
1694 0.249286380505196
1695 0.249190048341554
1696 0.249045724014066
1697 0.248925435627357
1698 0.248789873891219
1699 0.248645217787735
1700 0.248507312045378
1701 0.248672021374431
1702 0.248526399725332
1703 0.248405139024861
1704 0.248583304210448
1705 0.248696722208230
1706 0.248594956653758
1707 0.248449400704579
1708 0.248728534376873
1709 0.248588796628714
1710 0.248452560490335
1711 0.248316918389272
1712 0.248235093655987
1713 0.248092947650638
1714 0.248060936514666
1715 0.248427404398126
1716 0.248382088465568
1717 0.248376968751206
1718 0.248271421690898
1719 0.248129383639723
1720 0.247986484405606
1721 0.247952404824334
1722 0.248038409998193
1723 0.248267850416452
1724 0.248129287617942
1725 0.247985456404479
1726 0.247944896183865
1727 0.247801496034146
1728 0.247942401303185
1729 0.248344136877099
1730 0.248608940977582
1731 0.248728577488768
1732 0.248961492443745
1733 0.248864871363246
1734 0.248935484109315
1735 0.249322375096917
1736 0.249229624249419
1737 0.249119436974215
1738 0.248976159390701
1739 0.249010454861168
1740 0.248949767803324
1741 0.249147024290237
1742 0.249388571276867
1743 0.249635011658748
1744 0.249492473011717
1745 0.249635238531326
1746 0.249497063073915
1747 0.249467110047016
1748 0.249327713346590
1749 0.249193680327303
1750 0.249051301377160
1751 0.249185495687035
1752 0.249291666294342
1753 0.249153968033897
1754 0.249038380493188
1755 0.248962811798791
1756 0.249153690620544
1757 0.249169884551704
1758 0.249031899291365
1759 0.249078226604538
1760 0.248977040160786
1761 0.248961698426772
1762 0.248898206416107
1763 0.248791860709188
1764 0.248718413906573
1765 0.248577610933071
1766 0.248459854016623
1767 0.248440057056127
1768 0.248299733276281
1769 0.248159372550475
1770 0.248190522699033
1771 0.248065746281525
1772 0.247927600051157
1773 0.247844416578812
1774 0.247775169444326
1775 0.247707663791280
1776 0.247784150076342
1777 0.247685801231532
1778 0.247865910839847
1779 0.247731570114642
1780 0.247885121388382
1781 0.248117072303800
1782 0.248136436062897
1783 0.248035966848565
1784 0.247928379095189
1785 0.248103165392782
1786 0.248498322415058
1787 0.248360076961934
1788 0.248275945117276
1789 0.248149090568869
1790 0.248310111721135
1791 0.248189154848049
1792 0.248050689697266
1793 0.247919173162208
1794 0.247782529762623
1795 0.247644493506811
1796 0.247507502878695
1797 0.247547534119771
1798 0.247915499434455
1799 0.247783827874447
1800 0.247832923200395
1801 0.247838642086207
1802 0.247715626751278
1803 0.248018313697227
1804 0.248137302779306
1805 0.248000232367634
1806 0.247863993659236
1807 0.247728010271555
1808 0.247615025634259
1809 0.247478189983705
1810 0.247392863166925
1811 0.247574311208488
1812 0.247481463234419
1813 0.247412302549281
1814 0.247288176315491
1815 0.247151953326769
1816 0.247015856698746
1817 0.246929800208611
1818 0.246918443897770
1819 0.247003924132311
1820 0.246868556410402
1821 0.247136454049340
1822 0.247046774455666
1823 0.247368919542054
1824 0.247393847557536
1825 0.247601333089071
1826 0.247711515994610
1827 0.247722484795331
1828 0.247810617056665
1829 0.247691194857320
1830 0.247670227028633
1831 0.247867599333133
1832 0.247750239341020
1833 0.247624858343985
1834 0.247917025111364
1835 0.247872974957043
1836 0.247772419374753
1837 0.247836389908923
1838 0.247931079033020
1839 0.248029268325963
1840 0.248400623383729
1841 0.248427584370733
1842 0.248292974844559
1843 0.248210050590130
1844 0.248075535137069
1845 0.247942039281695
1846 0.248210918574008
1847 0.248232298821582
1848 0.248235101049597
1849 0.248101068452089
1850 0.247973919011451
1851 0.247865852827900
1852 0.247926039005716
1853 0.247871383710996
1854 0.247737819933711
1855 0.247702226613088
1856 0.247581779956818
1857 0.247508185199980
1858 0.247407053046899
1859 0.247284499851204
1860 0.247178167681540
1861 0.247482595201592
1862 0.247355304618399
1863 0.247279211198906
1864 0.247599740652567
1865 0.247840813433517
1866 0.247795644265151
1867 0.247665829497604
1868 0.247533252969288
1869 0.247421811869465
1870 0.247317700940657
1871 0.247214591292886
1872 0.247198820623577
1873 0.247080265839216
1874 0.247133912596148
1875 0.247002402242025
1876 0.247038114553830
1877 0.247127767916239
1878 0.247076013439887
1879 0.246956860276852
1880 0.246834615189978
1881 0.246885129931377
1882 0.247091179414713
1883 0.247472572377307
1884 0.247361340593634
1885 0.247231990114763
1886 0.247273198588655
1887 0.247145874385298
1888 0.247419477519342
1889 0.247289119510186
1890 0.247158280724571
1891 0.247406103697988
1892 0.247791589440553
1893 0.247752764680936
1894 0.247939102973203
1895 0.247808755859536
1896 0.247775891410651
1897 0.247715912904624
1898 0.247588073836740
1899 0.247728101952318
1900 0.247741218366121
1901 0.248083382735185
1902 0.247952949831538
1903 0.247822654040563
1904 0.247698603057060
1905 0.247974636141709
1906 0.247863069129766
1907 0.247918432022679
1908 0.247803320424862
1909 0.247700282295940
1910 0.247572593507966
1911 0.247837578670196
1912 0.248067803213287
1913 0.247955944017160
1914 0.247885770402857
1915 0.247876777101123
1916 0.248210521232111
1917 0.248326071457870
1918 0.248212511242368
1919 0.248366725885849
1920 0.248318954308828
1921 0.248392586749026
1922 0.248400141464684
1923 0.248343889749242
1924 0.248337005874967
1925 0.248211214356608
1926 0.248135817478008
1927 0.248202895029382
1928 0.248078023497000
1929 0.247950743831706
1930 0.248084460237483
1931 0.247995959607386
1932 0.247878179293488
1933 0.247856108777213
1934 0.247854187637722
1935 0.247854649004086
1936 0.248045590790835
1937 0.248000175083921
1938 0.248318990163882
1939 0.248209802805609
1940 0.248496058798328
1941 0.248877218462400
1942 0.248994602571432
1943 0.248945333389541
1944 0.248884636924100
1945 0.249196398809820
1946 0.249069015481122
1947 0.248948039675469
1948 0.248923510741404
1949 0.248829210122589
1950 0.249124156481180
1951 0.249040547668598
1952 0.248915227710224
1953 0.248810773590438
1954 0.248693030926198
1955 0.248567366539060
1956 0.248447549611269
1957 0.248590743444255
1958 0.248464202704298
1959 0.248358819970311
1960 0.248513738233216
1961 0.248612385480639
1962 0.248523941189506
1963 0.248397403752020
1964 0.248640179876883
1965 0.248518692112454
1966 0.248400231434879
1967 0.248282269408513
1968 0.248211106149162
1969 0.248087453472850
1970 0.248059604948547
1971 0.248378475446619
1972 0.248339067124450
1973 0.248334633506498
1974 0.248242795859910
1975 0.248119183310980
1976 0.247994802500072
1977 0.247965131646524
1978 0.248039999281794
1979 0.248239758883298
1980 0.248119125462542
1981 0.247993886350442
1982 0.247958560734536
1983 0.247833666270030
1984 0.247956373999196
1985 0.248306291800002
1986 0.248536981094520
1987 0.248641240158811
1988 0.248844205973374
1989 0.248760079756162
1990 0.248821661310579
1991 0.249158863563863
1992 0.249078114588098
1993 0.248982156842304
1994 0.248857342820230
1995 0.248887297025599
1996 0.248834455180503
1997 0.249006482649876
1998 0.249217151014416
1999 0.249432117000349
2000 0.249307924747467
2001 0.249432517641011
2002 0.249312112232546
2003 0.249286079787637
2004 0.249164580585000
2005 0.249047742371547
2006 0.248923606167762
2007 0.249040747140258
2008 0.249133454138539
2009 0.249013381048243
2010 0.248912585048533
2011 0.248846698791337
2012 0.249013348554759
2013 0.249027552766937
2014 0.248907177515750
2015 0.248947680972646
2016 0.248859408355895
2017 0.248846072132894
2018 0.248790691906680
2019 0.248697883602178
2020 0.248633791432522
2021 0.248510865838383
2022 0.248408050818920
2023 0.248390784666671
2024 0.248268233693164
2025 0.248145632891007
2026 0.248172853770873
2027 0.248063844709956
2028 0.247943137994650
2029 0.247870442166947
2030 0.247809914855534
2031 0.247750900931572
2032 0.247817729871104
2033 0.247731748819938
2034 0.247889167175884
2035 0.247771714887689
2036 0.247905939407573
2037 0.248108729668909
2038 0.248125665174967
2039 0.248037815327852
2040 0.247943727876626
2041 0.248096583433913
2042 0.248442203915668
2043 0.248321308905274
2044 0.248247733088156
2045 0.248136772415749
2046 0.248277652269468
2047 0.248171838248830
2048 0.248050689697266
2049 0.247935604705876
2050 0.247816017052022
2051 0.247695193762665
2052 0.247575268875553
2053 0.247610275390029
2054 0.247932348853773
2055 0.247817071975003
2056 0.247860038094947
2057 0.247865032065998
2058 0.247757306107047
2059 0.248022339076542
2060 0.248126539211829
2061 0.248006499750645
2062 0.247887172216819
2063 0.247768051925933
2064 0.247669061487035
2065 0.247549163313813
2066 0.247474375070007
2067 0.247633311156784
2068 0.247551928405836
2069 0.247491291002584
2070 0.247382477487343
2071 0.247263047730848
2072 0.247143712513235
2073 0.247068221679472
2074 0.247058200370610
2075 0.247133067257433
2076 0.247014330071980
2077 0.247249137884617
2078 0.247170452175517
2079 0.247452870075837
2080 0.247474689667041
2081 0.247656611941400
2082 0.247753220349980
2083 0.247762821067484
2084 0.247840107745722
2085 0.247735334271721
2086 0.247716918516250
2087 0.247890057949912
2088 0.247787076166306
2089 0.247677042559610
2090 0.247933397424278
2091 0.247894732476649
2092 0.247806471574831
2093 0.247862601445385
2094 0.247945701922250
2095 0.248031885925511
2096 0.248357883391490
2097 0.248381573385321
2098 0.248263410975299
2099 0.248190614483140
2100 0.248072506359645
2101 0.247955277980594
2102 0.248191404495775
2103 0.248210191386572
2104 0.248212663166423
2105 0.248094941629650
2106 0.247983251060629
2107 0.247888310463665
2108 0.247941176850610
2109 0.247893148686096
2110 0.247775779487962
2111 0.247744484571189
2112 0.247638617501114
2113 0.247573912200124
2114 0.247484995801153
2115 0.247377239615077
2116 0.247283728001023
2117 0.247551292504800
2118 0.247439354939546
2119 0.247372414830610
2120 0.247654194876833
2121 0.247866145033479
2122 0.247826413176848
2123 0.247712237510376
2124 0.247595618224638
2125 0.247497573151308
2126 0.247405962992253
2127 0.247315221848374
2128 0.247301301113645
2129 0.247196953724449
2130 0.247244098012996
2131 0.247128334475033
2132 0.247159699561672
2133 0.247238535837450
2134 0.247192938051832
2135 0.247088017340845
2136 0.246980361947406
2137 0.247024757119055
2138 0.247206069326936
2139 0.247541762668989
2140 0.247443804785470
2141 0.247329882264750
2142 0.247366120028340
2143 0.247253962448697
2144 0.247494846137602
2145 0.247380010870509
2146 0.247264737712926
2147 0.247482961646668
2148 0.247822469173197
2149 0.247788255050494
2150 0.247952389578487
2151 0.247837549472953
2152 0.247808581169653
2153 0.247755719155862
2154 0.247643055108928
2155 0.247766423280720
2156 0.247777964498205
2157 0.248079502615710
2158 0.247964544551476
2159 0.247849693006804
2160 0.247740331844047
2161 0.247983645725339
2162 0.247885285071153
2163 0.247934085265718
2164 0.247832584072614
2165 0.247741716150323
2166 0.247629099798114
2167 0.247862754684469
2168 0.248065782429107
2169 0.247967126540953
2170 0.247905226319616
2171 0.247897284528398
2172 0.248191682892829
2173 0.248293628875857
2174 0.248193455899431
2175 0.248329528063193
2176 0.248287393766291
2177 0.248352382042893
2178 0.248359067244087
2179 0.248309443116243
2180 0.248303383424741
2181 0.248192372397511
2182 0.248125829984025
2183 0.248185045938671
2184 0.248074819535126
2185 0.247962453736321
2186 0.248080505407522
2187 0.248002366055949
2188 0.247898363326106
2189 0.247878864700253
2190 0.247877157741486
2191 0.247877554717210
2192 0.248046186283557
2193 0.248006071910649
2194 0.248287684366501
2195 0.248191245650376
2196 0.248444139631720
2197 0.248780909238971
2198 0.248884665494186
2199 0.248841182054743
2200 0.248787595792250
2201 0.249063140503226
2202 0.248950627015787
2203 0.248843762964430
2204 0.248822130438637
2205 0.248738824077745
2206 0.248999583726565
2207 0.248925729526024
2208 0.248814991418866
2209 0.248722687815584
2210 0.248618623978412
2211 0.248507543259323
2212 0.248401620073301
2213 0.248528269987757
2214 0.248416389095536
2215 0.248323207622726
2216 0.248460245261554
2217 0.248547525705923
2218 0.248469318835127
2219 0.248357404293698
2220 0.248572202630945
2221 0.248464748565274
2222 0.248359960199583
2223 0.248255600759804
2224 0.248192640946066
2225 0.248083223573278
2226 0.248058579654599
2227 0.248340795540092
2228 0.248305932195653
2229 0.248302022642809
2230 0.248220742417023
2231 0.248111323891387
2232 0.248001212501184
2233 0.247974940361701
2234 0.248041224324927
2235 0.248218102636487
2236 0.248111290240757
2237 0.248000386867557
2238 0.247969099168164
2239 0.247858480024998
2240 0.247967152936118
2241 0.248277093166222
2242 0.248481454512139
2243 0.248573838946971
2244 0.248753680052392
2245 0.248679187170381
2246 0.248733785650291
2247 0.249032609665399
2248 0.248961112465298
2249 0.248876129457186
2250 0.248765563620461
2251 0.248792151989592
2252 0.248745359281875
2253 0.248897879455971
2254 0.249084669161181
2255 0.249275289776584
2256 0.249165259777231
2257 0.249275783944246
2258 0.249169098871593
2259 0.249146079848223
2260 0.249038405334000
2261 0.248934851843190
2262 0.248824814560137
2263 0.248928747712328
2264 0.249011021410197
2265 0.248904573548972
2266 0.248815212934710
2267 0.248756809806740
2268 0.248904688648446
2269 0.248917338158812
2270 0.248810586819040
2271 0.248846567028790
2272 0.248768285126753
2273 0.248756491005080
2274 0.248707384709842
2275 0.248625056507823
2276 0.248568205297098
2277 0.248459128863360
2278 0.248367890833343
2279 0.248352581809204
2280 0.248243807700642
2281 0.248134977276103
2282 0.248159149124578
2283 0.248062369596838
2284 0.247955192826466
2285 0.247890636200978
2286 0.247836878267382
2287 0.247784458397255
2288 0.247843795306199
2289 0.247767418922426
2290 0.247907223842029
2291 0.247802887978589
2292 0.247922106979197
2293 0.248102249846519
2294 0.248117298251562
2295 0.248039251423090
2296 0.247955653933283
2297 0.248091468589950
2298 0.248398588754697
2299 0.248291174708993
2300 0.248225801302039
2301 0.248127195198916
2302 0.248252412296191
2303 0.248158371453693
2304 0.248050689697266
2305 0.247948386379540
2306 0.247842069175692
2307 0.247734641946132
2308 0.247628001860977
2309 0.247659104347436
2310 0.247945463683182
2311 0.247842950874570
2312 0.247881148306969
2313 0.247885580424669
2314 0.247789763410028
2315 0.248025474177581
2316 0.248118155154951
2317 0.248011382196193
2318 0.247905231093003
2319 0.247799252990815
2320 0.247711172186095
2321 0.247604480312591
2322 0.247537913633563
2323 0.247679307242175
2324 0.247606869408678
2325 0.247552885009396
2326 0.247456021049570
2327 0.247349698501541
2328 0.247243448835878
2329 0.247176213011613
2330 0.247167246408217
2331 0.247233844325042
2332 0.247128098538564
2333 0.247337092134097
2334 0.247266999221604
2335 0.247518412612490
2336 0.247537812958025
2337 0.247699780065278
2338 0.247785791843951
2339 0.247794327852103
2340 0.247863145771190
2341 0.247769819956873
2342 0.247753402471135
2343 0.247907608836520
2344 0.247815866722589
2345 0.247717833036045
2346 0.247946196581092
2347 0.247911743575276
2348 0.247833098422933
2349 0.247883099781904
2350 0.247957138888379
2351 0.248033933465098
2352 0.248324447343139
2353 0.248345574140042
2354 0.248240277310398
2355 0.248175403975631
2356 0.248070135788521
2357 0.247965640899333
2358 0.248176127571085
2359 0.248192882173998
2360 0.248195093162989
2361 0.248090143453161
2362 0.247990560243939
2363 0.247905902119950
2364 0.247953036109808
2365 0.247910201751152
2366 0.247805524633179
2367 0.247777601813384
2368 0.247683165846644
2369 0.247625433955831
2370 0.247546100289510
2371 0.247449952909485
2372 0.247366502956435
2373 0.247605167633865
2374 0.247505278148466
2375 0.247445525721500
2376 0.247696914857485
2377 0.247886020268620
2378 0.247850557327070
2379 0.247748657754110
2380 0.247644567088921
2381 0.247557043052931
2382 0.247475253519744
2383 0.247394231403269
2384 0.247381772370946
2385 0.247288591631803
2386 0.247330639283395
2387 0.247227254850774
2388 0.247255216092121
2389 0.247325564463700
2390 0.247284814378706
2391 0.247191088910583
2392 0.247094912074481
2393 0.247134510040084
2394 0.247296387963028
2395 0.247596161549674
2396 0.247508647246830
2397 0.247406864618827
2398 0.247439201694414
2399 0.247338982113404
2400 0.247554136117299
2401 0.247451520149830
2402 0.247348502787027
2403 0.247543443702828
2404 0.247846772190735
2405 0.247816189881918
2406 0.247962848776495
2407 0.247860218312763
2408 0.247834320282223
2409 0.247787065132865
2410 0.247686355712503
2411 0.247796606691187
2412 0.247806910456314
2413 0.248076445795518
2414 0.247973680076465
2415 0.247870999488278
2416 0.247773217444388
2417 0.247990746783184
2418 0.247902796892611
2419 0.247946425379185
2420 0.247855656403155
2421 0.247774387454750
2422 0.247673660910494
2423 0.247882610798079
2424 0.248064188477230
2425 0.247975948053537
2426 0.247920576123688
2427 0.247913465708138
2428 0.248176817053429
2429 0.248268024746701
2430 0.248178415509408
2431 0.248300164582454
2432 0.248262477548499
2433 0.248320638006526
2434 0.248326633122483
2435 0.248282239471373
2436 0.248276827762084
2437 0.248177489028096
2438 0.248117939945711
2439 0.248170943766551
2440 0.248072287880006
2441 0.247971707487243
2442 0.248077379763859
2443 0.248007429851356
2444 0.247914318952545
2445 0.247896855374787
2446 0.247895319712328
2447 0.247895667735148
2448 0.248046657228781
2449 0.248010735917744
2450 0.248262920841879
2451 0.248176564979631
2452 0.248403061661401
2453 0.248704702062992
2454 0.248797665574051
2455 0.248758751894452
2456 0.248710784733490
2457 0.248957651123362
2458 0.248856898800351
2459 0.248761198199731
2460 0.248741850426527
2461 0.248667242443692
2462 0.248900917247482
2463 0.248834779385479
2464 0.248735583447791
2465 0.248652898152992
2466 0.248559665675098
2467 0.248460135674448
2468 0.248365218867359
2469 0.248478751739735
2470 0.248378486647780
2471 0.248294974280388
2472 0.248417831740333
2473 0.248496094238792
2474 0.248426000702834
2475 0.248325679470794
2476 0.248518282069143
2477 0.248421955238584
2478 0.248328009736066
2479 0.248234440117606
2480 0.248177987913932
2481 0.248079866591311
2482 0.248057765863674
2483 0.248310885312237
2484 0.248279627010634
2485 0.248276130798117
2486 0.248203230954329
2487 0.248105082494646
2488 0.248006303402389
2489 0.247982731374118
2490 0.248042197471642
2491 0.248200897613427
2492 0.248105064823769
2493 0.248005552340644
2494 0.247977474138272
2495 0.247878201738866
2496 0.247975720809056
2497 0.248253881597118
2498 0.248437308878589
2499 0.248520247027033
2500 0.248681693840027
2501 0.248614854762098
2502 0.248663892539190
2503 0.248932181574371
2504 0.248868034099238
2505 0.248791773138408
2506 0.248692535797501
2507 0.248716438249330
2508 0.248674452019650
2509 0.248811438412436
2510 0.248979211494742
2511 0.249150440067183
2512 0.249051673017490
2513 0.249150983256929
2514 0.249055211541192
2515 0.249034580890511
2516 0.248937906445684
2517 0.248844925141022
2518 0.248746110840957
2519 0.248839512757244
2520 0.248913463902852
2521 0.248817864201079
2522 0.248737608672701
2523 0.248685162264914
2524 0.248818070688263
2525 0.248829472017760
2526 0.248733574284133
2527 0.248765939962359
2528 0.248695617235160
2529 0.248685045716507
2530 0.248640936518846
2531 0.248566961721769
2532 0.248515881444982
2533 0.248417849579302
2534 0.248335845256849
2535 0.248322094874034
2536 0.248224313138787
2537 0.248126472104568
2538 0.248148209166583
2539 0.248061191946468
2540 0.247964817707933
2541 0.247906761228546
2542 0.247858410811068
2543 0.247811259503351
2544 0.247864614867564
2545 0.247795912957145
2546 0.247921649316869
2547 0.247827794629544
2548 0.247935025808014
2549 0.248097071581235
2550 0.248110611275131
2551 0.248040399285963
2552 0.247965187301456
2553 0.248087379519630
2554 0.248363717118557
2555 0.248267079146174
2556 0.248208262737555
2557 0.248119535672744
2558 0.248232224264398
2559 0.248147599070088
2560 0.248050689697266
2561 0.247958612716649
2562 0.247862914942094
2563 0.247766209727751
2564 0.247670204702666
2565 0.247698186549992
2566 0.247955961679911
2567 0.247863668108154
2568 0.247898049629366
2569 0.247902033509054
2570 0.247815754511013
2571 0.248027984941112
2572 0.248111440086068
2573 0.248015293086312
2574 0.247919697838415
2575 0.247824250193476
2576 0.247744913056770
2577 0.247648806894848
2578 0.247588833211650
2579 0.247716171882928
2580 0.247650907390801
2581 0.247602260445311
2582 0.247514981225329
2583 0.247419173432283
2584 0.247323423162702
2585 0.247262814958045
2586 0.247254702511077
2587 0.247314676337137
2588 0.247219359487802
2589 0.247407652572943
2590 0.247344460519584
2591 0.247571003478450
2592 0.247588467450789
2593 0.247734424440823
2594 0.247811934423153
2595 0.247819618269198
2596 0.247881640087474
2597 0.247797506769942
2598 0.247782696362548
2599 0.247921702218725
2600 0.247838987753941
2601 0.247750594014619
2602 0.247956477225881
2603 0.247925408656809
2604 0.247854489884618
2605 0.247899569270707
2606 0.247966328837372
2607 0.248035578879535
2608 0.248297575426979
2609 0.248316639522430
2610 0.248221681743746
2611 0.248163176149027
2612 0.248068229892900
2613 0.247973973272954
2614 0.248163842913205
2615 0.248178961992720
2616 0.248180961936986
2617 0.248086284010475
2618 0.247996439976579
2619 0.247920054704827
2620 0.247962577834384
2621 0.247923923580304
2622 0.247829461420519
2623 0.247804254691109
2624 0.247719021832071
2625 0.247666906515757
2626 0.247595291031469
2627 0.247508494446475
2628 0.247433151284309
2629 0.247648550535436
2630 0.247558367637627
2631 0.247504409027390
2632 0.247731324568346
2633 0.247902030665024
2634 0.247870008309139
2635 0.247778001274963
2636 0.247684008434799
2637 0.247604966276651
2638 0.247531095696182
2639 0.247457912086582
2640 0.247446637081377
2641 0.247362464068289
2642 0.247400409497608
2643 0.247307012444683
2644 0.247332236229381
2645 0.247395746716930
2646 0.247358912671054
2647 0.247274223705215
2648 0.247187313536503
2649 0.247223049863504
2650 0.247369256356977
2651 0.247640054120697
2652 0.247560971103283
2653 0.247468990220064
2654 0.247498184712021
2655 0.247407606272150
2656 0.247601996703320
2657 0.247509249695989
2658 0.247416132527065
2659 0.247592279721849
2660 0.247866397334221
2661 0.247838749804025
2662 0.247971296288034
2663 0.247878528742516
2664 0.247855112538323
2665 0.247812388918413
2666 0.247721340521242
2667 0.247820995611156
2668 0.247830301567890
2669 0.248073975371707
2670 0.247981063770444
2671 0.247888221762146
2672 0.247799801612329
2673 0.247996487668334
2674 0.247916955665233
2675 0.247956403571869
2676 0.247874314296762
2677 0.247800810082350
2678 0.247709702497280
2679 0.247898672088931
2680 0.248062899041532
2681 0.247983084890834
2682 0.247932995614678
2683 0.247926559014592
2684 0.248164787022439
2685 0.248247303043664
2686 0.248166242088743
2687 0.248276396227185
2688 0.248242307276953
2689 0.248294938204678
2690 0.248300372335547
2691 0.248260211696504
2692 0.248255322804954
2693 0.248165435322678
2694 0.248111549424700
2695 0.248159520745499
2696 0.248070237013989
2697 0.247979204500875
2698 0.248074847274219
2699 0.248011533045336
2700 0.247927248919452
2701 0.247911435747447
2702 0.247910040184624
2703 0.247910349800372
2704 0.248047039000946
2705 0.248014517125713
2706 0.248242842803068
2707 0.248164661000213
2708 0.248369750279267
2709 0.248642898015142
2710 0.248727102539196
2711 0.248691889510652
2712 0.248648474877563
2713 0.248872069801917
2714 0.248780852547444
2715 0.248694203659535
2716 0.248676704201677
2717 0.248609149877227
2718 0.248820836948419
2719 0.248760955567832
2720 0.248671122859506
2721 0.248596240540105
2722 0.248511797251025
2723 0.248421642038693
2724 0.248335659591462
2725 0.248438537470791
2726 0.248347703075024
2727 0.248272041807605
2728 0.248383378528080
2729 0.248454312061206
2730 0.248390806703777
2731 0.248299902326150
2732 0.248474466678513
2733 0.248387178810272
2734 0.248302042680495
2735 0.248217240809523
2736 0.248166076969682
2737 0.248077137586972
2738 0.248057104249868
2739 0.248286566189407
2740 0.248258237247049
2741 0.248255075372427
2742 0.248188989319826
2743 0.248100006097953
2744 0.248010444397829
2745 0.247989069199519
2746 0.248042989172210
2747 0.248186899351128
2748 0.248099999309801
2749 0.248009755746717
2750 0.247984289841218
2751 0.247894252962912
2752 0.247982694659122
2753 0.248234986890848
2754 0.248401370421647
2755 0.248476614839585
2756 0.248623080973355
2757 0.248562469467721
2758 0.248606974508902
2759 0.248850390374466
2760 0.248792222444562
2761 0.248723059860272
2762 0.248633045355191
2763 0.248654754706323
2764 0.248616679532483
2765 0.248741003811683
2766 0.248893274553255
2767 0.249048692291723
2768 0.248959096525446
2769 0.249049258753038
2770 0.248962374865363
2771 0.248943683688970
2772 0.248855970122597
2773 0.248771602287217
2774 0.248681933547235
2775 0.248766742053333
2776 0.248833899710982
2777 0.248747141596479
2778 0.248674307284036
2779 0.248626714989881
2780 0.248747405388372
2781 0.248757782598829
2782 0.248670735156082
2783 0.248700146190220
2784 0.248636313553514
2785 0.248626735073446
2786 0.248586699912125
2787 0.248519539533655
2788 0.248473166564274
2789 0.248384148277831
2790 0.248309680445647
2791 0.248297200669357
2792 0.248208393510911
2793 0.248119526062223
2794 0.248139273953933
2795 0.248060230023106
2796 0.247972680093222
2797 0.247919934517066
2798 0.247876003160913
2799 0.247833158084860
2800 0.247881627423423
2801 0.247819198514257
2802 0.247933438873393
2803 0.247848151795914
2804 0.247945585706605
2805 0.248092838510898
2806 0.248105144445504
2807 0.248041337777339
2808 0.247972982391673
2809 0.248084035769354
2810 0.248335199317898
2811 0.248247372387398
2812 0.248193917539008
2813 0.248113270272914
2814 0.248215709392619
2815 0.248138785997462
2816 0.248050689697266
2817 0.247966980379780
2818 0.247879973259101
2819 0.247792044020832
2820 0.247704745184445
2821 0.247730175492105
2822 0.247964555008204
2823 0.247880627912196
2824 0.247911886689345
2825 0.247915504653897
2826 0.247837036679336
2827 0.248030040978458
2828 0.248105940758086
2829 0.248018496173058
2830 0.247931547278650
2831 0.247844726531508
2832 0.247772553883030
2833 0.247685122460474
2834 0.247630553486992
2835 0.247746378782565
2836 0.247686994933275
2837 0.247642724981264
2838 0.247563304470155
2839 0.247476118893303
2840 0.247388979582719
2841 0.247333809654715
2842 0.247326402975421
2843 0.247380951194750
2844 0.247294190899062
2845 0.247465514612952
2846 0.247407986404857
2847 0.247614136485832
2848 0.247630015517888
2849 0.247762842800124
2850 0.247833380510933
2851 0.247840366878663
2852 0.247896814245997
2853 0.247820224901521
2854 0.247806735007848
2855 0.247933268171267
2856 0.247857963838497
2857 0.247777483932280
2858 0.247964916131645
2859 0.247936626546405
2860 0.247872051825890
2861 0.247913091406044
2862 0.247973874742380
2863 0.248036930038926
2864 0.248275507428793
2865 0.248292875768418
2866 0.248206408204354
2867 0.248153132015211
2868 0.248066664240849
2869 0.247980818656231
2870 0.248153749804048
2871 0.248167524268012
2872 0.248169349926760
2873 0.248083112362657
2874 0.248001272241192
2875 0.247931686898936
2876 0.247970420893111
2877 0.247935203429432
2878 0.247849139821786
2879 0.247826167633650
2880 0.247748503420088
2881 0.247701008735287
2882 0.247635742821353
2883 0.247556639428855
2884 0.247487967454114
2885 0.247684234287751
2886 0.247602038617276
2887 0.247552849571722
2888 0.247759633942654
2889 0.247915203635690
2890 0.247886013304074
2891 0.247802148018688
2892 0.247716467080439
2893 0.247644408100252
2894 0.247577058399803
2895 0.247510330417613
2896 0.247500033997699
2897 0.247423280692734
2898 0.247457853159138
2899 0.247372683840564
2900 0.247395658328615
2901 0.247453542443564
2902 0.247419937798108
2903 0.247342696076543
2904 0.247263423831666
2905 0.247295984733536
2906 0.247429286272708
2907 0.247676216042817
2908 0.247604082506329
2909 0.247520181373781
2910 0.247546789961582
2911 0.247464160499848
2912 0.247641442241250
2913 0.247556832476739
2914 0.247471879485051
2915 0.247632538025007
2916 0.247882576636326
2917 0.247857349945496
2918 0.247978261576849
2919 0.247893627476472
2920 0.247872259028970
2921 0.247833273889103
2922 0.247750195206068
2923 0.247841112506826
2924 0.247849596835031
2925 0.248071937377636
2926 0.247987155444151
2927 0.247902431461972
2928 0.247821737182596
2929 0.248001225025591
2930 0.247928640276906
2931 0.247964638729870
2932 0.247889714058880
2933 0.247822620236260
2934 0.247739454618342
2935 0.247911931546421
2936 0.248061834466555
2937 0.247988977580806
2938 0.247943250783209
2939 0.247937371350341
2940 0.248154852017253
2941 0.248230188791138
2942 0.248156187223950
2943 0.248256762903481
2944 0.248225644878719
2945 0.248273706415918
2946 0.248278675541454
2947 0.248242010939190
2948 0.248237552765752
2949 0.248155474359604
2950 0.248106268038184
2951 0.248150079624405
2952 0.248068541853732
2953 0.247985401659790
2954 0.248072753726589
2955 0.248014925296738
2956 0.247937939325108
2957 0.247923491551016
2958 0.247922212691465
2959 0.247922491406863
2960 0.248047354736844
2961 0.248017644507786
2962 0.248226235377314
2963 0.248154814002726
2964 0.248342193089999
2965 0.248591766369484
2966 0.248668720311437
2967 0.248636565226114
2968 0.248596913891661
2969 0.248801246862614
2970 0.248717915951604
2971 0.248638754459151
2972 0.248622781014218
2973 0.248561061815986
2974 0.248754543170243
2975 0.248699836891238
2976 0.248617752264905
2977 0.248549327199236
2978 0.248472158723905
2979 0.248389764294684
2980 0.248311178956256
2981 0.248405230181284
2982 0.248322204944673
2983 0.248253045448152
2984 0.248354836858949
2985 0.248419696541887
2986 0.248361647308711
2987 0.248278543627458
2988 0.248438159145983
2989 0.248358359401463
2990 0.248280522157516
2991 0.248202985682562
2992 0.248156204261882
2993 0.248074875421999
2994 0.248056555777768
2995 0.248266404459194
2996 0.248240502876974
2997 0.248237617003110
2998 0.248177179879073
2999 0.248095796361849
3000 0.248013878663381
3001 0.247994325729816
3002 0.248043645845899
3003 0.248175287738944
3004 0.248095797159065
3005 0.248013242965133
3006 0.247989944652645
3007 0.247907571155128
3008 0.247988481470879
3009 0.248219307235960
3010 0.248371545084291
3011 0.248440402007824
3012 0.248574431515627
3013 0.248518986022239
3014 0.248559725367635
3015 0.248782488758093
3016 0.248729280672908
3017 0.248666007569344
3018 0.248583647393485
3019 0.248603532234538
3020 0.248568701586186
3021 0.248682506488515
3022 0.248821897411252
3023 0.248964177351537
3024 0.248882194360097
3025 0.248964751751955
3026 0.248885246179629
3027 0.248868161237078
3028 0.248787888290073
3029 0.248710673392193
3030 0.248628600733508
3031 0.248706263860276
3032 0.248767771161011
3033 0.248688357657739
3034 0.248621688265508
3035 0.248578127683486
3036 0.248688657293207
3037 0.248698179114206
3038 0.248618486427492
3039 0.248645437120724
3040 0.248586997860356
3041 0.248578241940824
3042 0.248541591886154
3043 0.248480096366348
3044 0.248437636315274
3045 0.248356113664818
3046 0.248287913659178
3047 0.248276489540754
3048 0.248195148046248
3049 0.248113746426464
3050 0.248131838685176
3051 0.248059429523789
3052 0.247979223493824
3053 0.247930898593755
3054 0.247890646171164
3055 0.247851386593133
3056 0.247895789708142
3057 0.247838584102366
3058 0.247943254508093
3059 0.247865101682395
3060 0.247954378720202
3061 0.248089313487608
3062 0.248100591729779
3063 0.248042119393892
3064 0.247979474908067
3065 0.248081250583562
3066 0.248311443785321
3067 0.248230955442933
3068 0.248181966324051
3069 0.248108050127144
3070 0.248201948792616
3071 0.248131442248569
3072 0.248050689697266
3073 0.247973953886215
3074 0.247894190373014
3075 0.247813576799098
3076 0.247733536405278
3077 0.247756841607322
3078 0.247971718906969
3079 0.247894767508487
3080 0.247923423562731
3081 0.247926737166426
3082 0.247854783328457
3083 0.248031755565553
3084 0.248101354418407
3085 0.248021167661614
3086 0.247941430771575
3087 0.247861806729252
3088 0.247795611774366
3089 0.247715418741671
3090 0.247665360888231
3091 0.247771582145284
3092 0.247717106789543
3093 0.247676491217054
3094 0.247603631108209
3095 0.247523643974341
3096 0.247443694630951
3097 0.247393067417354
3098 0.247386253653533
3099 0.247436276479243
3100 0.247356663057881
3101 0.247513823165543
3102 0.247461027037629
3103 0.247650152477494
3104 0.247664710295569
3105 0.247786575104687
3106 0.247851291377546
3107 0.247857696341670
3108 0.247909488671842
3109 0.247839201738996
3110 0.247826816165562
3111 0.247942930630494
3112 0.247873817893717
3113 0.247799951222944
3114 0.247971967523038
3115 0.247946000596685
3116 0.247886728108006
3117 0.247924392388576
3118 0.247980181550735
3119 0.248038059398508
3120 0.248257060845693
3121 0.248273010457872
3122 0.248193639486284
3123 0.248144734566157
3124 0.248065355187342
3125 0.247986542491913
3126 0.248145309820895
3127 0.248157959301555
3128 0.248159638603630
3129 0.248080459693325
3130 0.248005314052295
3131 0.247941416926523
3132 0.247976981817077
3133 0.247944639907110
3134 0.247865603372559
3135 0.247844501811732
3136 0.247773171687613
3137 0.247729545020358
3138 0.247669594446666
3139 0.247596931518282
3140 0.247533845445912
3141 0.247714101395308
3142 0.247638593256511
3143 0.247593399069698
3144 0.247783333138958
3145 0.247926232071863
3146 0.247899413544588
3147 0.247822366216882
3148 0.247743646556268
3149 0.247677437026526
3150 0.247615550340168
3151 0.247554231393682
3152 0.247544757303248
3153 0.247474221607787
3154 0.247505971787470
3155 0.247427697944943
3156 0.247448791418088
3157 0.247501964900627
3158 0.247471069047691
3159 0.247400070678286
3160 0.247327202332171
3161 0.247357106046637
3162 0.247479595974380
3163 0.247706524375267
3164 0.247640217601424
3165 0.247563091367719
3166 0.247587534854929
3167 0.247511571764306
3168 0.247674512742746
3169 0.247596727537785
3170 0.247518622517962
3171 0.247666296091263
3172 0.247896144399126
3173 0.247872948740470
3174 0.247984103290405
3175 0.247906291390967
3176 0.247886641349841
3177 0.247850793072890
3178 0.247774401181445
3179 0.247857989436915
3180 0.247865785442808
3181 0.248070227410275
3182 0.247992266936545
3183 0.247914355467072
3184 0.247840145424982
3185 0.248005200835936
3186 0.247938447135541
3187 0.247971550887904
3188 0.247902640584422
3189 0.247840928728583
3190 0.247764431477340
3191 0.247923063507128
3192 0.248060940650471
3193 0.247993925373419
3194 0.247951862042444
3195 0.247946451005055
3196 0.248146508602386
3197 0.248215815388563
3198 0.248147742143641
3199 0.248240271893543
3200 0.248211648464203
3201 0.248255870652102
3202 0.248260448066091
3203 0.248226719575490
3204 0.248222622383251
3205 0.248147104664265
3206 0.248101830092059
3207 0.248142145785506
3208 0.248067117242742
3209 0.247990610054179
3210 0.248070994103066
3211 0.248017776647263
3212 0.247946925656139
3213 0.247933626230580
3214 0.247932446080851
3215 0.247932699420033
3216 0.248047620206330
3217 0.248020274152954
3218 0.248212270276601
3219 0.248146533225404
3220 0.248319017664986
3221 0.248548762448935
3222 0.248619615458169
3223 0.248590029658200
3224 0.248553541250915
3225 0.248741667751194
3226 0.248664968052933
3227 0.248592102900725
3228 0.248577410699119
3229 0.248520598743087
3230 0.248698757879505
3231 0.248648403377881
3232 0.248572836417963
3233 0.248509843376005
3234 0.248438795684073
3235 0.248362931807222
3236 0.248290571647757
3237 0.248377191143932
3238 0.248300738637281
3239 0.248237051909336
3240 0.248330805478273
3241 0.248390549441540
3242 0.248337092975420
3243 0.248260557008238
3244 0.248407582025493
3245 0.248334087153613
3246 0.248262396122450
3247 0.248190978361270
3248 0.248147887842996
3249 0.248072969744704
3250 0.248056093711119
3251 0.248249417999934
3252 0.248225560634045
3253 0.248222906461980
3254 0.248167228592490
3255 0.248092248802361
3256 0.248016772897003
3257 0.247998755934197
3258 0.248044199322249
3259 0.248165500350582
3260 0.248092254978016
3261 0.248016182665663
3262 0.247994711890972
3263 0.247918799578906
3264 0.247993360547458
3265 0.248206086381471
3266 0.248346395366263
3267 0.248409864404058
3268 0.248533404004764
3269 0.248482313076631
3270 0.248519874257050
3271 0.248725215581826
3272 0.248676187980437
3273 0.248617880048644
3274 0.248541974464276
3275 0.248560317672846
3276 0.248528222024659
3277 0.248633148814252
3278 0.248761668864949
3279 0.248892859010734
3280 0.248817296435193
3281 0.248893432067103
3282 0.248820149756873
3283 0.248804416883075
3284 0.248730420921084
3285 0.248659240872893
3286 0.248583577840849
3287 0.248655206061149
3288 0.248711940000817
3289 0.248638724639228
3290 0.248577257981779
3291 0.248537099386776
3292 0.248639046204336
3293 0.248647842858289
3294 0.248574358934189
3295 0.248599229126671
3296 0.248545342857398
3297 0.248537279437230
3298 0.248503486682893
3299 0.248446774721218
3300 0.248407618638241
3301 0.248332427346826
3302 0.248269521977091
3303 0.248258988856547
3304 0.248183955147538
3305 0.248108862153340
3306 0.248125554915998
3307 0.248058752960260
3308 0.247984754131091
3309 0.247940166204060
3310 0.247903024159890
3311 0.247866796316679
3312 0.247907762654162
3313 0.247854973789144
3314 0.247951553665736
3315 0.247879433667858
3316 0.247961814067045
3317 0.248086332574033
3318 0.248096741542822
3319 0.248042780435671
3320 0.247984966168921
3321 0.248078894791062
3322 0.248291349550961
3323 0.248217067982538
3324 0.248171855970123
3325 0.248103633805325
3326 0.248190306481008
3327 0.248125228646785
3328 0.248050689697266
3329 0.247979854867780
3330 0.247906221552296
3331 0.247831799825796
3332 0.247757903524951
3333 0.247779411397608
3334 0.247977782650915
3335 0.247906736348165
3336 0.247933189788882
3337 0.247936246260791
3338 0.247869807903177
3339 0.248033207239024
3340 0.248097471134391
3341 0.248023429751146
3342 0.247949800096822
3343 0.247876270994825
3344 0.247815139270855
3345 0.247741077744551
3346 0.247694842112114
3347 0.247792930078749
3348 0.247742613726334
3349 0.247705095221513
3350 0.247637794391433
3351 0.247563907688178
3352 0.247490052249380
3353 0.247443276574425
3354 0.247436967913281
3355 0.247483158680082
3356 0.247409604303317
3357 0.247554763836416
3358 0.247505980474456
3359 0.247680678684181
3360 0.247694118249984
3361 0.247806692134054
3362 0.247866474592849
3363 0.247872387480247
3364 0.247920234053087
3365 0.247855291164648
3366 0.247843842791859
3367 0.247951123776052
3368 0.247887261831279
3369 0.247819004072284
3370 0.247977947605116
3371 0.247953950881392
3372 0.247899175962944
3373 0.247933977953659
3374 0.247985531309334
3375 0.248039017430058
3376 0.248241411848656
3377 0.248256157003707
3378 0.248182806109733
3379 0.248137609533178
3380 0.248064244428330
3381 0.247991399541475
3382 0.248138147564346
3383 0.248149841944565
3384 0.248151396605985
3385 0.248078208254923
3386 0.248008744697633
3387 0.247949676102581
3388 0.247982551243680
3389 0.247952650749919
3390 0.247879580392950
3391 0.247860067750598
3392 0.247794116443058
3393 0.247753775211130
3394 0.247698339403694
3395 0.247631147157110
3396 0.247572806614448
3397 0.247739466895838
3398 0.247669639957169
3399 0.247627840493840
3400 0.247803463515113
3401 0.247935600243607
3402 0.247910797052843
3403 0.247839542476353
3404 0.247766737932324
3405 0.247705499488702
3406 0.247648256058141
3407 0.247591534982093
3408 0.247582761614535
3409 0.247517511672588
3410 0.247546865566036
3411 0.247474454288712
3412 0.247493951429656
3413 0.247543123279748
3414 0.247514532107530
3415 0.247448843289958
3416 0.247381421525808
3417 0.247409069000855
3418 0.247522369524134
3419 0.247732293992825
3420 0.247670942998072
3421 0.247599579287147
3422 0.247622183493046
3423 0.247551891422745
3424 0.247702638122523
3425 0.247630658724012
3426 0.247558380018809
3427 0.247695010641347
3428 0.247907685704938
3429 0.247886218406536
3430 0.247989073004736
3431 0.247917065499511
3432 0.247898878056408
3433 0.247865699433461
3434 0.247794998112153
3435 0.247872350795474
3436 0.247879561778414
3437 0.248068772171832
3438 0.247996617206104
3439 0.247924504220468
3440 0.247855813835942
3441 0.248008585069735
3442 0.247946795216831
3443 0.247977435156041
3444 0.247913645396526
3445 0.247856516190987
3446 0.247785697323046
3447 0.247932541982520
3448 0.248060179558818
3449 0.247998138672029
3450 0.247959195340889
3451 0.247954183576833
3452 0.248139402681265
3453 0.248203573229000
3454 0.248140548910788
3455 0.248226224703313
3456 0.248199725592578
3457 0.248240676459323
3458 0.248244919395640
3459 0.248213691634228
3460 0.248209901352149
3461 0.248139973132468
3462 0.248098048479966
3463 0.248135384954265
3464 0.248065903197810
3465 0.247995048838776
3466 0.248069494412390
3467 0.248020206915737
3468 0.247954585285473
3469 0.247942265102725
3470 0.247941169529209
3471 0.247941401670385
3472 0.248047846528242
3473 0.248022516128003
3474 0.248200363359989
3475 0.248139472522324
3476 0.248299255881403
3477 0.248512091001012
3478 0.248577739381461
3479 0.248550342670560
3480 0.248516549872256
3481 0.248690851783999
3482 0.248619805715469
3483 0.248552309107993
3484 0.248538707893012
3485 0.248486080316765
3486 0.248651165953328
3487 0.248604521903193
3488 0.248534513722866
3489 0.248476153682180
3490 0.248410327164696
3491 0.248340034648772
3492 0.248272985800298
3493 0.248353262037047
3494 0.248282417936467
3495 0.248223401343874
3496 0.248310293567535
3497 0.248365669803412
3498 0.248316132644028
3499 0.248245202326441
3500 0.248381477900914
3501 0.248313364574685
3502 0.248246920153048
3503 0.248180726035268
3504 0.248140786608605
3505 0.248071342443093
3506 0.248055699122544
3507 0.248234911457167
3508 0.248212799242992
3509 0.248210342343494
3510 0.248158728889590
3511 0.248089218574248
3512 0.248019245192239
3513 0.248002540461195
3514 0.248044672155489
3515 0.248157138607410
3516 0.248089228609452
3517 0.248018694408651
3518 0.247998785318605
3519 0.247928394313291
3520 0.247997529940172
3521 0.248194788014201
3522 0.248324901711731
3523 0.248383764851137
3524 0.248498337358135
3525 0.248450966811349
3526 0.248485809808013
3527 0.248676256515637
3528 0.248630800349912
3529 0.248576735041573
3530 0.248506345880606
3531 0.248523369283792
3532 0.248493610395041
3533 0.248590944021173
3534 0.248710166129542
3535 0.248831870228769
3536 0.248761795494891
3537 0.248832436294788
3538 0.248764473732209
3539 0.248749894656580
3540 0.248681265216763
3541 0.248615245080472
3542 0.248545063056897
3543 0.248611526639994
3544 0.248664174741870
3545 0.248596260056677
3546 0.248539242899761
3547 0.248501993415387
3548 0.248596594325585
3549 0.248604768412185
3550 0.248536595744146
3551 0.248559683620074
3552 0.248509692179190
3553 0.248502219776821
3554 0.248470871030580
3555 0.248418252142840
3556 0.248381922966450
3557 0.248312150473537
3558 0.248253776877700
3559 0.248244005831884
3560 0.248174372014035
3561 0.248104680140211
3562 0.248120174372484
3563 0.248058173618322
3564 0.247989490243588
3565 0.247948102813951
3566 0.247913624938793
3567 0.247879994159524
3568 0.247918017509272
3569 0.247869012251592
3570 0.247958662580041
3571 0.247891710773298
3572 0.247968183653085
3573 0.248083778816280
3574 0.248093442921540
3575 0.248043346805172
3576 0.247989671208981
3577 0.248076876198942
3578 0.248274130735269
3579 0.248205167216674
3580 0.248163191566254
3581 0.248099848915165
3582 0.248180328285408
3583 0.248119902950141
3584 0.248050689697266
3585 0.247984913087124
3586 0.247916534950264
3587 0.247847421740236
3588 0.247778793508260
3589 0.247798761423998
3590 0.247982981593496
3591 0.247916998686614
3592 0.247941563947164
3593 0.247944400315825
3594 0.247882692082166
3595 0.248034452165118
3596 0.248094140753995
3597 0.248025369852955
3598 0.247956978456387
3599 0.247888677548819
3600 0.247831889523400
3601 0.247763088480428
3602 0.247720132778910
3603 0.247811244389695
3604 0.247764497036145
3605 0.247729636743231
3606 0.247667106981087
3607 0.247598456120207
3608 0.247529831403111
3609 0.247486362681226
3610 0.247480489458074
3611 0.247523393501571
3612 0.247455041141869
3613 0.247589902784763
3614 0.247544565300422
3615 0.247706881400461
3616 0.247719362246252
3617 0.247823961521995
3618 0.247879509160768
3619 0.247885000181976
3620 0.247929459645603
3621 0.247869105587280
3622 0.247858462562092
3623 0.247958159071617
3624 0.247898806404594
3625 0.247835365870903
3626 0.247983083285091
3627 0.247960778876116
3628 0.247909867119500
3629 0.247942211132596
3630 0.247990126501430
3631 0.248039840371508
3632 0.248227968877633
3633 0.248241678712915
3634 0.248173499064716
3635 0.248131488081186
3636 0.248063290079828
3637 0.247995572838116
3638 0.248131993299923
3639 0.248142866683419
3640 0.248144313922295
3641 0.248076273415384
3642 0.248011693055652
3643 0.247956774505062
3644 0.247987338138333
3645 0.247959536338539
3646 0.247891594650192
3647 0.247873448397252
3648 0.247812121583704
3649 0.247774605605334
3650 0.247723052191408
3651 0.247660564546943
3652 0.247606305538106
3653 0.247761277198922
3654 0.247696336381215
3655 0.247657457291672
3656 0.247820774757627
3657 0.247943656820073
3658 0.247920587243377
3659 0.247854315280002
3660 0.247786599039380
3661 0.247729637345405
3662 0.247676389048752
3663 0.247623624418916
3664 0.247615455279704
3665 0.247554754121242
3666 0.247582048047649
3667 0.247514682340141
3668 0.247532807753676
3669 0.247578538107463
3670 0.247551931656024
3671 0.247490813510680
3672 0.247428080744733
3673 0.247453788548440
3674 0.247559182252583
3675 0.247754473394277
3676 0.247697388905306
3677 0.247630986484588
3678 0.247652008829718
3679 0.247586599864789
3680 0.247726850405983
3681 0.247659870332041
3682 0.247592609045882
3683 0.247719733377789
3684 0.247917623007336
3685 0.247897644363232
3686 0.247993352406062
3687 0.247926343447605
3688 0.247909415957726
3689 0.247878536925338
3690 0.247812737148952
3691 0.247884720006760
3692 0.247891427636276
3693 0.248067518688623
3694 0.248000364514642
3695 0.247933246705464
3696 0.247869311731099
3697 0.248011500618733
3698 0.247953987479403
3699 0.247982504948567
3700 0.247923127380577
3701 0.247869947268428
3702 0.247804022025315
3703 0.247940709904468
3704 0.248059523672059
3705 0.248001769728024
3706 0.247965515512296
3707 0.247960848148409
3708 0.248133277944505
3709 0.248193021008961
3710 0.248134348382847
3711 0.248214115578670
3712 0.248189447254970
3713 0.248227577452836
3714 0.248231531457357
3715 0.248202459199271
3716 0.248198933057303
3717 0.248133823937038
3718 0.248094787627795
3719 0.248129554896241
3720 0.248064856247235
3721 0.247998876858065
3722 0.248068201019840
3723 0.248022302965179
3724 0.247961191818614
3725 0.247949716564793
3726 0.247948694264319
3727 0.247948908441215
3728 0.248048041767317
3729 0.248024450274887
3730 0.248190090851234
3731 0.248133380749819
3732 0.248282205253552
3733 0.248480449229311
3734 0.248541605284205
3735 0.248516096041065
3736 0.248484627975897
3737 0.248646998025850
3738 0.248580829337550
3739 0.248517964478641
3740 0.248505303438972
3741 0.248456286144461
3742 0.248610085803261
3743 0.248566642917161
3744 0.248501431738210
3745 0.248447069895761
3746 0.248385749697622
3747 0.248320266218672
3748 0.248257802288458
3749 0.248332600922354
3750 0.248266598622004
3751 0.248211614038747
3752 0.248292580723508
3753 0.248344184349862
3754 0.248298031047233
3755 0.248231941279019
3756 0.248358932166054
3757 0.248295466046972
3758 0.248233552671227
3759 0.248171870142071
3760 0.248134652350811
3761 0.248069936672572
3762 0.248055358236613
3763 0.248222378698588
3764 0.248201773726598
3765 0.248199486811639
3766 0.248151384749061
3767 0.248086600206181
3768 0.248021381549268
3769 0.248005810878928
3770 0.248045080773710
3771 0.248149912163232
3772 0.248086613031106
3773 0.248020865305520
3774 0.248002306124364
3775 0.247936687722111
3776 0.248001133991500
3777 0.248185021223326
3778 0.248306320908210
3779 0.248361201411235
3780 0.248468020479515
3781 0.248423865266465
3782 0.248456356939596
3783 0.248633923683096
3784 0.248591553963264
3785 0.248541155752764
3786 0.248475535531178
3787 0.248491416293523
3788 0.248463677000471
3789 0.248554442277462
3790 0.248665621019605
3791 0.248779118391242
3792 0.248713788352435
3793 0.248779674067272
3794 0.248716311182672
3795 0.248702728261432
3796 0.248638739575827
3797 0.248577181825771
3798 0.248511740365990
3799 0.248573733995261
3800 0.248622845223075
3801 0.248559515512607
3802 0.248506347155458
3803 0.248471613780405
3804 0.248559856264373
3805 0.248567490054493
3806 0.248503912625912
3807 0.248525456553029
3808 0.248478834869481
3809 0.248471872782764
3810 0.248442638374063
3811 0.248393561514116
3812 0.248359678549631
3813 0.248294596327530
3814 0.248240145436118
3815 0.248231033635171
3816 0.248166074667837
3817 0.248101059088758
3818 0.248115515368593
3819 0.248057671946735
3820 0.247993591568233
3821 0.247954975947196
3822 0.247922805623819
3823 0.247891424464955
3824 0.247926899329389
3825 0.247881171578675
3826 0.247964820170739
3827 0.247902345370773
3828 0.247973701298673
3829 0.248081566537756
3830 0.248090585264774
3831 0.248043837481334
3832 0.247993747600683
3833 0.248075127243965
3834 0.248259211354537
3835 0.248194855288390
3836 0.248155683620879
3837 0.248096569071594
3838 0.248171681209180
3839 0.248115287531351
3840 0.248050689697266
3841 0.247989297052809
3842 0.247925473944338
3843 0.247860962358763
3844 0.247796901058828
3845 0.247815534801880
3846 0.247987488425156
3847 0.247925895203049
3848 0.247948823872326
3849 0.247951469705705
3850 0.247893862832676
3851 0.248035531575201
3852 0.248091253040983
3853 0.248027052147309
3854 0.247963203178147
3855 0.247899436332218
3856 0.247846415676022
3857 0.247782177386705
3858 0.247742067089719
3859 0.247827128815385
3860 0.247783477689318
3861 0.247750923859582
3862 0.247692533489461
3863 0.247628425521120
3864 0.247564339613075
3865 0.247523741133000
3866 0.247518247156271
3867 0.247558301136973
3868 0.247494463590210
3869 0.247620391657754
3870 0.247578045363882
3871 0.247729618399681
3872 0.247741268193426
3873 0.247838947944114
3874 0.247890821039277
3875 0.247895946379631
3876 0.247937466584000
3877 0.247881095665215
3878 0.247871152130582
3879 0.247964265758950
3880 0.247908827570296
3881 0.247849569143139
3882 0.247987541616239
3883 0.247966706553225
3884 0.247919148937190
3885 0.247949359269676
3886 0.247994116253909
3887 0.248040554914187
3888 0.248216296174399
3889 0.248229106538061
3890 0.248165417008657
3891 0.248126172124803
3892 0.248062461277686
3893 0.247999197270672
3894 0.248126648224863
3895 0.248136808324380
3896 0.248138162022499
3897 0.248074592781091
3898 0.248014254148585
3899 0.247962940775697
3900 0.247991496599638
3901 0.247965518204685
3902 0.247902032459534
3903 0.247885073755388
3904 0.247827765394430
3905 0.247792704844139
3906 0.247744525617291
3907 0.247686126880826
3908 0.247635415657028
3909 0.247780230793083
3910 0.247719537007534
3911 0.247683196871276
3912 0.247835820316049
3913 0.247950659226555
3914 0.247929096754924
3915 0.247867156110352
3916 0.247803863392909
3917 0.247750620087830
3918 0.247700845650595
3919 0.247651521512883
3920 0.247643878751872
3921 0.247587133490653
3922 0.247612637609684
3923 0.247549660133519
3924 0.247566594139395
3925 0.247609333217524
3926 0.247584453830899
3927 0.247527311678178
3928 0.247468658110275
3929 0.247492680555083
3930 0.247591199022516
3931 0.247773764000628
3932 0.247720391194915
3933 0.247658305076616
3934 0.247677952475395
3935 0.247616792240167
3936 0.247747913124115
3937 0.247685283021270
3938 0.247622387777917
3939 0.247741242597841
3940 0.247926268964855
3941 0.247907585902312
3942 0.247997075984588
3943 0.247934416650728
3944 0.247918585855627
3945 0.247889708309270
3946 0.247828174516506
3947 0.247895484699127
3948 0.247901754659481
3949 0.248066427723369
3950 0.248003626096098
3951 0.247940856274156
3952 0.247881060911094
3953 0.248014038540338
3954 0.247960248422189
3955 0.247986918424083
3956 0.247931382171546
3957 0.247881640485962
3958 0.247819976275951
3959 0.247947821505114
3960 0.248058952586819
3961 0.248004931432675
3962 0.247971018942723
3963 0.247966651690298
3964 0.248127944293826
3965 0.248183831395898
3966 0.248128948326491
3967 0.248203569315590
3968 0.248180495154473
3969 0.248216168214885
3970 0.248219870124716
3971 0.248192675015813
3972 0.248189378601067
3973 0.248128467187634
3974 0.248091946895481
3975 0.248124475779024
3976 0.248063944115245
3977 0.248002212057169
3978 0.248067074097120
3979 0.248024129304313
3980 0.247966948466085
3981 0.247956209687605
3982 0.247955251479496
3983 0.247955450244265
3984 0.248048211915426
3985 0.248026135919085
3986 0.248181137841847
3987 0.248128071266635
3988 0.248267343673209
3989 0.248452868773005
3990 0.248510107943289
3991 0.248486242865417
3992 0.248456800270654
3993 0.248608767389206
3994 0.248546849430712
3995 0.248488021463864
3996 0.248476179035099
3997 0.248430308488598
3998 0.248574266542847
3999 0.248533613653772
4000 0.248472584247589
4001 0.248421707903555
4002 0.248364316574161
4003 0.248303026251277
4004 0.248244560324586
4005 0.248314581128691
4006 0.248252801147033
4007 0.248201332872932
4008 0.248277130598080
4009 0.248325442860447
4010 0.248282240676761
4011 0.248220372990580
4012 0.248339263653589
4013 0.248279851109138
4014 0.248221890259336
4015 0.248164143568255
4016 0.248129300149788
4017 0.248068710079174
4018 0.248055060788611
4019 0.248211442549213
4020 0.248192152455078
4021 0.248190013531042
4022 0.248144975516525
4023 0.248084315073126
4024 0.248023246083534
4025 0.248008665283274
4026 0.248045437426574
4027 0.248143604502123
4028 0.248084329919521
4029 0.248022760327681
4030 0.248005379621799
4031 0.247943927738395
4032 0.248004280385517
4033 0.248176494352344
4034 0.248290098402012
4035 0.248341501039791
4036 0.248441549547836
4037 0.248400200925193
4038 0.248430638560687
4039 0.248596957131877
4040 0.248557281376112
4041 0.248510084406511
4042 0.248448627927644
4043 0.248463509786315
4044 0.248437533392751
4045 0.248522560779185
4046 0.248626712858824
4047 0.248733040371559
4048 0.248671853259618
4049 0.248733583674898
4050 0.248674237330755
4051 0.248661523158390
4052 0.248601587362374
4053 0.248543926956564
4054 0.248482626164906
4055 0.248540713196177
4056 0.248586732842748
4057 0.248527408189776
4058 0.248477601884562
4059 0.248445066215664
4060 0.248527751180339
4061 0.248534911652264
4062 0.248475349093235
4063 0.248495542618725
4064 0.248451865094853
4065 0.248445348091524
4066 0.248417960838092
4067 0.248371979221244
4068 0.248340233823426
4069 0.248279251009922
4070 0.248228228809793
4071 0.248219692920824
4072 0.248158820602889
4073 0.248097893224721
4074 0.248111441885073
4075 0.248057233307259
4076 0.247997177711764
4077 0.247960985934936
4078 0.247930833657855
4079 0.247901420027463
4080 0.247934666568158
4081 0.247891805403316
4082 0.247970205422770
4083 0.247911646411082
4084 0.247978527212003
4085 0.248079631538695
4086 0.248088085689325
4087 0.248044266687911
4088 0.247997313446261
4089 0.248073597282616
4090 0.248246159632223
4091 0.248185833926540
4092 0.248149115086068
4093 0.248093699508968
4094 0.248164115545513
4095 0.248111249180795
4096 0.248050689697266
