1 0.000650219862109
2 0.000352606764409
3 0.000235072123663
4 0.000181829273060
5 0.030000692818248
6 0.167203108646542
7 0.143395126802456
8 0.145785425885151
9 0.141214795238739
10 0.127323920404433
11 0.177571896507950
12 0.185838782780896
13 0.171543942091585
14 0.159292983197767
15 0.148675823880088
16 0.139719239591614
17 0.131500469408285
18 0.125256137557547
19 0.139650430298245
20 0.133400283939409
21 0.128478757177098
22 0.122718804456988
23 0.117383206598195
24 0.112492239657816
25 0.108724277553665
26 0.107774414313343
27 0.111906311338114
28 0.107909824761789
29 0.124817031544526
30 0.121190743967569
31 0.141133304266635
32 0.140758364816975
33 0.150376710554211
34 0.153691383072141
35 0.152478185750910
36 0.154498233151066
37 0.150398242160279
38 0.148382327910320
39 0.155798721906486
40 0.151988050339605
41 0.148310974273555
42 0.160632740095610
43 0.158075860109780
44 0.154711444116567
45 0.155421453673929
46 0.157201523974495
47 0.159038708703481
48 0.174229119349244
49 0.173387265573127
50 0.169919578469326
51 0.166978806317453
52 0.163767684833426
53 0.160678219799987
54 0.169022694897026
55 0.168229219861281
56 0.167037247757435
57 0.164106809235356
58 0.161289574991299
59 0.158663094887373
60 0.159045664264340
61 0.157106916432790
62 0.154572949291525
63 0.153044746790011
64 0.150684956602163
65 0.148760650439628
66 0.146644503418084
67 0.144477010504760
68 0.142450507676746
69 0.150664764291305
70 0.148519566053320
71 0.146759993999784
72 0.155206083084118
73 0.160589395889437
74 0.159080279834831
75 0.156961447135060
76 0.154896165028970
77 0.152943398104780
78 0.151077659301954
79 0.149264146405297
80 0.148383066915085
81 0.146577822552675
82 0.146886083356471
83 0.145116416261432
84 0.145115739635955
85 0.146128365246616
86 0.144921233511870
87 0.143277144018977
88 0.141661937721520
89 0.141948142921791
90 0.145578942443646
91 0.154339212766650
92 0.152708118158325
93 0.151066977731149
94 0.151093820546047
95 0.149506063590218
96 0.154595441669092
97 0.153001808767915
98 0.151440565830807
99 0.155696383029789
100 0.163754850217374
101 0.162671981935667
102 0.165269616939485
103 0.163665143782637
104 0.162671578209413
105 0.161456495002035
106 0.159934735524959
107 0.161517430782233
108 0.161083391340138
109 0.167276676149722
110 0.165755979093815
111 0.164262681984870
112 0.162801380833246
113 0.167129136001331
114 0.165696455996567
115 0.165791985087740
116 0.164385380645524
117 0.163040526935989
118 0.161659616811595
119 0.165549603821512
120 0.168638517213488
121 0.167274418200111
122 0.166121865383867
123 0.165476612684308
124 0.170749880269091
125 0.171654559176059
126 0.170315874041636
127 0.171830604783961
128 0.170843797740417
129 0.171131625652477
130 0.170645224650539
131 0.169631515652251
132 0.169024868774145
133 0.167755573430495
134 0.166672555259843
135 0.166897850255406
136 0.165672750011575
137 0.164463808539717
138 0.165600518659492
139 0.164509822146474
140 0.163345670472180
141 0.162693558008868
142 0.162219430358388
143 0.161773036791836
144 0.163759324780787
145 0.162955416536333
146 0.167226897255659
147 0.166116751534932
148 0.169687045938583
149 0.175129553972602
150 0.175902278976567
151 0.175028050524352
152 0.174098714018471
153 0.177997444653390
154 0.176841718731865
155 0.175705760261729
156 0.175022164067205
157 0.173974529495342
158 0.177456946612593
159 0.176446254183201
160 0.175344207988201
161 0.174290365325523
162 0.173222661495592
163 0.172160332700905
164 0.171115655171977
165 0.172173513072470
166 0.171136366860976
167 0.170142009409612
168 0.171340252342296
169 0.171843757338832
170 0.170911520301605
171 0.169912039701531
172 0.172327562643553
173 0.171334095428692
174 0.170355029147492
175 0.169387601999084
176 0.168564837144252
177 0.167613248818013
178 0.167034419288515
179 0.170586422224534
180 0.169930442018489
181 0.169502230848226
182 0.168631698775908
183 0.167710789878777
184 0.166799542777683
185 0.166235378045860
186 0.166489995273540
187 0.168163685746004
188 0.167271419375848
189 0.166386385491774
190 0.165807054592920
191 0.164938961591661
192 0.165673051286831
193 0.169509380897848
194 0.171524123241936
195 0.172028386808980
196 0.173652815797493
197 0.172849123913457
198 0.172944926161792
199 0.176450511420050
200 0.175655816581020
201 0.174824937912051
202 0.173959469042741
203 0.173796805839696
204 0.173137477439548
205 0.174331065964605
206 0.175974647855781
207 0.177658154267341
208 0.176804080477828
209 0.177458275834527
210 0.176614883061757
211 0.176094400615697
212 0.175264650245979
213 0.174446049145189
214 0.173630880830502
215 0.174211143647411
216 0.174561668421794
217 0.173758682846752
218 0.172989121510454
219 0.172325954634222
220 0.173398092466662
221 0.173148038078633
222 0.172369135847914
223 0.172304715626589
224 0.171589833372569
225 0.171188851629118
226 0.170592651732384
227 0.169883251860086
228 0.169264832794413
229 0.168525688068881
230 0.167813835919985
231 0.167417468963519
232 0.166695849349676
233 0.165980416520798
234 0.165856193722098
235 0.165160898454555
236 0.164461369494856
237 0.163859016712609
238 0.163301835970119
239 0.162754505803742
240 0.162919995210844
241 0.162296908648477
242 0.163235660692216
243 0.162565474214409
244 0.163281981127929
245 0.164662715253994
246 0.164488133869489
247 0.163869184797915
248 0.163241571600162
249 0.164113595105393
250 0.167154254950448
251 0.166488376065312
252 0.165910275507861
253 0.165260989585045
254 0.166004421114086
255 0.165365859509478
256 0.164719899476040
257 0.164081496053418
258 0.163445734416260
259 0.162814669815588
260 0.162188544549840
261 0.162139071762289
262 0.164776766861624
263 0.164152319975222
264 0.164146127549044
265 0.163921612917037
266 0.163314035601168
267 0.165249382499827
268 0.165665521116556
269 0.165049685922145
270 0.164438503817167
271 0.163831851011320
272 0.163249272424015
273 0.162651290277682
274 0.162127389568986
275 0.162987827060120
276 0.162450362118313
277 0.161972376052655
278 0.161396071812662
279 0.160817591461021
280 0.160243242920192
281 0.159738082579032
282 0.159469606517777
283 0.159681147250867
284 0.159118906194353
285 0.160659607651430
286 0.160153904142984
287 0.162172218460390
288 0.162057506736144
289 0.163082095896731
290 0.163426901001100
291 0.163247528409444
292 0.163459694038715
293 0.162911362545381
294 0.162608240566185
295 0.163540489560065
296 0.162999379322468
297 0.162454694313408
298 0.164143856878798
299 0.163764402175876
300 0.163251992689984
301 0.163329766382701
302 0.163574716452626
303 0.163838658663135
304 0.166221355245493
305 0.166112361570326
306 0.165569520226577
307 0.165095157615819
308 0.164559135964950
309 0.164026666392445
310 0.165469418678405
311 0.165340518836774
312 0.165135833782957
313 0.164608250454574
314 0.164086272660387
315 0.163585450362607
316 0.163642513043439
317 0.163254940593901
318 0.162741563276543
319 0.162414148318611
320 0.161912910901265
321 0.161488275839384
322 0.161015004631863
323 0.160520910122864
324 0.160046076505818
325 0.161735886159896
326 0.161241300274843
327 0.160820348134101
328 0.162631500755862
329 0.163803404759256
330 0.163455257495890
331 0.162961941996966
332 0.162471092795386
333 0.161996804564367
334 0.161533987100056
335 0.161075109945925
336 0.160830177437717
337 0.160359340927694
338 0.160393352370109
339 0.159920226594587
340 0.159876518809666
341 0.160085646075744
342 0.159741287566921
343 0.159281066459234
344 0.158821351120233
345 0.158845446335959
346 0.159741037820215
347 0.161997586823145
348 0.161544371081702
349 0.161081728352043
350 0.161060323991985
351 0.160602194606658
352 0.161958683710509
353 0.161499914210635
354 0.161043699766343
355 0.162203482213565
356 0.164448818223606
357 0.164140516642489
358 0.164876522887413
359 0.164417281547292
360 0.164128162221237
361 0.163770709809086
362 0.163318718871580
363 0.163775921100731
364 0.163640935523630
365 0.165483430044345
366 0.165031289525098
367 0.164581612986885
368 0.164136002497798
369 0.165457687355059
370 0.165020784458040
371 0.165052217118481
372 0.164615587152546
373 0.164193125783853
374 0.163754355747686
375 0.164983192321670
376 0.165970522158204
377 0.165539784795967
378 0.165172385827244
379 0.164965481862892
380 0.166687577419036
381 0.166995050296256
382 0.166565692133802
383 0.167077757371878
384 0.166761198897499
385 0.166868244091002
386 0.166715475312011
387 0.166382487897445
388 0.166184476659931
389 0.165757803424479
390 0.165390811976116
391 0.165471877366614
392 0.165050480274083
393 0.164630626045312
394 0.165028339697655
395 0.164645973529687
396 0.164234060939322
397 0.164000216486440
398 0.163827772303410
399 0.163663755707015
400 0.164374092585749
401 0.164081869485373
402 0.165630401157195
403 0.165229421194792
404 0.166539547190041
405 0.168549624216751
406 0.168851320473772
407 0.168544299496421
408 0.168213967638907
409 0.169686805129181
410 0.169272973050179
411 0.168862985660424
412 0.168620756942598
413 0.168238003381683
414 0.169580898141681
415 0.169212647424085
416 0.168806171980717
417 0.168414971422723
418 0.168015228297015
419 0.167614387818887
420 0.167217289795406
421 0.167641149460389
422 0.167243912712768
423 0.166860543350524
424 0.167343058158896
425 0.167552680602656
426 0.167190734077791
427 0.166799187482033
428 0.167777184674200
429 0.167387162645758
430 0.167000161250070
431 0.166615138319503
432 0.166286355563089
433 0.165902631193198
434 0.165669172578852
435 0.167133939871397
436 0.166871040892648
437 0.166700682035229
438 0.166345350326670
439 0.165966671557363
440 0.165589568493091
441 0.165355644454309
442 0.165464781417975
443 0.166173597066296
444 0.165800272766950
445 0.165427687918678
446 0.165183037306101
447 0.164813503198822
448 0.165128393109236
449 0.166778629797664
450 0.167653275944004
451 0.167879888455914
452 0.168593464960564
453 0.168255125114387
454 0.168307025651765
455 0.169850430853750
456 0.169516354346645
457 0.169164347453367
458 0.168794993477074
459 0.168734304686982
460 0.168452912312031
461 0.168993845528439
462 0.169738250485189
463 0.170504389199149
464 0.170136946132014
465 0.170445320247919
466 0.170080299804367
467 0.169859128042352
468 0.169496581448747
469 0.169137106042199
470 0.168777239922540
471 0.169052420700764
472 0.169223759841046
473 0.168866656328988
474 0.168523043787226
475 0.168226691222655
476 0.168730829009521
477 0.168624760338038
478 0.168272473690592
479 0.168251035178697
480 0.167925868627754
481 0.167745916595463
482 0.167473513604534
483 0.167146568194836
484 0.166860901121885
485 0.166516859450804
486 0.166184108081199
487 0.165999444756548
488 0.165659285481539
489 0.165320513937039
490 0.165262537952729
491 0.164930968233578
492 0.164595889159862
493 0.164306047113093
494 0.164036702888167
495 0.163770951824163
496 0.163848978057397
497 0.163544968310159
498 0.163998642878278
499 0.163670750500937
500 0.164018195322162
501 0.164691935135918
502 0.164606325095141
503 0.164302152904476
504 0.163992468299021
505 0.164420949400216
506 0.165922644275649
507 0.165595417471913
508 0.165310400972140
509 0.164988849962442
510 0.165359641625185
511 0.165042247437932
512 0.164719899476040
513 0.164400075539171
514 0.164080338025800
515 0.163761735433211
516 0.163444410559738
517 0.163417005794630
518 0.164748662516625
519 0.164432282118208
520 0.164428599882334
521 0.164313861207066
522 0.164003501409534
523 0.164990209165048
524 0.165203538025006
525 0.164888875769377
526 0.164575456837455
527 0.164263236982797
528 0.163962303721967
529 0.163652356354770
530 0.163379620769374
531 0.163822875155177
532 0.163542470320528
533 0.163292012068390
534 0.162989517284244
535 0.162684864081292
536 0.162381347543881
537 0.162113026947066
538 0.161967887181932
539 0.162074320849465
540 0.161774191898264
541 0.162580928736643
542 0.162310536625018
543 0.163373335108652
544 0.163310397437272
545 0.163851412807379
546 0.164033142044296
547 0.163936608835493
548 0.164048403148122
549 0.163754687598657
550 0.163591121804227
551 0.164088454965672
552 0.163797301712530
553 0.163503324551444
554 0.164410042627704
555 0.164205136065681
556 0.163927863440398
557 0.163968678540502
558 0.164100105079855
559 0.164242232273338
560 0.165534975465172
561 0.165476942147622
562 0.165182504368681
563 0.164924525140182
564 0.164632106636650
565 0.164340768462180
566 0.165130413526806
567 0.165060309742686
568 0.164948370433361
569 0.164658482703247
570 0.164370848914435
571 0.164094065026423
572 0.164124699978309
573 0.163909442293425
574 0.163623887435204
575 0.163440708833919
576 0.163160461378943
577 0.162922063796028
578 0.162655926915789
579 0.162377458092490
580 0.162109005265088
581 0.163050700977337
582 0.162771405765404
583 0.162532672565553
584 0.163546963208543
585 0.164204469113951
586 0.164007729077662
587 0.163728615105387
588 0.163450165091725
589 0.163180356851953
590 0.162916349080144
591 0.162653902026652
592 0.162512219400235
593 0.162241808024451
594 0.162257992200275
595 0.161985295935179
596 0.161956897082471
597 0.162072863614229
598 0.161872599688551
599 0.161605509284447
600 0.161338065085377
601 0.161347709237557
602 0.161858294604088
603 0.163153328181588
604 0.162890290401156
605 0.162621185885503
606 0.162606283272378
607 0.162338821371999
608 0.163121300874943
609 0.162853471235173
610 0.162586498333035
611 0.163257823979839
612 0.164562211688676
613 0.164382477499568
614 0.164811220618176
615 0.164543249335519
616 0.164374079002454
617 0.164164538909151
618 0.163899143199641
619 0.164166322496658
620 0.164086443220109
621 0.165168673481566
622 0.164903128990438
623 0.164638436969588
624 0.164375549976051
625 0.165155489439813
626 0.164897738842398
627 0.164916533998122
628 0.164658109373588
629 0.164407520164139
630 0.164146703675398
631 0.164876373037230
632 0.165463940818594
633 0.165208204003074
634 0.164989678404676
635 0.164866475420319
636 0.165895556108648
637 0.166080703969764
638 0.165825060597145
639 0.166133138246159
640 0.165944679128916
641 0.166010246865682
642 0.165919731676484
643 0.165720555337756
644 0.165602284487453
645 0.165345860151920
646 0.165124939530266
647 0.165174340519648
648 0.164919880452634
649 0.164665840218296
650 0.164906861702681
651 0.164675044255134
652 0.164424819628585
653 0.164282358669193
654 0.164176984163033
655 0.164076538615214
656 0.164509041616107
657 0.164330477822680
658 0.165276163421062
659 0.165031488630300
660 0.165833744440368
661 0.167066402531997
662 0.167253671266190
663 0.167067608085837
664 0.166866857021898
665 0.167774733178498
666 0.167522842667327
667 0.167272835640631
668 0.167125817554216
669 0.166891763322124
670 0.167723561338093
671 0.167498573691299
672 0.167249496740840
673 0.167009416566332
674 0.166763590050473
675 0.166516626314044
676 0.166271532514699
677 0.166536511357002
678 0.166290892965567
679 0.166053467014930
680 0.166355516066527
681 0.166487787844339
682 0.166263265370976
683 0.166019835022979
684 0.166632937582491
685 0.166390346045104
686 0.166149218080753
687 0.165908906668955
688 0.165703488181862
689 0.165463183704675
690 0.165316978500128
691 0.166239592054883
692 0.166075242911937
693 0.165968964379887
694 0.165745760387533
695 0.165507428891437
696 0.165269690233946
697 0.165122142711932
698 0.165191586894858
699 0.165641198521081
700 0.165405164820560
701 0.165169208829783
702 0.165014143738443
703 0.164779417063641
704 0.164979849969892
705 0.166031062475202
706 0.166589615355054
707 0.166735677453301
708 0.167192853711923
709 0.166978654362036
710 0.167013639312349
711 0.168003150920285
712 0.167791786303282
713 0.167568584925743
714 0.167333895347852
715 0.167296979184882
716 0.167118203812012
717 0.167467862000665
718 0.167948977701983
719 0.168444821230977
720 0.168210885098779
721 0.168412438531413
722 0.168179659244739
723 0.168039428854280
724 0.167807588928011
725 0.167577375171942
726 0.167346552382176
727 0.167526801122319
728 0.167639984767637
729 0.167410456391602
730 0.167189338384947
731 0.166998594523430
732 0.167328099555189
733 0.167260989013793
734 0.167033428732928
735 0.167021143015594
736 0.166810748922810
737 0.166694817026166
738 0.166518330383810
739 0.166305935999962
740 0.166120230282242
741 0.165896047367755
742 0.165678936379150
743 0.165558578549536
744 0.165336055888249
745 0.165114128296750
746 0.165076324212739
747 0.164858634094449
748 0.164638331193207
749 0.164447497319921
750 0.164269900656828
751 0.164094427987785
752 0.164145461944595
753 0.163944413699888
754 0.164243525754972
755 0.164026488431568
756 0.164255809427179
757 0.164701392032974
758 0.164644682669693
759 0.164443052933884
760 0.164237497748122
761 0.164521516048588
762 0.165518572531948
763 0.165301665693481
764 0.165112536596484
765 0.164898848231044
766 0.165145837460457
767 0.164934658026922
768 0.164719899476040
769 0.164506544886165
770 0.164292971443023
771 0.164079880692568
772 0.163867370614885
773 0.163848494517063
774 0.164739149159532
775 0.164527288626085
776 0.164524698717371
777 0.164447639581400
778 0.164239231364580
779 0.164901378253127
780 0.165044805373038
781 0.164833487893456
782 0.164622742407120
783 0.164412541706003
784 0.164209681927378
785 0.164000497805783
786 0.163816149203098
787 0.164114664514950
788 0.163924985376126
789 0.163755306335004
790 0.163550248728674
791 0.163343484891729
792 0.163137243117912
793 0.162954589831577
794 0.162855185856103
795 0.162926230444941
796 0.162721555139358
797 0.163267975799737
798 0.163083465058428
799 0.163804775006088
800 0.163761438089678
801 0.164128981580384
802 0.164252356386598
803 0.164186325403338
804 0.164262212924176
805 0.164061636965875
806 0.163949641759542
807 0.164288764500560
808 0.164089609914831
809 0.163888297580735
810 0.164507972693351
811 0.164367626118766
812 0.164177569382670
813 0.164205225354152
814 0.164295028133201
815 0.164392272523512
816 0.165279265350935
817 0.165239729266441
818 0.165037728265361
819 0.164860564004626
820 0.164659515132850
821 0.164458987146161
822 0.165002564868660
823 0.164954422709562
824 0.164877389165067
825 0.164677540513956
826 0.164479029233770
827 0.164287793707320
828 0.164308723011424
829 0.164159716164052
830 0.163961934522498
831 0.163834779597316
832 0.163640288485742
833 0.163474579923379
834 0.163289472449871
835 0.163095619762177
836 0.162908513540212
837 0.163561232417800
838 0.163366649667460
839 0.163200050502483
840 0.163904429499590
841 0.164361365871020
842 0.164224255944627
843 0.164029645709049
844 0.163835297795972
845 0.163646774499014
846 0.163462104282685
847 0.163278335730363
848 0.163178688857082
849 0.162989029946249
850 0.162999460744505
851 0.162807926377553
852 0.162787094984764
853 0.162867284693507
854 0.162726122809859
855 0.162538005061111
856 0.162349454809688
857 0.162355037943569
858 0.162712106780335
859 0.163620199254207
860 0.163434918218796
861 0.163245193642968
862 0.163233992956992
863 0.163045143497879
864 0.163594959719713
865 0.163405847685649
866 0.163217157331429
867 0.163689532546191
868 0.164608718685871
869 0.164481879140508
870 0.164784349109685
871 0.164595169468669
872 0.164475604279103
873 0.164327393783290
874 0.164139547784033
875 0.164328283304340
876 0.164271562856545
877 0.165037674456007
878 0.164849704439543
879 0.164662162113674
880 0.164475724376048
881 0.165028916192678
882 0.164846121067129
883 0.164859525574959
884 0.164676003339909
885 0.164497880733457
886 0.164312322326599
887 0.164831212685861
888 0.165249442413533
889 0.165067589876054
890 0.164912079072394
891 0.164824361568764
892 0.165558147927092
893 0.165690596522515
894 0.165508593877903
895 0.165728904586773
896 0.165594742085237
897 0.165641987187033
898 0.165577685971235
899 0.165435607728636
900 0.165351294973096
901 0.165168006730138
902 0.165009983594698
903 0.165045506735414
904 0.164863248671652
905 0.164681132118829
906 0.164854033523851
907 0.164687704604144
908 0.164508013946811
909 0.164405582482783
910 0.164329716382956
911 0.164257329373031
912 0.164568229787316
913 0.164439669436328
914 0.165120360828146
915 0.164944311774026
916 0.165522451524573
917 0.166411326433497
918 0.166547085668937
919 0.166413621791922
920 0.166269442748268
921 0.166925615450128
922 0.166744585121807
923 0.166564762338209
924 0.166459242848574
925 0.166290685327965
926 0.166893175337353
927 0.166731215979210
928 0.166551676805723
929 0.166378505505929
930 0.166201025763317
931 0.166022574680823
932 0.165845332881763
933 0.166038062652258
934 0.165860299460943
935 0.165688340501609
936 0.165908167939214
937 0.166004778855775
938 0.165842048239735
939 0.165665432999532
940 0.166111939970521
941 0.165935899369567
942 0.165760783300703
943 0.165586122107570
944 0.165436752261639
945 0.165261828400410
946 0.165155401089804
947 0.165828777587952
948 0.165709242996758
949 0.165632019579692
950 0.165469317868225
951 0.165295433591393
952 0.165121847341064
953 0.165014089964410
954 0.165065012493163
955 0.165394232494347
956 0.165221662803617
957 0.165049017403912
958 0.164935514791496
959 0.164763529157045
960 0.164910529838198
961 0.165681782841710
962 0.166092061025504
963 0.166199811241277
964 0.166536135574593
965 0.166379440630622
966 0.166405774511008
967 0.167133955088096
968 0.166979386481201
969 0.166815991040166
970 0.166644016024982
971 0.166617543133941
972 0.166486551641221
973 0.166744862610835
974 0.167100267203172
975 0.167466790493270
976 0.167295216738716
977 0.167444895032769
978 0.167274037055795
979 0.167171400743116
980 0.167001008826272
981 0.166831693440901
982 0.166661803763061
983 0.166795807407724
984 0.166880287781206
985 0.166711184746542
986 0.166548185889329
987 0.166407565210226
988 0.166652290627798
989 0.166603234795730
990 0.166435182783672
991 0.166426674452400
992 0.166271174872030
993 0.166185674133082
994 0.166055153007161
995 0.165897870321446
996 0.165760305898318
997 0.165594047507896
998 0.165432930921037
999 0.165343661789962
1000 0.165178319846724
1001 0.165013306540404
1002 0.164985261605359
1003 0.164823224261634
1004 0.164659129480463
1005 0.164516885331828
1006 0.164384413278814
1007 0.164253435635246
1008 0.164291350841470
1009 0.164141167276394
1010 0.164364269985262
1011 0.164202070258853
1012 0.164373207700409
1013 0.164706069136059
1014 0.164663672317054
1015 0.164512878268654
1016 0.164359047789802
1017 0.164571453273197
1018 0.165317727441268
1019 0.165155510490670
1020 0.165013992378019
1021 0.164853979591200
1022 0.165039144579821
1023 0.164880915906662
1024 0.164719899476040
1025 0.164559831495929
1026 0.164399495396680
1027 0.164239417993998
1028 0.164079673521943
1029 0.164065287198791
1030 0.164734364772179
1031 0.164575114404542
1032 0.164573120610994
1033 0.164515111539800
1034 0.164358236235502
1035 0.164856490748843
1036 0.164964519745981
1037 0.164805446779803
1038 0.164646704073443
1039 0.164488271820661
1040 0.164335273939357
1041 0.164177411184828
1042 0.164038183819099
1043 0.164263216911919
1044 0.164119906841239
1045 0.163991608578167
1046 0.163836511244282
1047 0.163680029431923
1048 0.163523846197760
1049 0.163385399430226
1050 0.163309820795821
1051 0.163363127944428
1052 0.163207844255509
1053 0.163620960093311
1054 0.163480929205401
1055 0.164026833645242
1056 0.163993792365159
1057 0.164272098875832
1058 0.164365485905404
1059 0.164315310259440
1060 0.164372748544249
1061 0.164220463735528
1062 0.164135315936024
1063 0.164392593807919
1064 0.164241258531061
1065 0.164088194374348
1066 0.164558866930094
1067 0.164452145312264
1068 0.164307566109170
1069 0.164328477529272
1070 0.164396679594665
1071 0.164470584848299
1072 0.165145685440512
1073 0.165115706501909
1074 0.164961970192674
1075 0.164827066219214
1076 0.164673881668033
1077 0.164521005304424
1078 0.164935438393232
1079 0.164898780496604
1080 0.164840058275816
1081 0.164687571868530
1082 0.164536018865952
1083 0.164389935052465
1084 0.164405827416352
1085 0.164291888447802
1086 0.164140607660718
1087 0.164043234692949
1088 0.163894314601106
1089 0.163767327219505
1090 0.163625425953265
1091 0.163476752307318
1092 0.163333160792568
1093 0.163832612808385
1094 0.163683315070564
1095 0.163555375924612
1096 0.164094904238615
1097 0.164445034606558
1098 0.164339815820804
1099 0.164190432755773
1100 0.164041168732424
1101 0.163896293113109
1102 0.163754296269526
1103 0.163612914441962
1104 0.163536071029594
1105 0.163390027773965
1106 0.163397681644390
1107 0.163250080951368
1108 0.163233663531485
1109 0.163294939683884
1110 0.163185948779717
1111 0.163040763810186
1112 0.162895168689711
1113 0.162898977343670
1114 0.163173502588324
1115 0.163872686480027
1116 0.163729680944472
1117 0.163583174568005
1118 0.163574236310191
1119 0.163428286956690
1120 0.163852088806873
1121 0.163705934445988
1122 0.163560028979398
1123 0.163924415835632
1124 0.164634041001070
1125 0.164536041990193
1126 0.164769696262249
1127 0.164623502105658
1128 0.164531047160677
1129 0.164416394188378
1130 0.164271025689479
1131 0.164416924984230
1132 0.164372953470141
1133 0.164965873577921
1134 0.164820401026265
1135 0.164675184813908
1136 0.164530749750694
1137 0.164959339869495
1138 0.164817726754898
1139 0.164828143414008
1140 0.164685860717847
1141 0.164547693878156
1142 0.164403688132428
1143 0.164806281643241
1144 0.165130943294654
1145 0.164989852983125
1146 0.164869148900783
1147 0.164801046576840
1148 0.165371221443234
1149 0.165474322855067
1150 0.165333023645836
1151 0.165504486421397
1152 0.165400332616527
1153 0.165437256524401
1154 0.165387397112682
1155 0.165276974557498
1156 0.165211470364751
1157 0.165068857674780
1158 0.164945854463112
1159 0.164973586581488
1160 0.164831612987103
1161 0.164689680304398
1162 0.164824482477173
1163 0.164694791351526
1164 0.164554614200662
1165 0.164474651281301
1166 0.164415382653822
1167 0.164358801477890
1168 0.164601472458817
1169 0.164501037178129
1170 0.165032738515206
1171 0.164895251527840
1172 0.165347150053221
1173 0.166042182954291
1174 0.166148653245273
1175 0.166044606546930
1176 0.165932127206014
1177 0.166445867540725
1178 0.166304585524764
1179 0.166164181428357
1180 0.166081893777923
1181 0.165950193221197
1182 0.166422482765021
1183 0.166295969128144
1184 0.166155616842548
1185 0.166020190616772
1186 0.165881322281409
1187 0.165741627037669
1188 0.165602815245513
1189 0.165754252918774
1190 0.165614969716292
1191 0.165480178534736
1192 0.165652969343096
1193 0.165729062911758
1194 0.165601453529931
1195 0.165462875190315
1196 0.165813978125549
1197 0.165675835900275
1198 0.165538357374899
1199 0.165401173822606
1200 0.165283823667378
1201 0.165146313159245
1202 0.165062648666240
1203 0.165592806850920
1204 0.165498884241523
1205 0.165438241366800
1206 0.165310237347164
1207 0.165173365046629
1208 0.165036666336555
1209 0.164951796527667
1210 0.164991996846565
1211 0.165251681501212
1212 0.165115679790532
1213 0.164979558055573
1214 0.164890047311466
1215 0.164754336401212
1216 0.164870397130376
1217 0.165479447474733
1218 0.165803659254845
1219 0.165889017630202
1220 0.166155023737520
1221 0.166031494246041
1222 0.166052596107611
1223 0.166628641730217
1224 0.166506814035677
1225 0.166377950680643
1226 0.166242242911989
1227 0.166221620740769
1228 0.166118259333170
1229 0.166323063943213
1230 0.166604841074598
1231 0.166895544270353
1232 0.166760085878939
1233 0.166879121421639
1234 0.166744167347191
1235 0.166663235298281
1236 0.166528546048230
1237 0.166394652814382
1238 0.166260246818411
1239 0.166366886963405
1240 0.166434272131107
1241 0.166300411959074
1242 0.166171341024754
1243 0.166059984817667
1244 0.166254628139976
1245 0.166215978697866
1246 0.166082765025443
1247 0.166076286004968
1248 0.165952964534391
1249 0.165885243138524
1250 0.165781693083987
1251 0.165656814736774
1252 0.165547571038811
1253 0.165415450623495
1254 0.165287367882824
1255 0.165216424218357
1256 0.165084883847604
1257 0.164953551402395
1258 0.164931261044862
1259 0.164802214615001
1260 0.164671476400199
1261 0.164558099940011
1262 0.164452467531183
1263 0.164347984125542
1264 0.164378145501636
1265 0.164258286203753
1266 0.164436182425736
1267 0.164306698735254
1268 0.164443202254479
1269 0.164708859181004
1270 0.164675006295559
1271 0.164554575695161
1272 0.164431672028542
1273 0.164601305769606
1274 0.165197598744959
1275 0.165068046632046
1276 0.164954989413359
1277 0.164827100570463
1278 0.164975195638844
1279 0.164848687442050
1280 0.164719899476040
1281 0.164591820100854
1282 0.164463476242481
1283 0.164335289591350
1284 0.164207319818087
1285 0.164195700228344
1286 0.164731485210895
1287 0.164603913921483
1288 0.164602294050010
1289 0.164555783154756
1290 0.164430008165408
1291 0.164829405260201
1292 0.164916050094971
1293 0.164788509339924
1294 0.164661184771329
1295 0.164534060762574
1296 0.164411249354010
1297 0.164284486745777
1298 0.164172636213688
1299 0.164353217478828
1300 0.164238059237015
1301 0.164134915626480
1302 0.164010203554059
1303 0.163884332372287
1304 0.163758654203312
1305 0.163647186412393
1306 0.163586222129769
1307 0.163628876614736
1308 0.163503781668701
1309 0.163835878719727
1310 0.163723048586533
1311 0.164162169154536
1312 0.164135471801429
1313 0.164359408056070
1314 0.164434534515817
1315 0.164394074395904
1316 0.164440279424597
1317 0.164317544638771
1318 0.164248861752598
1319 0.164456119396273
1320 0.164334085865845
1321 0.164210614136675
1322 0.164590050237025
1323 0.164503955641763
1324 0.164387292198233
1325 0.164404103203516
1326 0.164459081019727
1327 0.164518681716952
1328 0.165063606218445
1329 0.165039463764044
1330 0.164915376129923
1331 0.164806454133375
1332 0.164682725931434
1333 0.164559202534682
1334 0.164894075602527
1335 0.164864478218503
1336 0.164817033835141
1337 0.164693761747006
1338 0.164571200806298
1339 0.164453020110296
1340 0.164465829242680
1341 0.164373596742529
1342 0.164251113401942
1343 0.164172219193672
1344 0.164051568862998
1345 0.163948634652719
1346 0.163833587336497
1347 0.163713014872420
1348 0.163596517693880
1349 0.164000993376895
1350 0.163879882187455
1351 0.163776040639020
1352 0.164213246532092
1353 0.164497041558951
1354 0.164411678018544
1355 0.164290464844621
1356 0.164169306689921
1357 0.164051667636993
1358 0.163936324561770
1359 0.163821441424099
1360 0.163758909325396
1361 0.163640172634899
1362 0.163646204232424
1363 0.163526143711688
1364 0.163512605175038
1365 0.163562184890325
1366 0.163473424166436
1367 0.163355217892452
1368 0.163236638778381
1369 0.163239485792090
1370 0.163462464342525
1371 0.164030882342156
1372 0.163914444752112
1373 0.163795120362948
1374 0.163787693202809
1375 0.163668761723929
1376 0.164013541954625
1377 0.163894442105896
1378 0.163775505646408
1379 0.164072090826164
1380 0.164649968370340
1381 0.164570124188873
1382 0.164760471966106
1383 0.164641345725917
1384 0.164565979380860
1385 0.164472493360682
1386 0.164353934556260
1387 0.164472845294182
1388 0.164436943511575
1389 0.164920539258208
1390 0.164801891388238
1391 0.164683414111899
1392 0.164565535907080
1393 0.164915336466247
1394 0.164799761343572
1395 0.164808279293492
1396 0.164692102782387
1397 0.164579250523151
1398 0.164461592355579
1399 0.164790474756320
1400 0.165055780996393
1401 0.164940525290182
1402 0.164841896509389
1403 0.164786239978262
1404 0.165252461882264
1405 0.165336862082803
1406 0.165221387950624
1407 0.165361732862043
1408 0.165276617500074
1409 0.165306920538326
1410 0.165266206052412
1411 0.165175903529253
1412 0.165122347030820
1413 0.165005635241038
1414 0.164904946063756
1415 0.164927689833082
1416 0.164811416194142
1417 0.164695139801886
1418 0.164805601484021
1419 0.164699321076597
1420 0.164584412109462
1421 0.164518833925814
1422 0.164470204247695
1423 0.164423763591401
1424 0.164622762709104
1425 0.164540355597965
1426 0.164976576668063
1427 0.164863793836697
1428 0.165234701770477
1429 0.165805300819628
1430 0.165892876346725
1431 0.165807621913703
1432 0.165715416103449
1433 0.166137529910188
1434 0.166021684807558
1435 0.165906525553937
1436 0.165839086994300
1437 0.165731017717537
1438 0.166119380315800
1439 0.166015584256053
1440 0.165900378199614
1441 0.165789188165677
1442 0.165675133489332
1443 0.165560364213152
1444 0.165446287242061
1445 0.165571004142761
1446 0.165456506381918
1447 0.165345671666024
1448 0.165488006714667
1449 0.165550770406897
1450 0.165445813641796
1451 0.165331791949203
1452 0.165621082716269
1453 0.165507412139363
1454 0.165394254746214
1455 0.165281306995994
1456 0.165184672161209
1457 0.165071390782512
1458 0.165002467738468
1459 0.165439644213518
1460 0.165362295131959
1461 0.165312371740493
1462 0.165206867651537
1463 0.165094016320675
1464 0.164981275410126
1465 0.164911273902946
1466 0.164944481889638
1467 0.165158882456601
1468 0.165046660880103
1469 0.164934307819794
1470 0.164860416123800
1471 0.164748343299346
1472 0.164844223625274
1473 0.165347441848348
1474 0.165615435032746
1475 0.165686106275988
1476 0.165906113296504
1477 0.165804162992744
1478 0.165821763673455
1479 0.166298257675403
1480 0.166197726111848
1481 0.166091346286059
1482 0.165979274005375
1483 0.165962389018739
1484 0.165877032834905
1485 0.166046693503081
1486 0.166280113585210
1487 0.166520988071736
1488 0.166409086067688
1489 0.166507891859468
1490 0.166396373672685
1491 0.166329570663476
1492 0.166218215269088
1493 0.166107488142838
1494 0.165996305105126
1495 0.166084861012391
1496 0.166140903548422
1497 0.166030130599250
1498 0.165923297609219
1499 0.165831124345715
1500 0.165992701114665
1501 0.165960817951172
1502 0.165850479019686
1503 0.165845258093187
1504 0.165743081120204
1505 0.165687018568693
1506 0.165601202271481
1507 0.165497657267134
1508 0.165407064460516
1509 0.165297451224059
1510 0.165191161318495
1511 0.165132300900003
1512 0.165023087551889
1513 0.164914017434684
1514 0.164895522232696
1515 0.164788305258186
1516 0.164679653383982
1517 0.164585404278325
1518 0.164497568043623
1519 0.164410663736949
1520 0.164435704065746
1521 0.164335980482324
1522 0.164483903559033
1523 0.164376153357474
1524 0.164489681577786
1525 0.164710712502662
1526 0.164682537523739
1527 0.164582292059212
1528 0.164479961443830
1529 0.164621161877419
1530 0.165117669978394
1531 0.165009832607266
1532 0.164915705455165
1533 0.164809198756913
1534 0.164932590803331
1535 0.164827208797556
1536 0.164719899476040
1537 0.164613152774925
1538 0.164506157873034
1539 0.164399266284320
1540 0.164292527865123
1541 0.164282783296099
1542 0.164729561768532
1543 0.164623157150236
1544 0.164621793395258
1545 0.164582976538735
1546 0.164478010866263
1547 0.164811284070320
1548 0.164883611749721
1549 0.164777170330787
1550 0.164670882167720
1551 0.164564734334880
1552 0.164462160714345
1553 0.164356261155917
1554 0.164262790264629
1555 0.164413584418562
1556 0.164317333723641
1557 0.164231097942143
1558 0.164126815977697
1559 0.164021539029478
1560 0.163916397017298
1561 0.163823108606047
1562 0.163772023282551
1563 0.163807572617612
1564 0.163702839314915
1565 0.163980485309897
1566 0.163886007608062
1567 0.164253285275982
1568 0.164230888564631
1569 0.164418226286480
1570 0.164481065362835
1571 0.164447168743781
1572 0.164485815514400
1573 0.164383026417755
1574 0.164325472716512
1575 0.164498994126699
1576 0.164396756096943
1577 0.164293288231080
1578 0.164611115766295
1579 0.164538966168409
1580 0.164441182997675
1581 0.164455237830819
1582 0.164501286787626
1583 0.164551222302123
1584 0.165008057654016
1585 0.164987849595130
1586 0.164883823782260
1587 0.164792491945424
1588 0.164688718643914
1589 0.164585092035618
1590 0.164866032150715
1591 0.164841214762771
1592 0.164801414239707
1593 0.164697962160460
1594 0.164595082148490
1595 0.164495854666804
1596 0.164506582362818
1597 0.164429109265872
1598 0.164326213048356
1599 0.164259902841131
1600 0.164158501761085
1601 0.164071959946142
1602 0.163975220237697
1603 0.163873814908931
1604 0.163775810546893
1605 0.164115660019500
1606 0.164013782826233
1607 0.163926400229734
1608 0.164293907697297
1609 0.164532499375467
1610 0.164460687144705
1611 0.164358705232978
1612 0.164256745742804
1613 0.164157723031163
1614 0.164060609058705
1615 0.163963859542549
1616 0.163911145388864
1617 0.163811112691382
1618 0.163816084320413
1619 0.163714903116057
1620 0.163703387484332
1621 0.163745019519531
1622 0.163670155164746
1623 0.163570472658564
1624 0.163470453272593
1625 0.163472707886300
1626 0.163660436909671
1627 0.164139295609688
1628 0.164041101023196
1629 0.163940450904969
1630 0.163934101059218
1631 0.163833747171225
1632 0.164124343134455
1633 0.164023846323139
1634 0.163923464532813
1635 0.164173521415992
1636 0.164660911135046
1637 0.164593546591753
1638 0.164754130966438
1639 0.164653615256137
1640 0.164590005932303
1641 0.164511089317740
1642 0.164410991206360
1643 0.164511339433291
1644 0.164481004780981
1645 0.164889315073263
1646 0.164789139304689
1647 0.164689085182464
1648 0.164589514713909
1649 0.164884995732776
1650 0.164787370653822
1651 0.164794575336334
1652 0.164696410260338
1653 0.164601032817125
1654 0.164501572175916
1655 0.164779557975805
1656 0.165003857283102
1657 0.164906439467357
1658 0.164823059814252
1659 0.164776002986961
1660 0.165170331776244
1661 0.165241773324627
1662 0.165144143035165
1663 0.165262929887409
1664 0.165190968573300
1665 0.165216663846467
1666 0.165182259783774
1667 0.165105875312323
1668 0.165060580499631
1669 0.164961807586251
1670 0.164876579640729
1671 0.164895856002201
1672 0.164797404065055
1673 0.164698928490818
1674 0.164792495322705
1675 0.164702466193169
1676 0.164605107077150
1677 0.164549527295437
1678 0.164508298394570
1679 0.164468915935932
1680 0.164637564502161
1681 0.164567698389629
1682 0.164937510460478
1683 0.164841906162111
1684 0.165156442039257
1685 0.165640397114015
1686 0.165714773097083
1687 0.165642561484514
1688 0.165564437278439
1689 0.165922661117328
1690 0.165824491289884
1691 0.165726882575852
1692 0.165669753658204
1693 0.165578125650305
1694 0.165907888524196
1695 0.165819893811402
1696 0.165722192731904
1697 0.165627881209550
1698 0.165531117053877
1699 0.165433725618273
1700 0.165336901790236
1701 0.165442913140597
1702 0.165345712393725
1703 0.165251603738463
1704 0.165372610322009
1705 0.165426017938686
1706 0.165336883966278
1707 0.165240026001265
1708 0.165486010755204
1709 0.165389446520984
1710 0.165293298635591
1711 0.165197309143797
1712 0.165115173441931
1713 0.165018862017505
1714 0.164960263843963
1715 0.165332207098186
1716 0.165266459882591
1717 0.165224035747657
1718 0.165134304291276
1719 0.165038301421183
1720 0.164942372945518
1721 0.164882806817944
1722 0.164911094492495
1723 0.165093659216309
1724 0.164998139465114
1725 0.164902488378634
1726 0.164839574720656
1727 0.164744126959586
1728 0.164825805232795
1729 0.165254526378532
1730 0.165482916476378
1731 0.165543212607134
1732 0.165730783771078
1733 0.165643994810242
1734 0.165659089374413
1735 0.166065370240800
1736 0.165979797760024
1737 0.165889221713022
1738 0.165793773499328
1739 0.165779480839940
1740 0.165706787926934
1741 0.165851599148732
1742 0.166050828388914
1743 0.166256456413389
1744 0.166161132072584
1745 0.166245584667400
1746 0.166150567604906
1747 0.166093694404757
1748 0.165998782292532
1749 0.165904387686177
1750 0.165809585195957
1751 0.165885300673553
1752 0.165933268250174
1753 0.165838790515084
1754 0.165747659113157
1755 0.165669031145352
1756 0.165807144611539
1757 0.165780012527362
1758 0.165685844000816
1759 0.165681476509339
1760 0.165594254699235
1761 0.165546426582481
1762 0.165473158278500
1763 0.165384721365535
1764 0.165307339836918
1765 0.165213681678737
1766 0.165122847031027
1767 0.165072552872536
1768 0.164979187016020
1769 0.164885925745926
1770 0.164870121427214
1771 0.164778417127057
1772 0.164685467717824
1773 0.164604823776698
1774 0.164529651948188
1775 0.164455263370305
1776 0.164476669169933
1777 0.164391289014902
1778 0.164517882723686
1779 0.164425618791062
1780 0.164522791567647
1781 0.164712033033367
1782 0.164687904897358
1783 0.164602049489783
1784 0.164514392013474
1785 0.164635322563832
1786 0.165060654721618
1787 0.164968297698708
1788 0.164887670594619
1789 0.164796420324323
1790 0.164902172378869
1791 0.164811870335072
1792 0.164719899476040
1793 0.164628393798620
1794 0.164536658347042
1795 0.164444994472109
1796 0.164353444976702
1797 0.164345054716280
1798 0.164728186047243
1799 0.164636923706882
1800 0.164635746260081
1801 0.164602439210557
1802 0.164512374619927
1803 0.164798308775736
1804 0.164860379852791
1805 0.164769047705404
1806 0.164677830357604
1807 0.164586716778785
1808 0.164498654698302
1809 0.164407721305144
1810 0.164327442175193
1811 0.164456884614429
1812 0.164374208355327
1813 0.164300117905010
1814 0.164210514641189
1815 0.164120040558029
1816 0.164029666086372
1817 0.163949458888225
1818 0.163905497598026
1819 0.163935970460249
1820 0.163845898326590
1821 0.164084433704478
1822 0.164003173534627
1823 0.164318810912413
1824 0.164299521675004
1825 0.164460543183207
1826 0.164514549225365
1827 0.164485383887436
1828 0.164518597513404
1829 0.164430177594857
1830 0.164380649356096
1831 0.164529879855498
1832 0.164441911503629
1833 0.164352869506972
1834 0.164626300406259
1835 0.164564208090346
1836 0.164480045426031
1837 0.164492120455303
1838 0.164531735562509
1839 0.164574703192022
1840 0.164967966081428
1841 0.164950589828434
1842 0.164861041685413
1843 0.164782408563893
1844 0.164693047436227
1845 0.164603797024641
1846 0.164845766731042
1847 0.164824400083072
1848 0.164790122151234
1849 0.164700999452395
1850 0.164612354167870
1851 0.164526840874889
1852 0.164536068961622
1853 0.164469283196689
1854 0.164380573202340
1855 0.164323384856515
1856 0.164235935928665
1857 0.164161282789251
1858 0.164077824050946
1859 0.163990327899345
1860 0.163905749668324
1861 0.164198779471877
1862 0.164110864384960
1863 0.164035437163204
1864 0.164352413005966
1865 0.164558222928146
1866 0.164496248965081
1867 0.164408231599461
1868 0.164320218631299
1869 0.164234725262243
1870 0.164150864859153
1871 0.164067304878184
1872 0.164021744238392
1873 0.163935324873375
1874 0.163939551065259
1875 0.163852118619074
1876 0.163842101274245
1877 0.163877981303690
1878 0.163813251300897
1879 0.163727073651259
1880 0.163640590627956
1881 0.163642447943170
1882 0.163804550840060
1883 0.164218230601609
1884 0.164133336906385
1885 0.164046307050430
1886 0.164040762986422
1887 0.163953967091751
1888 0.164205096536704
1889 0.164118176448677
1890 0.164031341435176
1891 0.164247489043370
1892 0.164668892644187
1893 0.164610633933738
1894 0.164749504112403
1895 0.164662569747058
1896 0.164607544301078
1897 0.164539268232092
1898 0.164452656389204
1899 0.164539454952482
1900 0.164513192697789
1901 0.164866500558329
1902 0.164779819958666
1903 0.164693230457900
1904 0.164607045438229
1905 0.164862809569141
1906 0.164778308417981
1907 0.164784550679682
1908 0.164699561853221
1909 0.164616973029112
1910 0.164530834892582
1911 0.164771566047004
1912 0.164965837827763
1913 0.164881476457542
1914 0.164809261984272
1915 0.164768502987589
1916 0.165110148754922
1917 0.165172081250950
1918 0.165087518243123
1919 0.165190488102463
1920 0.165128159360332
1921 0.165150463076644
1922 0.165120675892630
1923 0.165054492153671
1924 0.165015250800027
1925 0.164929636949257
1926 0.164855754032130
1927 0.164872480355757
1928 0.164787112999294
1929 0.164701711576467
1930 0.164782866029054
1931 0.164704777389655
1932 0.164620317664166
1933 0.164572090812372
1934 0.164536307638033
1935 0.164502120993435
1936 0.164648451771435
1937 0.164587813762949
1938 0.164908765149840
1939 0.164825798007581
1940 0.165098836422667
1941 0.165518991964442
1942 0.165583626008007
1943 0.165520996134967
1944 0.165453222423802
1945 0.165764354186649
1946 0.165679180136573
1947 0.165594480072744
1948 0.165544926825230
1949 0.165465398148708
1950 0.165751926885053
1951 0.165675558316860
1952 0.165590744436053
1953 0.165508862610585
1954 0.165424836757088
1955 0.165340252732129
1956 0.165256148931119
1957 0.165348333938693
1958 0.165263890071494
1959 0.165182121200852
1960 0.165287358293148
1961 0.165333837252079
1962 0.165256380383454
1963 0.165172194931241
1964 0.165386151036535
1965 0.165302218000116
1966 0.165218634248590
1967 0.165135175501222
1968 0.165063755690270
1969 0.164979992332073
1970 0.164929028677370
1971 0.165252678558729
1972 0.165195506807501
1973 0.165158623235982
1974 0.165080561822836
1975 0.164997030080446
1976 0.164913550471740
1977 0.164861712088795
1978 0.164886349333641
1979 0.165045310305996
1980 0.164962165001880
1981 0.164878892841499
1982 0.164824117171402
1983 0.164740999256213
1984 0.164812139973859
1985 0.165185577014785
1986 0.165384561817724
1987 0.165437139048221
1988 0.165600609535902
1989 0.165525056446463
1990 0.165538268965376
1991 0.165892371488525
1992 0.165817883121118
1993 0.165739022770389
1994 0.165655904015896
1995 0.165643514509535
1996 0.165580213055477
1997 0.165706523977871
1998 0.165880298958636
1999 0.166059678736570
2000 0.165976654300226
2001 0.166050394557961
2002 0.165967625026989
2003 0.165918112027447
2004 0.165835412032541
2005 0.165753151286279
2006 0.165670522611561
2007 0.165736649599032
2008 0.165778575816818
2009 0.165696214056152
2010 0.165616760373305
2011 0.165548206825439
2012 0.165668807258315
2013 0.165645194374785
2014 0.165563062571649
2015 0.165559310891213
2016 0.165483225464543
2017 0.165441522795050
2018 0.165377601165799
2019 0.165300424979348
2020 0.165232891949599
2021 0.165151134304224
2022 0.165071830921197
2023 0.165027926441738
2024 0.164946391754046
2025 0.164864936745881
2026 0.164851139778892
2027 0.164771026639312
2028 0.164689814133062
2029 0.164619342938370
2030 0.164553643754656
2031 0.164488619767680
2032 0.164507312358104
2033 0.164432668394170
2034 0.164543308627621
2035 0.164462638867403
2036 0.164547575273221
2037 0.164713021648646
2038 0.164691923843454
2039 0.164616845760740
2040 0.164540181185247
2041 0.164645930936946
2042 0.165017935160958
2043 0.164937171930229
2044 0.164866658164895
2045 0.164786841186347
2046 0.164879365994155
2047 0.164800368361495
2048 0.164719899476040
2049 0.164639826425960
2050 0.164559541141687
2051 0.164479307334618
2052 0.164399162497087
2053 0.164391796196309
2054 0.164727153251611
2055 0.164647260347712
2056 0.164646224481523
2057 0.164617057503198
2058 0.164538189179288
2059 0.164788559974996
2060 0.164842922097234
2061 0.164762942927764
2062 0.164683053293743
2063 0.164603243570107
2064 0.164526095911045
2065 0.164446422327783
2066 0.164376071927864
2067 0.164489459265891
2068 0.164417001840289
2069 0.164352058012397
2070 0.164273511026562
2071 0.164194190187682
2072 0.164114945887412
2073 0.164044602540170
2074 0.164006021648542
2075 0.164032686521956
2076 0.163953674961590
2077 0.164162757843872
2078 0.164091470859460
2079 0.164368199403173
2080 0.164351260481285
2081 0.164492448618558
2082 0.164539798823911
2083 0.164514205774466
2084 0.164543325585590
2085 0.164465750161564
2086 0.164422283119618
2087 0.164553188443356
2088 0.164475994320170
2089 0.164397847808591
2090 0.164637765172701
2091 0.164583269302559
2092 0.164509396590850
2093 0.164519980669975
2094 0.164554739364736
2095 0.164592445554174
2096 0.164937667870083
2097 0.164922427343831
2098 0.164843819375785
2099 0.164774784778047
2100 0.164696320827747
2101 0.164617943729809
2102 0.164830437512545
2103 0.164811679134237
2104 0.164781577947408
2105 0.164703297982587
2106 0.164625427101817
2107 0.164550297449115
2108 0.164558393729977
2109 0.164499704139085
2110 0.164421742645974
2111 0.164371470002227
2112 0.164294598176832
2113 0.164228961857788
2114 0.164155577744808
2115 0.164078635380969
2116 0.164004247943738
2117 0.164261796345314
2118 0.164184477691531
2119 0.164118128221291
2120 0.164396788730654
2121 0.164577736929212
2122 0.164523230365084
2123 0.164445813783354
2124 0.164368391087162
2125 0.164293174485176
2126 0.164219384549616
2127 0.164145849409003
2128 0.164105732838410
2129 0.164029665455001
2130 0.164033339418855
2131 0.163956366342857
2132 0.163947502934498
2133 0.163979027272805
2134 0.163922015093229
2135 0.163846119745471
2136 0.163769945995517
2137 0.163771520284029
2138 0.163914152921823
2139 0.164278271383214
2140 0.164203505139017
2141 0.164126848694968
2142 0.164121929625704
2143 0.164045464380775
2144 0.164266565544386
2145 0.164189990478983
2146 0.164113480698206
2147 0.164303817441490
2148 0.164674971670702
2149 0.164623650210532
2150 0.164745979095236
2151 0.164669392811038
2152 0.164620909972449
2153 0.164560745983346
2154 0.164484417870277
2155 0.164560890589619
2156 0.164537736730828
2157 0.164849101449815
2158 0.164772711690107
2159 0.164696392694419
2160 0.164620420731599
2161 0.164845879914429
2162 0.164771392280545
2163 0.164776898942219
2164 0.164701967782722
2165 0.164629143546624
2166 0.164553180475853
2167 0.164765462381952
2168 0.164936797136784
2169 0.164862406053086
2170 0.164798719679153
2171 0.164762771758222
2172 0.165064152523157
2173 0.165118809951191
2174 0.165044229188674
2175 0.165135099280227
2176 0.165080128785709
2177 0.165099831803445
2178 0.165073569022727
2179 0.165015182504532
2180 0.164980567341797
2181 0.164905018520489
2182 0.164839815092461
2183 0.164854587224650
2184 0.164779234491073
2185 0.164703842515731
2186 0.164775492086889
2187 0.164706547510421
2188 0.164631968918206
2189 0.164589376795880
2190 0.164557768601745
2191 0.164527566585195
2192 0.164656796028907
2193 0.164603232797400
2194 0.164886727951803
2195 0.164813447199346
2196 0.165054661623789
2197 0.165425879685411
2198 0.165483028195366
2199 0.165427735223332
2200 0.165367890298972
2201 0.165642872857292
2202 0.165567656136075
2203 0.165492849281661
2204 0.165449097877230
2205 0.165378845921859
2206 0.165632163051550
2207 0.165564707087476
2208 0.165489776904458
2209 0.165417430033653
2210 0.165343178863899
2211 0.165268425308538
2212 0.165194087511363
2213 0.165275636594617
2214 0.165200989623239
2215 0.165128699638075
2216 0.165221803483951
2217 0.165262945023542
2218 0.165194460134447
2219 0.165120014833660
2220 0.165309322027757
2221 0.165235097990137
2222 0.165161174256793
2223 0.165087352441192
2224 0.165024175118848
2225 0.164950067041671
2226 0.164904977879733
2227 0.165191434084024
2228 0.165140858927405
2229 0.165108235940089
2230 0.165039158432352
2231 0.164965230244171
2232 0.164891339604849
2233 0.164845454126921
2234 0.164867275401884
2235 0.165008037298180
2236 0.164934427982822
2237 0.164860697802805
2238 0.164812195933684
2239 0.164738586775765
2240 0.164801598202679
2241 0.165132380473099
2242 0.165308668169432
2243 0.165355278446135
2244 0.165500136373992
2245 0.165433243446718
2246 0.165444990875764
2247 0.165758792122617
2248 0.165692845837693
2249 0.165623017628836
2250 0.165549407499362
2251 0.165538474328027
2252 0.165482415419449
2253 0.165594417509842
2254 0.165748505583505
2255 0.165907579627614
2256 0.165834043823723
2257 0.165899483285931
2258 0.165826164557086
2259 0.165782325213299
2260 0.165709053088087
2261 0.165636162138370
2262 0.165562936615675
2263 0.165621630583793
2264 0.165658866831289
2265 0.165585866801181
2266 0.165515438047753
2267 0.165454670574250
2268 0.165561699501585
2269 0.165540797947249
2270 0.165467974574963
2271 0.165464687675764
2272 0.165397216902458
2273 0.165360248897264
2274 0.165303559111015
2275 0.165235099911723
2276 0.165175191565930
2277 0.165102651161486
2278 0.165032281118756
2279 0.164993325782143
2280 0.164920961042129
2281 0.164848658998806
2282 0.164836416940360
2283 0.164765293589028
2284 0.164693186220541
2285 0.164630608791168
2286 0.164572262068162
2287 0.164514508532586
2288 0.164531098329341
2289 0.164464792097516
2290 0.164563049787968
2291 0.164491385578800
2292 0.164566822653641
2293 0.164713789517732
2294 0.164695045797221
2295 0.164628341077131
2296 0.164560219461572
2297 0.164654174709697
2298 0.164984733622516
2299 0.164912978042333
2300 0.164850323284744
2301 0.164779393521055
2302 0.164861632098136
2303 0.164791423491901
2304 0.164719899476040
2305 0.164648719571652
2306 0.164577343281147
2307 0.164506005032149
2308 0.164434738175862
2309 0.164428173173187
2310 0.164726349369990
2311 0.164655306914935
2312 0.164654382266383
2313 0.164628439926479
2314 0.164558291960605
2315 0.164780967280511
2316 0.164829323741868
2317 0.164758187155799
2318 0.164687122587388
2319 0.164616121496765
2320 0.164547481132010
2321 0.164476586114923
2322 0.164413978841013
2323 0.164514854312726
2324 0.164450367500682
2325 0.164392560126243
2326 0.164322640623753
2327 0.164252024986917
2328 0.164181469993378
2329 0.164118830112339
2330 0.164084456293967
2331 0.164108159072898
2332 0.164037788801941
2333 0.164223892973677
2334 0.164160398762564
2335 0.164406758383324
2336 0.164391659275231
2337 0.164517364074063
2338 0.164559518997968
2339 0.164536718637913
2340 0.164562643071041
2341 0.164493542653877
2342 0.164454815052685
2343 0.164571403562590
2344 0.164502632425930
2345 0.164433005687852
2346 0.164646727824728
2347 0.164598172295491
2348 0.164532347501672
2349 0.164541768330406
2350 0.164572731274733
2351 0.164606323990583
2352 0.164913965187738
2353 0.164900392862677
2354 0.164830342955082
2355 0.164768818477701
2356 0.164698882854047
2357 0.164629017412896
2358 0.164818436775757
2359 0.164801719154373
2360 0.164774887401361
2361 0.164705098059810
2362 0.164635666275314
2363 0.164568671600149
2364 0.164575883353916
2365 0.164523539236870
2366 0.164454003063766
2367 0.164409153967287
2368 0.164340576695665
2369 0.164282013791208
2370 0.164216534016198
2371 0.164147873511858
2372 0.164081485208607
2373 0.164311216657774
2374 0.164242214834258
2375 0.164182992828118
2376 0.164431602009618
2377 0.164593047662064
2378 0.164544402481318
2379 0.164475307662012
2380 0.164406200392856
2381 0.164339055038582
2382 0.164273176246158
2383 0.164207518237018
2384 0.164171683618290
2385 0.164103753467322
2386 0.164107002191126
2387 0.164038253432130
2388 0.164030305913826
2389 0.164058417513085
2390 0.164007478859756
2391 0.163939673744227
2392 0.163871613257646
2393 0.163872976645565
2394 0.164000314625198
2395 0.164325476724243
2396 0.164258679158332
2397 0.164190186617352
2398 0.164185766273613
2399 0.164117434111658
2400 0.164314921163762
2401 0.164246490563634
2402 0.164178111508832
2403 0.164348144116831
2404 0.164679755996062
2405 0.164633895454594
2406 0.164743204206411
2407 0.164674764521150
2408 0.164631433773495
2409 0.164577658932341
2410 0.164509431684001
2411 0.164577774154498
2412 0.164557070753537
2413 0.164835394153799
2414 0.164767111057629
2415 0.164698884510607
2416 0.164630961525712
2417 0.164832536516734
2418 0.164765940602318
2419 0.164770866753984
2420 0.164703864689123
2421 0.164638740208305
2422 0.164570802302463
2423 0.164760648471959
2424 0.164913890453142
2425 0.164847362059798
2426 0.164790402295807
2427 0.164758249589191
2428 0.165027855661517
2429 0.165076767513299
2430 0.165010061120182
2431 0.165091376059383
2432 0.165042209911007
2433 0.165059855364557
2434 0.165036371239674
2435 0.164984138375048
2436 0.164953173674460
2437 0.164885572285208
2438 0.164827223460876
2439 0.164840450257186
2440 0.164773009178021
2441 0.164705526490265
2442 0.164769664196481
2443 0.164707946652131
2444 0.164641179320336
2445 0.164603042974252
2446 0.164574737327755
2447 0.164547688048234
2448 0.164663395082202
2449 0.164615428252578
2450 0.164869296078417
2451 0.164803676404909
2452 0.165019710926471
2453 0.165352202174771
2454 0.165403419005412
2455 0.165353924245203
2456 0.165300347281598
2457 0.165546706318586
2458 0.165479362521360
2459 0.165412379517432
2460 0.165373213815968
2461 0.165310300497182
2462 0.165537305425502
2463 0.165476899231801
2464 0.165409789639167
2465 0.165344988726250
2466 0.165278475083164
2467 0.165211504914083
2468 0.165144901070098
2469 0.165218014600953
2470 0.165151127648469
2471 0.165086347213356
2472 0.165169826369863
2473 0.165206730037630
2474 0.165145354423634
2475 0.165078629164347
2476 0.165248380116110
2477 0.165181851797319
2478 0.165115586547401
2479 0.165049406511753
2480 0.164992766020236
2481 0.164926317385564
2482 0.164885888406991
2483 0.165142818353197
2484 0.165097475022594
2485 0.165068230252042
2486 0.165006282208372
2487 0.164939977056941
2488 0.164873699462978
2489 0.164832540510760
2490 0.164852123499468
2491 0.164978425382296
2492 0.164912389741355
2493 0.164846239571096
2494 0.164802722039074
2495 0.164736669361444
2496 0.164793218846101
2497 0.165090091672439
2498 0.165248329984681
2499 0.165290189604061
2500 0.165420240115642
2501 0.165360226231007
2502 0.165370800868438
2503 0.165652537021729
2504 0.165593375283147
2505 0.165530722919409
2506 0.165464669249573
2507 0.165454886309635
2508 0.165404582851062
2509 0.165505188089095
2510 0.165643595956609
2511 0.165786493957043
2512 0.165720500450710
2513 0.165779318759337
2514 0.165713513856709
2515 0.165674181679009
2516 0.165608407887498
2517 0.165542970544585
2518 0.165477226723798
2519 0.165529989788404
2520 0.165563479671390
2521 0.165497930412750
2522 0.165434685520252
2523 0.165380115916643
2524 0.165476318833384
2525 0.165457570221059
2526 0.165392160154803
2527 0.165389236239622
2528 0.165328627795986
2529 0.165295429027026
2530 0.165244501060994
2531 0.165182989555526
2532 0.165129158874377
2533 0.165063968006542
2534 0.165000722436619
2535 0.164965713500343
2536 0.164900664606436
2537 0.164835666315389
2538 0.164824664193762
2539 0.164760716632382
2540 0.164695878580151
2541 0.164639604625614
2542 0.164587130351568
2543 0.164535184931141
2544 0.164550097186871
2545 0.164490453193351
2546 0.164578821005622
2547 0.164514353603022
2548 0.164582202428576
2549 0.164714403150265
2550 0.164697540911643
2551 0.164637529219083
2552 0.164576237519450
2553 0.164660765207223
2554 0.164958187991546
2555 0.164893632401249
2556 0.164837260493262
2557 0.164773437136415
2558 0.164847447754407
2559 0.164784268295316
2560 0.164719899476040
2561 0.164655834782712
2562 0.164591587772128
2563 0.164527369440122
2564 0.164463209818937
2565 0.164457288936746
2566 0.164725705888754
2567 0.164661748557180
2568 0.164660913577003
2569 0.164637553840331
2570 0.164574389829847
2571 0.164774886627869
2572 0.164818432368598
2573 0.164754377732551
2574 0.164690382448886
2575 0.164626438841501
2576 0.164564615874274
2577 0.164500756941639
2578 0.164444357305934
2579 0.164535207768255
2580 0.164477111758702
2581 0.164425027725448
2582 0.164362028023515
2583 0.164298395822850
2584 0.164234812852341
2585 0.164178355743715
2586 0.164147361728851
2587 0.164168694652026
2588 0.164105261882532
2589 0.164272938035324
2590 0.164215700763587
2591 0.164437697835171
2592 0.164424078060496
2593 0.164537359856133
2594 0.164575346832350
2595 0.164554789657011
2596 0.164578150636403
2597 0.164515855840814
2598 0.164480935765687
2599 0.164586030324362
2600 0.164524024873941
2601 0.164461242831172
2602 0.164653926880353
2603 0.164610143927539
2604 0.164550785791011
2605 0.164559273732818
2606 0.164587188319835
2607 0.164617476780869
2608 0.164894915792725
2609 0.164882682511210
2610 0.164819510184724
2611 0.164764022129779
2612 0.164700942676111
2613 0.164637921281310
2614 0.164808786604094
2615 0.164793709273818
2616 0.164769506319984
2617 0.164706545962964
2618 0.164643902982490
2619 0.164583453706383
2620 0.164589955158215
2621 0.164542718260612
2622 0.164479963964431
2623 0.164439482160287
2624 0.164377583796189
2625 0.164324718071329
2626 0.164265605439549
2627 0.164203617191657
2628 0.164143674726287
2629 0.164351012322086
2630 0.164288711894447
2631 0.164235234600018
2632 0.164459643100577
2633 0.164605381146446
2634 0.164561459136841
2635 0.164499070661781
2636 0.164436665857688
2637 0.164376027422348
2638 0.164316527704403
2639 0.164257222517878
2640 0.164224843943890
2641 0.164163478336020
2642 0.164166389664608
2643 0.164104277415195
2644 0.164097074428171
2645 0.164122439963941
2646 0.164076405419759
2647 0.164015131918517
2648 0.163953622801419
2649 0.163954823472519
2650 0.164069829237204
2651 0.164363565077491
2652 0.164303201179950
2653 0.164241301013064
2654 0.164237287788241
2655 0.164175524933986
2656 0.164353955217958
2657 0.164292103164904
2658 0.164230292742694
2659 0.164383935531633
2660 0.164683619428722
2661 0.164642169422835
2662 0.164740963030237
2663 0.164679103442837
2664 0.164639934982148
2665 0.164591322564306
2666 0.164529641644527
2667 0.164591416480076
2668 0.164572694499025
2669 0.164824316357805
2670 0.164762584404113
2671 0.164700898674273
2672 0.164639482526941
2673 0.164821748981225
2674 0.164761532775719
2675 0.164765989137852
2676 0.164705398659770
2677 0.164646501423300
2678 0.164585055056920
2679 0.164756754577612
2680 0.164895359971747
2681 0.164835191070823
2682 0.164783672720169
2683 0.164754590390918
2684 0.164998482791367
2685 0.165042742106395
2686 0.164982406101232
2687 0.165055984170534
2688 0.165011513679106
2689 0.165027490653712
2690 0.165006253480756
2691 0.164959000820924
2692 0.164930990095412
2693 0.164869823217571
2694 0.164817024893646
2695 0.164828999051259
2696 0.164767966120266
2697 0.164706890778125
2698 0.164764942266002
2699 0.164709080376815
2700 0.164648643157321
2701 0.164614118599746
2702 0.164588490662307
2703 0.164563998120568
2704 0.164668744610612
2705 0.164625315362821
2706 0.164855162475236
2707 0.164795753651384
2708 0.164991368337361
2709 0.165292449686445
2710 0.165338850370903
2711 0.165294053223106
2712 0.165245555748330
2713 0.165468688422643
2714 0.165407725623939
2715 0.165347084898428
2716 0.165311634850201
2717 0.165254671987277
2718 0.165460316491336
2719 0.165405625992568
2720 0.165344858800285
2721 0.165286178418255
2722 0.165225941888666
2723 0.165165287142457
2724 0.165104959657440
2725 0.165171219198393
2726 0.165110630798821
2727 0.165051946545680
2728 0.165127604491264
2729 0.165161061798800
2730 0.165105458282028
2731 0.165045002360902
2732 0.165198859236220
2733 0.165138580741978
2734 0.165078536112043
2735 0.165018564171299
2736 0.164967234647680
2737 0.164907010485733
2738 0.164870368623820
2739 0.165103290338391
2740 0.165062197891238
2741 0.165035697352131
2742 0.164979544797913
2743 0.164919437552490
2744 0.164859350776150
2745 0.164822035554516
2746 0.164839796715055
2747 0.164954332687720
2748 0.164894457606012
2749 0.164834474178468
2750 0.164795012011388
2751 0.164735108805042
2752 0.164786398439584
2753 0.165055667697765
2754 0.165199209356426
2755 0.165237197127555
2756 0.165355186703546
2757 0.165300768977009
2758 0.165310383625344
2759 0.165566000156308
2760 0.165512357237271
2761 0.165455543346246
2762 0.165395639176429
2763 0.165386787638118
2764 0.165341167893028
2765 0.165432481439930
2766 0.165558105609889
2767 0.165687813730395
2768 0.165627959320105
2769 0.165681373170126
2770 0.165621685235246
2771 0.165586019916483
2772 0.165526352276627
2773 0.165466985620840
2774 0.165407336393796
2775 0.165455257132561
2776 0.165485685532338
2777 0.165426206999067
2778 0.165368816107970
2779 0.165319297129744
2780 0.165406662950118
2781 0.165389665254959
2782 0.165330298640151
2783 0.165327665915700
2784 0.165272652778060
2785 0.165242525772070
2786 0.165196296464530
2787 0.165140452397166
2788 0.165091579819150
2789 0.165032386241103
2790 0.164974955168552
2791 0.164943166603094
2792 0.164884090153219
2793 0.164825055391339
2794 0.164815065135875
2795 0.164756978102141
2796 0.164698077918258
2797 0.164646953743136
2798 0.164599277919782
2799 0.164552079151753
2800 0.164565621967595
2801 0.164511423649749
2802 0.164591710401920
2803 0.164533126255000
2804 0.164594773913651
2805 0.164714904775719
2806 0.164699580752159
2807 0.164645041433469
2808 0.164589334905806
2809 0.164666154446389
2810 0.164936479144582
2811 0.164877810405925
2812 0.164826576133230
2813 0.164768564885773
2814 0.164835844215224
2815 0.164778414505712
2816 0.164719899476040
2817 0.164661656778272
2818 0.164603244193775
2819 0.164544853544129
2820 0.164486512142419
2821 0.164481120307912
2822 0.164725179155354
2823 0.164667021895907
2824 0.164666260740655
2825 0.164645015958116
2826 0.164587571170762
2827 0.164769907246592
2828 0.164809512842256
2829 0.164751257748929
2830 0.164693052540388
2831 0.164634890244695
2832 0.164578652810026
2833 0.164520559443865
2834 0.164469247494906
2835 0.164551885396894
2836 0.164499027716261
2837 0.164451635821378
2838 0.164394309592172
2839 0.164336403901475
2840 0.164278538970534
2841 0.164227153770986
2842 0.164198934446403
2843 0.164218328290770
2844 0.164160587910640
2845 0.164313156709779
2846 0.164261053845241
2847 0.164463073184684
2848 0.164450668749534
2849 0.164553762152621
2850 0.164588331210169
2851 0.164569615372084
2852 0.164590874234911
2853 0.164534164698373
2854 0.164502370492334
2855 0.164598034003111
2856 0.164541582261244
2857 0.164484419625392
2858 0.164659836252115
2859 0.164619971636674
2860 0.164565923239741
2861 0.164573646396315
2862 0.164599059059174
2863 0.164626635079844
2864 0.164879271876150
2865 0.164868137150999
2866 0.164810612647591
2867 0.164760082332305
2868 0.164702634775407
2869 0.164645236170766
2870 0.164800857996156
2871 0.164787127835911
2872 0.164765084540023
2873 0.164707735833952
2874 0.164650672329166
2875 0.164595603312307
2876 0.164601521829064
2877 0.164558484124758
2878 0.164501306386589
2879 0.164464416801771
2880 0.164408011856621
2881 0.164359833114580
2882 0.164305959108301
2883 0.164249461196097
2884 0.164194823663852
2885 0.164383745462956
2886 0.164326959995933
2887 0.164278211464674
2888 0.164482712917793
2889 0.164615528841972
2890 0.164575493990418
2891 0.164518625202234
2892 0.164461737713254
2893 0.164406456473763
2894 0.164352209519724
2895 0.164298136266165
2896 0.164268605758887
2897 0.164212647756747
2898 0.164215284941256
2899 0.164158640729296
2900 0.164152054846189
2901 0.164175163037053
2902 0.164133171263456
2903 0.164077281589452
2904 0.164021173362267
2905 0.164022244972313
2906 0.164127096264438
2907 0.164394945058925
2908 0.164339884386209
2909 0.164283418993993
2910 0.164279744349092
2911 0.164223398476675
2912 0.164386126141745
2913 0.164329698721255
2914 0.164273305551115
2915 0.164413440426922
2916 0.164686804508322
2917 0.164648991121026
2918 0.164739115096764
2919 0.164682681306660
2920 0.164646945567914
2921 0.164602591201555
2922 0.164546310366247
2923 0.164602669181741
2924 0.164585582486068
2925 0.164815177649521
2926 0.164758849837611
2927 0.164702560514127
2928 0.164646513517026
2929 0.164812847146698
2930 0.164757895190491
2931 0.164761963565206
2932 0.164706664761054
2933 0.164652907799536
2934 0.164596820623142
2935 0.164753539958872
2936 0.164880060963947
2937 0.164825141820478
2938 0.164778115895630
2939 0.164751568657604
2940 0.164974225196563
2941 0.165014640197734
2942 0.164959563920386
2943 0.165026749484231
2944 0.164986155922317
2945 0.165000752676977
2946 0.164981370037033
2947 0.164938230564972
2948 0.164912659295358
2949 0.164856808474325
2950 0.164808596382830
2951 0.164819534635381
2952 0.164763797739195
2953 0.164708018521663
2954 0.164761038760846
2955 0.164710017665952
2956 0.164654814205221
2957 0.164623276497727
2958 0.164599863433205
2959 0.164577486037770
2960 0.164673168815190
2961 0.164633492847787
2962 0.164843471952686
2963 0.164789199932556
2964 0.164967921634089
2965 0.165243015334383
2966 0.165285427771751
2967 0.165244513836773
2968 0.165200216123766
2969 0.165404124606432
2970 0.165348438252268
2971 0.165293042667485
2972 0.165260664373827
2973 0.165208623631113
2974 0.165396581872669
2975 0.165346618937700
2976 0.165291098858414
2977 0.165237482614020
2978 0.165182440593289
2979 0.165127012807914
2980 0.165071880661991
2981 0.165132461114219
2982 0.165077087130601
2983 0.165023450384155
2984 0.165092627117304
2985 0.165123226772125
2986 0.165072403005962
2987 0.165017139509036
2988 0.165157823861854
2989 0.165102721791132
2990 0.165047830099061
2991 0.164993001429077
2992 0.164946072280053
2993 0.164891006336558
2994 0.164857502858345
2995 0.165070519700408
2996 0.165032949428524
2997 0.165008722291644
2998 0.164957373616326
2999 0.164902404625657
3000 0.164847450931874
3001 0.164813322846722
3002 0.164829572300269
3003 0.164934347705305
3004 0.164879581813312
3005 0.164824713405150
3006 0.164788615201991
3007 0.164733813963597
3008 0.164780738953325
3009 0.165027101175744
3010 0.165158444130719
3011 0.165193215660007
3012 0.165301191507582
3013 0.165251415312141
3014 0.165260229696272
3015 0.165494158771847
3016 0.165445092918015
3017 0.165393122122921
3018 0.165338319970564
3019 0.165330237996021
3020 0.165288504080198
3021 0.165372097135807
3022 0.165487099398683
3023 0.165605846793870
3024 0.165551086529073
3025 0.165600005478990
3026 0.165545394040812
3027 0.165512770219505
3028 0.165458171326511
3029 0.165403844632702
3030 0.165349255914936
3031 0.165393148402746
3032 0.165421028134445
3033 0.165366591197585
3034 0.165314062430392
3035 0.165268738382018
3036 0.165348754040578
3037 0.165333208212021
3038 0.165278862765887
3039 0.165276468742764
3040 0.165226105131574
3041 0.165198529609037
3042 0.165156205199227
3043 0.165105072328876
3044 0.165060321551135
3045 0.165006114775797
3046 0.164953519102471
3047 0.164924408354152
3048 0.164870299860123
3049 0.164816226295138
3050 0.164807077460820
3051 0.164753866948984
3052 0.164699908297941
3053 0.164653070385004
3054 0.164609388960517
3055 0.164566142000531
3056 0.164578545737936
3057 0.164528881880540
3058 0.164602441730558
3059 0.164548756835119
3060 0.164605241934557
3061 0.164715322496491
3062 0.164701279508956
3063 0.164651297933273
3064 0.164600243694964
3065 0.164670643427658
3066 0.164918395519289
3067 0.164864629708811
3068 0.164817674821548
3069 0.164764505470689
3070 0.164826175859123
3071 0.164773536665401
3072 0.164719899476040
3073 0.164666508756999
3074 0.164612959142461
3075 0.164559426473745
3076 0.164505935795672
3077 0.164500986238052
3078 0.164724740039725
3079 0.164671418342973
3080 0.164670719025155
3081 0.164651238022572
3082 0.164598562749656
3083 0.164765754801162
3084 0.164802074119250
3085 0.164748655571341
3086 0.164695279635504
3087 0.164641939925039
3088 0.164590362378193
3089 0.164537079692566
3090 0.164490013484282
3091 0.164565800506652
3092 0.164517314640745
3093 0.164473839344040
3094 0.164421249155931
3095 0.164368124375494
3096 0.164315033896054
3097 0.164267884445992
3098 0.164241983848464
3099 0.164259761728469
3100 0.164206776220557
3101 0.164346734958138
3102 0.164298921182921
3103 0.164484261560638
3104 0.164472873345534
3105 0.164567459787016
3106 0.164599175214053
3107 0.164581997969642
3108 0.164601501796600
3109 0.164549458395087
3110 0.164520276415109
3111 0.164608062148746
3112 0.164556251029556
3113 0.164503784495860
3114 0.164664774012335
3115 0.164628184004853
3116 0.164578573405496
3117 0.164585658198820
3118 0.164608980530219
3119 0.164634289996620
3120 0.164866195166397
3121 0.164855977956898
3122 0.164803174283748
3123 0.164756788444632
3124 0.164704049552411
3125 0.164651352588734
3126 0.164794227995788
3127 0.164781624011118
3128 0.164761386529671
3129 0.164708731005692
3130 0.164656334357793
3131 0.164605766141409
3132 0.164611197652061
3133 0.164571673505520
3134 0.164519162107999
3135 0.164485279182828
3136 0.164433472070451
3137 0.164389216917109
3138 0.164339728622049
3139 0.164287827618418
3140 0.164237632392489
3141 0.164411142924704
3142 0.164358975434159
3143 0.164314187325606
3144 0.164502025818210
3145 0.164624024512027
3146 0.164587244722878
3147 0.164534998323967
3148 0.164482731808322
3149 0.164431938026187
3150 0.164382091624110
3151 0.164332402017269
3152 0.164305259055711
3153 0.164253832799607
3154 0.164256242874327
3155 0.164204181851060
3156 0.164198115754061
3157 0.164219335519911
3158 0.164180733778473
3159 0.164129358252626
3160 0.164077779022117
3161 0.164078745938132
3162 0.164175090452348
3163 0.164421245511274
3164 0.164370631498407
3165 0.164318723576427
3166 0.164315334908946
3167 0.164263532438101
3168 0.164413097724314
3169 0.164361220145435
3170 0.164309371180383
3171 0.164438181365608
3172 0.164689475476713
3173 0.164654712059848
3174 0.164737565254639
3175 0.164685682204727
3176 0.164652825983682
3177 0.164612043804095
3178 0.164560293629969
3179 0.164612109557752
3180 0.164596395426142
3181 0.164807509868191
3182 0.164755716181871
3183 0.164703955039496
3184 0.164652413895640
3185 0.164805376313515
3186 0.164754842176398
3187 0.164758584711480
3188 0.164707727523612
3189 0.164658285619914
3190 0.164606697797543
3191 0.164750841129789
3192 0.164867215932335
3193 0.164816703975136
3194 0.164773449833196
3195 0.164749031158236
3196 0.164953853674519
3197 0.164991038813701
3198 0.164940378774122
3199 0.165002193809928
3200 0.164964855406615
3201 0.164978291440039
3202 0.164960465457516
3203 0.164920780437353
3204 0.164897257761730
3205 0.164845872841389
3206 0.164801513909923
3207 0.164811581220728
3208 0.164760294635901
3209 0.164708966332296
3210 0.164757757870843
3211 0.164710805502571
3212 0.164660001574253
3213 0.164630975060581
3214 0.164609424487021
3215 0.164588825956960
3216 0.164676888668790
3217 0.164640368849289
3218 0.164833641451125
3219 0.164783688619456
3220 0.164948203102269
3221 0.165201438910994
3222 0.165240494424854
3223 0.165202844188511
3224 0.165162076836601
3225 0.165349810921663
3226 0.165298560407657
3227 0.165247574846905
3228 0.165217778433977
3229 0.165169876841488
3230 0.165342950079005
3231 0.165296962428203
3232 0.165245855342979
3233 0.165196498610518
3234 0.165145826330452
3235 0.165094796111482
3236 0.165044035426020
3237 0.165099833440640
3238 0.165048847464273
3239 0.164999458710034
3240 0.165063177032068
3241 0.165091368769102
3242 0.165044568057270
3243 0.164993675602639
3244 0.165123265094046
3245 0.165072520708647
3246 0.165021967425157
3247 0.164971469522709
3248 0.164928245852150
3249 0.164877524232436
3250 0.164846663945770
3251 0.165042910110300
3252 0.165008305889829
3253 0.164985992921588
3254 0.164938690955012
3255 0.164888050918037
3256 0.164837422316182
3257 0.164805979775523
3258 0.164820954668899
3259 0.164917502431696
3260 0.164867042341428
3261 0.164816485142085
3262 0.164783222428893
3263 0.164732722296783
3264 0.164775967229616
3265 0.165003014304343
3266 0.165124069534394
3267 0.165156126910972
3268 0.165255655779285
3269 0.165209791557463
3270 0.165217928614810
3271 0.165433562507791
3272 0.165388354066809
3273 0.165340465539480
3274 0.165289964550101
3275 0.165282529091864
3276 0.165244070997577
3277 0.165321147303369
3278 0.165427183846457
3279 0.165536678598272
3280 0.165486213393227
3281 0.165531335214816
3282 0.165481004458673
3283 0.165450944173106
3284 0.165400620293101
3285 0.165350544797053
3286 0.165300225102898
3287 0.165340714047639
3288 0.165366439041820
3289 0.165316255812752
3290 0.165267829689871
3291 0.165226045352565
3292 0.165299851620006
3293 0.165285529184869
3294 0.165235421781613
3295 0.165233226942375
3296 0.165186788187455
3297 0.165161365728525
3298 0.165122337926596
3299 0.165075183195706
3300 0.165033913050764
3301 0.164983918133344
3302 0.164935406860082
3303 0.164908557832567
3304 0.164858646561598
3305 0.164808764974203
3306 0.164800326836469
3307 0.164751237474211
3308 0.164701455378229
3309 0.164658240601778
3310 0.164617935997367
3311 0.164578030225759
3312 0.164589471630736
3313 0.164543642069025
3314 0.164611515111017
3315 0.164561973280391
3316 0.164614093662729
3317 0.164715675739410
3318 0.164702716130889
3319 0.164656589284568
3320 0.164609470164830
3321 0.164674440340752
3322 0.164903099015053
3323 0.164853479862410
3324 0.164810144590366
3325 0.164761071144485
3326 0.164817995836853
3327 0.164769409487620
3328 0.164719899476040
3329 0.164670614501689
3330 0.164621180381318
3331 0.164571759433393
3332 0.164522374781919
3333 0.164517800456151
3334 0.164724368358771
3335 0.164675139833247
3336 0.164674493064551
3337 0.164656505428052
3338 0.164607868382356
3339 0.164762239088904
3340 0.164795775703483
3341 0.164746452171042
3342 0.164697165535916
3343 0.164647909905613
3344 0.164600279093818
3345 0.164551071281376
3346 0.164507601892498
3347 0.164577586982948
3348 0.164532804998521
3349 0.164492648359803
3350 0.164444071389348
3351 0.164394998271567
3352 0.164345954417676
3353 0.164302395584582
3354 0.164278461606562
3355 0.164294872090131
3356 0.164245917923001
3357 0.164375191948482
3358 0.164331014822897
3359 0.164502220270476
3360 0.164491694384049
3361 0.164579070783859
3362 0.164608367781295
3363 0.164592495378395
3364 0.164610511845927
3365 0.164562425086535
3366 0.164535458679992
3367 0.164616565372918
3368 0.164568689866344
3369 0.164520206411837
3370 0.164668961584652
3371 0.164635149048052
3372 0.164589302786889
3373 0.164595846685914
3374 0.164617396431265
3375 0.164640783634170
3376 0.164855101654332
3377 0.164845662265130
3378 0.164796863345094
3379 0.164753993660388
3380 0.164705250020000
3381 0.164656542770086
3382 0.164788601709255
3383 0.164776953162469
3384 0.164758248029160
3385 0.164709575652194
3386 0.164661140226154
3387 0.164614392694011
3388 0.164619411249151
3389 0.164582870274022
3390 0.164534321036087
3391 0.164502991596589
3392 0.164455089233137
3393 0.164414166735879
3394 0.164368403854406
3395 0.164320408000024
3396 0.164273987037185
3397 0.164434411007466
3398 0.164386166886402
3399 0.164344744051264
3400 0.164518430423035
3401 0.164631241210288
3402 0.164597226973556
3403 0.164548908019803
3404 0.164500568154660
3405 0.164453587991286
3406 0.164407481762130
3407 0.164361518351124
3408 0.164336405753952
3409 0.164288832233215
3410 0.164291051111875
3411 0.164242887131621
3412 0.164237264825815
3413 0.164256881483218
3414 0.164221163309397
3415 0.164173627228671
3416 0.164125900461287
3417 0.164126780853468
3418 0.164215895341191
3419 0.164443607434345
3420 0.164396775534160
3421 0.164348744339450
3422 0.164345600405491
3423 0.164297663306261
3424 0.164436036173042
3425 0.164388029461825
3426 0.164340046966632
3427 0.164459225963295
3428 0.164691747514002
3429 0.164659578778584
3430 0.164736246759210
3431 0.164688235285886
3432 0.164657829134627
3433 0.164620086638938
3434 0.164572192027346
3435 0.164620142809304
3436 0.164605597124853
3437 0.164800984334181
3438 0.164753049202031
3439 0.164705141947247
3440 0.164657436078368
3441 0.164799017095150
3442 0.164752243300369
3443 0.164755708318720
3444 0.164708632291272
3445 0.164662864182227
3446 0.164615107440519
3447 0.164748543171170
3448 0.164856278283608
3449 0.164809518718027
3450 0.164769476241476
3451 0.164746870129363
3452 0.164936503652847
3453 0.164970936968801
3454 0.164924037517518
3455 0.164981277066230
3456 0.164946710522869
3457 0.164959156831192
3458 0.164942656061548
3459 0.164905913271670
3460 0.164884135298974
3461 0.164836554961721
3462 0.164795478873796
3463 0.164804803707982
3464 0.164757309312308
3465 0.164709774091256
3466 0.164754961636258
3467 0.164711476992968
3468 0.164664423103335
3469 0.164637537369707
3470 0.164617574803214
3471 0.164598493148227
3472 0.164680059972550
3473 0.164646231170178
3474 0.164825259774205
3475 0.164778989332920
3476 0.164931389026229
3477 0.165165984756451
3478 0.165202175762722
3479 0.165167307009324
3480 0.165129548846859
3481 0.165303485920204
3482 0.165256016697579
3483 0.165208790782897
3484 0.165181194905495
3485 0.165136822550080
3486 0.165297195358879
3487 0.165254597037967
3488 0.165207253077515
3489 0.165161528883253
3490 0.165114583558323
3491 0.165067304407479
3492 0.165020272882149
3493 0.165071988294652
3494 0.165024745951684
3495 0.164978981696042
3496 0.165038040002794
3497 0.165064175134837
3498 0.165020807292034
3499 0.164973645111524
3500 0.165093761780272
3501 0.165046736351164
3502 0.164999885930304
3503 0.164953084729118
3504 0.164913024199101
3505 0.164866011554080
3506 0.164837407897780
3507 0.165019331347149
3508 0.164987259127591
3509 0.164966580005640
3510 0.164922733513811
3511 0.164875790374275
3512 0.164828855731024
3513 0.164799706915669
3514 0.164813592651434
3515 0.164903110865082
3516 0.164856328867725
3517 0.164809454738188
3518 0.164778614505093
3519 0.164731789462992
3520 0.164771889574811
3521 0.164982429982831
3522 0.165094692040090
3523 0.165124428295207
3524 0.165216735911626
3525 0.165174213579351
3526 0.165181769947900
3527 0.165381762752722
3528 0.165339849425302
3529 0.165295448562364
3530 0.165248622720367
3531 0.165241738046366
3532 0.165206078950716
3533 0.165277581086614
3534 0.165375948759070
3535 0.165477528540198
3536 0.165430733652616
3537 0.165472605345117
3538 0.165425932984520
3539 0.165398062725678
3540 0.165351393024974
3541 0.165304951687147
3542 0.165258281748726
3543 0.165295856997024
3544 0.165319736409529
3545 0.165273190305785
3546 0.165228272404270
3547 0.165189514948169
3548 0.165258006144004
3549 0.165244728619791
3550 0.165198246088591
3551 0.165196219949589
3552 0.165153138550596
3553 0.165129557296035
3554 0.165093349675796
3555 0.165049598770324
3556 0.165011306899153
3557 0.164964916509428
3558 0.164919900988718
3559 0.164894987577082
3560 0.164848669243086
3561 0.164802376440777
3562 0.164794546543299
3563 0.164748985852675
3564 0.164702780206803
3565 0.164662668279705
3566 0.164625255865718
3567 0.164588212039068
3568 0.164598829682417
3569 0.164556284797014
3570 0.164619287211142
3571 0.164573294788676
3572 0.164621676610156
3573 0.164715978363697
3574 0.164703946946882
3575 0.164661122825552
3576 0.164617375618876
3577 0.164677693776210
3578 0.164889991390127
3579 0.164843925076461
3580 0.164803691308448
3581 0.164758127847327
3582 0.164810985041664
3583 0.164765872071219
3584 0.164719899476040
3585 0.164674133875032
3586 0.164628227812509
3587 0.164582332015193
3588 0.164536467959649
3589 0.164532215989473
3590 0.164724049686353
3591 0.164678330718392
3592 0.164677729156239
3593 0.164661022231917
3594 0.164615848337833
3595 0.164759224084483
3596 0.164790374058815
3597 0.164744562404592
3598 0.164698783070288
3599 0.164653030586365
3600 0.164608785432109
3601 0.164563073507934
3602 0.164522690227142
3603 0.164587698556146
3604 0.164546094728334
3605 0.164508786025755
3606 0.164463653194726
3607 0.164418057519791
3608 0.164372487104744
3609 0.164332010712377
3610 0.164309765787888
3611 0.164325004189492
3612 0.164279511299961
3613 0.164399616284783
3614 0.164358561715870
3615 0.164517635450731
3616 0.164507850496756
3617 0.164589038200281
3618 0.164616259465611
3619 0.164601507660517
3620 0.164618247545737
3621 0.164573558321474
3622 0.164548494804727
3623 0.164623866926989
3624 0.164579371339876
3625 0.164534308873750
3626 0.164672557861595
3627 0.164641130881403
3628 0.164598517988770
3629 0.164604597723189
3630 0.164624625296131
3631 0.164646361616963
3632 0.164845571985378
3633 0.164836800367523
3634 0.164791441564555
3635 0.164751592529386
3636 0.164706281444848
3637 0.164661002301767
3638 0.164783767247545
3639 0.164772939492855
3640 0.164755550988062
3641 0.164710301523906
3642 0.164665270475459
3643 0.164621806840649
3644 0.164626470795277
3645 0.164592494272847
3646 0.164547351228251
3647 0.164518217375898
3648 0.164473672408077
3649 0.164435615785339
3650 0.164393056698006
3651 0.164348419453834
3652 0.164305244864224
3653 0.164454417864284
3654 0.164409548261046
3655 0.164371020327254
3656 0.164532537665258
3657 0.164637447531325
3658 0.164605812036606
3659 0.164560871346613
3660 0.164515909361839
3661 0.164472210154656
3662 0.164429321995543
3663 0.164386564916229
3664 0.164363200075146
3665 0.164318942250722
3666 0.164320997969820
3667 0.164276188238840
3668 0.164270949250695
3669 0.164289187998934
3670 0.164255952535190
3671 0.164211721942735
3672 0.164167312157304
3673 0.164168119913468
3674 0.164251013756684
3675 0.164462853900379
3676 0.164419278180820
3677 0.164374584892881
3678 0.164371652760592
3679 0.164327044241152
3680 0.164455783185424
3681 0.164411109799678
3682 0.164366457135673
3683 0.164477345001922
3684 0.164693703784980
3685 0.164663769307362
3686 0.164735111408018
3687 0.164690433830144
3688 0.164662137704964
3689 0.164627013200689
3690 0.164582439481781
3691 0.164627061721980
3692 0.164613522748338
3693 0.164795363504589
3694 0.164750751873971
3695 0.164706164390378
3696 0.164661762547471
3697 0.164793538569185
3698 0.164750004247089
3699 0.164753230064130
3700 0.164709411858651
3701 0.164666809341702
3702 0.164622353999432
3703 0.164746562942719
3704 0.164846852534489
3705 0.164803326403331
3706 0.164766051618716
3707 0.164745007575478
3708 0.164921549319173
3709 0.164953610034817
3710 0.164909951442419
3711 0.164963246168065
3712 0.164931068381708
3713 0.164942660767923
3714 0.164927301811173
3715 0.164893095093559
3716 0.164872820882754
3717 0.164828520577989
3718 0.164790274913111
3719 0.164798959265020
3720 0.164754734871963
3721 0.164710470704668
3722 0.164752550052966
3723 0.164712056137655
3724 0.164668236731534
3725 0.164643197691645
3726 0.164624605161841
3727 0.164606832300338
3728 0.164682795732447
3729 0.164651288581361
3730 0.164818028611650
3731 0.164774934923013
3732 0.164916881704458
3733 0.165135393320130
3734 0.165169111293148
3735 0.165136641325651
3736 0.165101478654426
3737 0.165263507828230
3738 0.165219300269351
3739 0.165175317615056
3740 0.165149619603372
3741 0.165108292128548
3742 0.165257701038727
3743 0.165218026753208
3744 0.165173929754338
3745 0.165131340063962
3746 0.165087611020933
3747 0.165043569242694
3748 0.164999756448861
3749 0.165047945953344
3750 0.165003935098947
3751 0.164961299731680
3752 0.165016333186470
3753 0.165040691370208
3754 0.165000287206553
3755 0.164956345808546
3756 0.165068280217470
3757 0.165024465858741
3758 0.164980812877539
3759 0.164937204062774
3760 0.164899875281786
3761 0.164856066142759
3762 0.164829411577747
3763 0.164998960749487
3764 0.164969075261811
3765 0.164949807040015
3766 0.164908945538859
3767 0.164865196248990
3768 0.164821453182914
3769 0.164794286192786
3770 0.164807230462336
3771 0.164890673284707
3772 0.164847069608904
3773 0.164803378367366
3774 0.164774631715629
3775 0.164730983148645
3776 0.164768364822352
3777 0.164964636016789
3778 0.165069295826115
3779 0.165097024384726
3780 0.165183087729745
3781 0.165143453354424
3782 0.165150506372862
3783 0.165336973696727
3784 0.165297907779686
3785 0.165256521068019
3786 0.165212871756144
3787 0.165206461924369
3788 0.165173222048521
3789 0.165239901885688
3790 0.165331635139952
3791 0.165426367094558
3792 0.165382744847446
3793 0.165421803156220
3794 0.165378293401449
3795 0.165352315744938
3796 0.165308805472675
3797 0.165265506502516
3798 0.165221992685586
3799 0.165257045434673
3800 0.165279326342430
3801 0.165235925782655
3802 0.165194042138718
3803 0.165157902652386
3804 0.165221792866665
3805 0.165209418170172
3806 0.165166071434673
3807 0.165164189993921
3808 0.165124013234659
3809 0.165102024504773
3810 0.165068256958962
3811 0.165027451559792
3812 0.164991737040728
3813 0.164948466375532
3814 0.164906476660651
3815 0.164883238545924
3816 0.164840030600433
3817 0.164796844844505
3818 0.164789541396830
3819 0.164747036098180
3820 0.164703927466731
3821 0.164666502665013
3822 0.164631595155159
3823 0.164597030240445
3824 0.164606934773204
3825 0.164567235217362
3826 0.164626019239322
3827 0.164583101634761
3828 0.164628245328459
3829 0.164716240522161
3830 0.164705013225593
3831 0.164665050474344
3832 0.164624224811839
3833 0.164680512628064
3834 0.164878634183552
3835 0.164835645922952
3836 0.164798099361342
3837 0.164755577296623
3838 0.164804909506281
3839 0.164762806433197
3840 0.164719899476040
3841 0.164677184120764
3842 0.164634336075357
3843 0.164591496019871
3844 0.164548684002364
3845 0.164544711951128
3846 0.164723773437305
3847 0.164681096926335
3848 0.164680534666080
3849 0.164664938203467
3850 0.164622767062867
3851 0.164756609932376
3852 0.164785690389762
3853 0.164742923756861
3854 0.164700185716856
3855 0.164657471166328
3856 0.164616162298096
3857 0.164573482491038
3858 0.164535776170044
3859 0.164596468557570
3860 0.164557621675332
3861 0.164522783705960
3862 0.164480638965833
3863 0.164438060507314
3864 0.164395504073442
3865 0.164357702697758
3866 0.164336924149028
3867 0.164351146727211
3868 0.164308657983796
3869 0.164420808452516
3870 0.164382464162021
3871 0.164531011733469
3872 0.164521870263982
3873 0.164597687951532
3874 0.164623108160157
3875 0.164609329158523
3876 0.164624961398718
3877 0.164583221291701
3878 0.164559809811394
3879 0.164630204728628
3880 0.164588643299376
3881 0.164546550871737
3882 0.164675679822774
3883 0.164646323969280
3884 0.164606518416355
3885 0.164612195470610
3886 0.164630901721776
3887 0.164651204861605
3888 0.164837297252253
3889 0.164829105168701
3890 0.164786733396262
3891 0.164749507352913
3892 0.164707177183796
3893 0.164664875324273
3894 0.164779568441817
3895 0.164769453422430
3896 0.164753208383576
3897 0.164710932028332
3898 0.164668858218956
3899 0.164628247393267
3900 0.164632603549706
3901 0.164600855137245
3902 0.164558671666855
3903 0.164531445820078
3904 0.164489818445321
3905 0.164454252565063
3906 0.164414478037273
3907 0.164372760095166
3908 0.164332407500003
3909 0.164471804227192
3910 0.164429867931388
3911 0.164393856702117
3912 0.164544798560851
3913 0.164642841780711
3914 0.164613274066370
3915 0.164571270120849
3916 0.164529244772777
3917 0.164488398172597
3918 0.164448308170890
3919 0.164408339258488
3920 0.164386494729898
3921 0.164345120534241
3922 0.164347035396029
3923 0.164305143139866
3924 0.164300238562032
3925 0.164317280263428
3926 0.164286204806423
3927 0.164244849889902
3928 0.164203325994778
3929 0.164204071954195
3930 0.164281556948581
3931 0.164479593576637
3932 0.164438850676134
3933 0.164397061509532
3934 0.164394314468562
3935 0.164352602294553
3936 0.164472961480749
3937 0.164431188579752
3938 0.164389433580349
3939 0.164493108887521
3940 0.164695405840033
3941 0.164667415418294
3942 0.164734123519995
3943 0.164692346892621
3944 0.164665886947711
3945 0.164633040801827
3946 0.164591357312124
3947 0.164633083121787
3948 0.164620420530073
3949 0.164790471432847
3950 0.164748752326155
3951 0.164707054337716
3952 0.164665528502358
3953 0.164788769632215
3954 0.164748055126860
3955 0.164751072635420
3956 0.164710090531566
3957 0.164670244033233
3958 0.164628663156079
3959 0.164744838808475
3960 0.164838645468084
3961 0.164797934509015
3962 0.164763069551950
3963 0.164743385654344
3964 0.164908526524057
3965 0.164938520525852
3966 0.164897683841967
3967 0.164947542423886
3968 0.164917444581343
3969 0.164928292692659
3970 0.164913927756313
3971 0.164881929624387
3972 0.164862964920992
3973 0.164821521584256
3974 0.164785741417417
3975 0.164793867615717
3976 0.164752491949087
3977 0.164711077635890
3978 0.164750448859478
3979 0.164712560760582
3980 0.164671559762337
3981 0.164648130034475
3982 0.164630731566772
3983 0.164614099485118
3984 0.164685179908742
3985 0.164655696207218
3986 0.164811726288841
3987 0.164771401169709
3988 0.164904236907448
3989 0.165108728385538
3990 0.165140289682827
3991 0.165109909701120
3992 0.165077008646994
3993 0.165228655902821
3994 0.165187290604081
3995 0.165146134375109
3996 0.165122089985605
3997 0.165083416341947
3998 0.165223264520456
3999 0.165186138635440
4000 0.165144871816527
4001 0.165105014447739
4002 0.165064089242949
4003 0.165022869902134
4004 0.164981863495554
4005 0.165026977189751
4006 0.164985784045661
4007 0.164945877104916
4008 0.164997399296781
4009 0.165020206779311
4010 0.164982387141962
4011 0.164941254743694
4012 0.165046050539054
4013 0.165005036754836
4014 0.164964172660602
4015 0.164923348527480
4016 0.164888402720464
4017 0.164847388356680
4018 0.164822434201431
4019 0.164981185261554
4020 0.164953207351075
4021 0.164935169801423
4022 0.164896912771062
4023 0.164855950419043
4024 0.164814992509714
4025 0.164789555012790
4026 0.164801677374285
4027 0.164879817040600
4028 0.164838987296587
4029 0.164798074173725
4030 0.164771154928201
4031 0.164730279248822
4032 0.164765287657506
4033 0.164949101041725
4034 0.165047122929333
4035 0.165073097748636
4036 0.165153708098192
4037 0.165116594351981
4038 0.165123206876679
4039 0.165297862282888
4040 0.165261281510940
4041 0.165222525738262
4042 0.165181649365321
4043 0.165175653122298
4044 0.165144525070638
4045 0.165206991968044
4046 0.165292929176047
4047 0.165381678260769
4048 0.165340825772575
4049 0.165377424953670
4050 0.165336676402707
4051 0.165312350658580
4052 0.165271599170815
4053 0.165231044277306
4054 0.165190286750301
4055 0.165223134370453
4056 0.165244017348891
4057 0.165203364102968
4058 0.165164130723823
4059 0.165130277913991
4060 0.165190146386862
4061 0.165178559567440
4062 0.165137952276275
4063 0.165136196301433
4064 0.165098557249865
4065 0.165077959558314
4066 0.165046323974302
4067 0.165008092490837
4068 0.164974630251996
4069 0.164934086152806
4070 0.164894741093266
4071 0.164872967162507
4072 0.164832478152534
4073 0.164792008602342
4074 0.164785165272205
4075 0.164745331318973
4076 0.164704930615501
4077 0.164669855518490
4078 0.164637138535773
4079 0.164604741572711
4080 0.164614022754558
4081 0.164576811804038
4082 0.164631906877881
4083 0.164591678722042
4084 0.164633990544370
4085 0.164716469822576
4086 0.164705945893267
4087 0.164668486085901
4088 0.164630216180243
4089 0.164682978520234
4090 0.164868698710417
4091 0.164828402928474
4092 0.164793207090903
4093 0.164753345798439
4094 0.164799593783823
4095 0.164760124093507
4096 0.164719899476040
