1 0.000034536977234
2 0.000017812249237
3 0.000011874833186
4 0.000008982001695
5 0.013958546690969
6 0.145085864993821
7 0.124363188516503
8 0.118639119234125
9 0.110171009919167
10 0.099174233217517
11 0.143144984899308
12 0.145013574953720
13 0.133858688207391
14 0.124297387395232
15 0.116010934332197
16 0.108801736579480
17 0.102401634443654
18 0.096930552962191
19 0.106357548222024
20 0.101174890222979
21 0.096709187741660
22 0.092319642967897
23 0.088305745450439
24 0.084626339390004
25 0.081388946580267
26 0.079458707033848
27 0.080943603295166
28 0.078052761556630
29 0.092157296232288
30 0.089187650916154
31 0.107449309072307
32 0.105871078486683
33 0.112823364610294
34 0.114040620734817
35 0.112102517527069
36 0.112434381573885
37 0.109402817417131
38 0.107208403578309
39 0.112522045248964
40 0.109717642944900
41 0.107043654318674
42 0.117967706239671
43 0.115581861384222
44 0.112991230934475
45 0.112599970556630
46 0.113053968734068
47 0.113593824524927
48 0.128873806248456
49 0.127454596941930
50 0.124905505358363
51 0.122538045647898
52 0.120181544798187
53 0.117913975685282
54 0.125027373829939
55 0.123747641105762
56 0.122263528706390
57 0.120118554736189
58 0.118048214980808
59 0.116061550789618
60 0.115657111561576
61 0.113947013628889
62 0.112109158630444
63 0.110626510927886
64 0.108900606583532
65 0.107316150063975
66 0.105711174741503
67 0.104134938385814
68 0.102616776695509
69 0.110088513540447
70 0.108516162893525
71 0.107061992819116
72 0.114944065337555
73 0.119273924604298
74 0.117859804844860
75 0.116288409923000
76 0.114758299266170
77 0.113274731044522
78 0.111835860683246
79 0.110434410566334
80 0.109410329235097
81 0.108061871418683
82 0.107780172949649
83 0.106481616950197
84 0.106011763337787
85 0.106278597541577
86 0.105181665327941
87 0.103974442892591
88 0.102793775422932
89 0.102556913420946
90 0.105263633214759
91 0.114225538236524
92 0.112989204634484
93 0.111774287428337
94 0.111357490424533
95 0.110185405390969
96 0.114591054251038
97 0.113409704672848
98 0.112252462788433
99 0.115748092451594
100 0.124056388314640
101 0.122996123431845
102 0.124774949144647
103 0.123563542693760
104 0.122564125186291
105 0.121484352228157
106 0.120338315234209
107 0.121187050669802
108 0.120511275291098
109 0.126546887344381
110 0.125396461095795
111 0.124266763248085
112 0.123157512164940
113 0.126928524339032
114 0.125818708512561
115 0.125492652604060
116 0.124412920868140
117 0.123357845798167
118 0.122312459594257
119 0.125632375449613
120 0.128067994683870
121 0.127012693805140
122 0.126022881923061
123 0.125263590649623
124 0.130355008466810
125 0.130684255762709
126 0.129649388957486
127 0.130531973469652
128 0.129615531337302
129 0.129471004026269
130 0.128815703957302
131 0.127910362857513
132 0.127199776737917
133 0.126243440302355
134 0.125338434496232
135 0.125172411629043
136 0.124252105970166
137 0.123345162808976
138 0.123929962819092
139 0.123056631531921
140 0.122178471946336
141 0.121488131127760
142 0.120894925295766
143 0.120321629292525
144 0.121741097002267
145 0.120997455629928
146 0.125063068876291
147 0.124215326163396
148 0.127432026699368
149 0.133106809114390
150 0.133403668279894
151 0.132603450857607
152 0.131788349904871
153 0.135465074196872
154 0.134585432073854
155 0.133717420346398
156 0.133012254200025
157 0.132175913681894
158 0.135367843165482
159 0.134537007019569
160 0.133696170721796
161 0.132870214071210
162 0.132050603491834
163 0.131240485172525
164 0.130440536313060
165 0.131019697893006
166 0.130230422987928
167 0.129454275742971
168 0.130171519613256
169 0.130281665388171
170 0.129529293291500
171 0.128771812049274
172 0.130770315762715
173 0.130014540111099
174 0.129267680887220
175 0.128529397179742
176 0.127830836018102
177 0.127108649217102
178 0.126515819782289
179 0.129917021509833
180 0.129285016828659
181 0.128767714697893
182 0.128070233969884
183 0.127370411394958
184 0.126678184859702
185 0.126104705805836
186 0.126046039435719
187 0.127282837448117
188 0.126605899915520
189 0.125936027429255
190 0.125366984906014
191 0.124710613287106
192 0.125053003304089
193 0.128918202135722
194 0.130544872372868
195 0.130694911973250
196 0.131909734507719
197 0.131254767586389
198 0.131092336752843
199 0.134572268417496
200 0.133916770053071
201 0.133256952791673
202 0.132597264909027
203 0.132261140406487
204 0.131665575926611
205 0.132460896671770
206 0.133724173405295
207 0.135035328281935
208 0.134386120508770
209 0.134686416870789
210 0.134045120920742
211 0.133517072249295
212 0.132887303267860
213 0.132263675855041
214 0.131645621295107
215 0.131888883394504
216 0.131942761643810
217 0.131334787876212
218 0.130735885948688
219 0.130169135076322
220 0.130874021238850
221 0.130509311122422
222 0.129921468041735
223 0.129677570737559
224 0.129107968663586
225 0.128666729851703
226 0.128140285525020
227 0.127582345442054
228 0.127053462502390
229 0.126498643899197
230 0.125951115670596
231 0.125523782104686
232 0.124982731356374
233 0.124446324784029
234 0.124178624236496
235 0.123651152295067
236 0.123127213462609
237 0.122627477297073
238 0.122145061426076
239 0.121668512596188
240 0.121606908567361
241 0.121111562346996
242 0.121714813698657
243 0.121213996779699
244 0.121612584847179
245 0.122669624472757
246 0.122384051103091
247 0.121896474961414
248 0.121409814845417
249 0.121959987989416
250 0.125054630059167
251 0.124556405395147
252 0.124079676536777
253 0.123589741926544
254 0.124023469090703
255 0.123538347562000
256 0.123055775892378
257 0.122577094028895
258 0.122101993228477
259 0.121630556961190
260 0.121162748294059
261 0.120965790658634
262 0.123560281749663
263 0.123090573947012
264 0.122921937811825
265 0.122618180066872
266 0.122157973536180
267 0.123883421207270
268 0.124038960924975
269 0.123577849721728
270 0.123120155748081
271 0.122665840012663
272 0.122217302991619
273 0.121769620564069
274 0.121339520371417
275 0.121902080162426
276 0.121470204467059
277 0.121058381122829
278 0.120623420049433
279 0.120191078042325
280 0.119761824192174
281 0.119348762608382
282 0.119036187983435
283 0.119038006775329
284 0.118618858986036
285 0.119911720067316
286 0.119503175370396
287 0.121370059964077
288 0.121146365069523
289 0.121887369067780
290 0.121998826667009
291 0.121738373683492
292 0.121746288921605
293 0.121331682160009
294 0.121007476069471
295 0.121663180993757
296 0.121253325494070
297 0.120845348335065
298 0.122338665404412
299 0.121980931999900
300 0.121579642631885
301 0.121492615626236
302 0.121532321821907
303 0.121588080465743
304 0.123974412264390
305 0.123762471733125
306 0.123358019269173
307 0.122969768587920
308 0.122570516097255
309 0.122173848996015
310 0.123399215533114
311 0.123178131476738
312 0.122913577679508
313 0.122520882582784
314 0.122130812411897
315 0.121745746428686
316 0.121650966209314
317 0.121302985677637
318 0.120921529759548
319 0.120601093469923
320 0.120224742030609
321 0.119868624244882
322 0.119500671308658
323 0.119131020124762
324 0.118766109394269
325 0.120302726346891
326 0.119933773101213
327 0.119583119628764
328 0.121275156502295
329 0.122216641715995
330 0.121890618748389
331 0.121522384811703
332 0.121156353532161
333 0.120794092849480
334 0.120435556172880
335 0.120079394218475
336 0.119806860021596
337 0.119451899742914
338 0.119349860385562
339 0.118997795974381
340 0.118844902202420
341 0.118873781288806
342 0.118561116510677
343 0.118215904256863
344 0.117872473446706
345 0.117767663544675
346 0.118427761901090
347 0.120740065152658
348 0.120394498433394
349 0.120049533980757
350 0.119913950652442
351 0.119572342280885
352 0.120747215444740
353 0.120405155755566
354 0.120065028196935
355 0.121017858538469
356 0.123336846797508
357 0.123038899425952
358 0.123545596204477
359 0.123201458289432
360 0.122913743466175
361 0.122598713607771
362 0.122260055368163
363 0.122504939532004
364 0.122300814175514
365 0.124098326983524
366 0.123759260516356
367 0.123422041822851
368 0.123086739105766
369 0.124241739508833
370 0.123907057834813
371 0.123811141988991
372 0.123478971637508
373 0.123150527042451
374 0.122821253637890
375 0.123873416818540
376 0.124655420187535
377 0.124325768113715
378 0.124013413288524
379 0.123772296248951
380 0.125437630732455
381 0.125558558002066
382 0.125230632557832
383 0.125534828352727
384 0.125242361040686
385 0.125205293890487
386 0.124995648038596
387 0.124699059852152
388 0.124465590613025
389 0.124145645729208
390 0.123840073976779
391 0.123786583627544
392 0.123470829184672
393 0.123156656318774
394 0.123361963191582
395 0.123056076990850
396 0.122745617931656
397 0.122499005333660
398 0.122284819146853
399 0.122075868714987
400 0.122582491491938
401 0.122311495498225
402 0.123784792747232
403 0.123478738398183
404 0.124658956881077
405 0.126753563423439
406 0.126878888843431
407 0.126598033680460
408 0.126309087779385
409 0.127697885038069
410 0.127386427238591
411 0.127076590710804
412 0.126825704571972
413 0.126522753211879
414 0.127754584175350
415 0.127454609023037
416 0.127148235442154
417 0.126845043390680
418 0.126541809555325
419 0.126239803607566
420 0.125939349009025
421 0.126177027982885
422 0.125878030437073
423 0.125581897582801
424 0.125875221517632
425 0.125929129597764
426 0.125639104431934
427 0.125344867655444
428 0.126156011541205
429 0.125861990833727
430 0.125569430471686
431 0.125278243932491
432 0.125001170758414
433 0.124712493163685
434 0.124474872234323
435 0.125879139031515
436 0.125627480866072
437 0.125421590363312
438 0.125139409157460
439 0.124854359712360
440 0.124570601460532
441 0.124334805447910
442 0.124314122089350
443 0.124840111131482
444 0.124558981559834
445 0.124279073736130
446 0.124040371660519
447 0.123762876434644
448 0.123911730497397
449 0.125575705213013
450 0.126284408597300
451 0.126358728299850
452 0.126895103079561
453 0.126621341816705
454 0.126560707721391
455 0.128092659436331
456 0.127819369822506
457 0.127542507964059
458 0.127264030873520
459 0.127126993749380
460 0.126874035037994
461 0.127238096412498
462 0.127812680411125
463 0.128411644887277
464 0.128134895892830
465 0.128283311299879
466 0.128008055840782
467 0.127782400156424
468 0.127509373763323
469 0.127237615321050
470 0.126966896990642
471 0.127087873796745
472 0.127122701575237
473 0.126853969550923
474 0.126587978407727
475 0.126335408863501
476 0.126669250632344
477 0.126509090957031
478 0.126244444631200
479 0.126138573910072
480 0.125880132518942
481 0.125680442505368
482 0.125439799081127
483 0.125183169862930
484 0.124938983634284
485 0.124681377487350
486 0.124425998421164
487 0.124226431816491
488 0.123971869473622
489 0.123718348268154
490 0.123591993264875
491 0.123340732011791
492 0.123090042694359
493 0.122849879813093
494 0.122617010623188
495 0.122385965937248
496 0.122354711057692
497 0.122113008358300
498 0.122404143661694
499 0.122158877446725
500 0.122351498662321
501 0.122866939369809
502 0.122726603983683
503 0.122486496906398
504 0.122245858551810
505 0.122515476510522
506 0.124043352061740
507 0.123798691090001
508 0.123563695109678
509 0.123321185335686
510 0.123537725053896
511 0.123296589543559
512 0.123055775892378
513 0.122815968409112
514 0.122577028952132
515 0.122339015303683
516 0.122101924776946
517 0.122000676963931
518 0.123310950669615
519 0.123073409588657
520 0.122987827328405
521 0.122833198361171
522 0.122598275074852
523 0.123478302276845
524 0.123558626252561
525 0.123323276578273
526 0.123088822586370
527 0.122855258580418
528 0.122623835307138
529 0.122392032216332
530 0.122168504170220
531 0.122458287519992
532 0.122233186205558
533 0.122017730205389
534 0.121789493262530
535 0.121561849350014
536 0.121335054854958
537 0.121115979369468
538 0.120948854349029
539 0.120946260753000
540 0.120722286260154
541 0.121399480309859
542 0.121181156428749
543 0.122164798965265
544 0.122044911339102
545 0.122436198695481
546 0.122494392604178
547 0.122354927550905
548 0.122358020061236
549 0.122135631149966
550 0.121960866532497
551 0.122310194231592
552 0.122089244519372
553 0.121868620404996
554 0.122670037759862
555 0.122476715849404
556 0.122259301111536
557 0.122211051942452
558 0.122231254155313
559 0.122260227208531
560 0.123554464208613
561 0.123439986643586
562 0.123220342570846
563 0.123008876705045
564 0.122790775862417
565 0.122573447731358
566 0.123243878875820
567 0.123122888038297
568 0.122977667014886
569 0.122761537569174
570 0.122546234606639
571 0.122333080128695
572 0.122279692221315
573 0.122086082178463
574 0.121873388661995
575 0.121693960774529
576 0.121482979302506
577 0.121282681128346
578 0.121075250501447
579 0.120866318011653
580 0.120659479434814
581 0.121515773995160
582 0.121307025188048
583 0.121107990989802
584 0.122055701988358
585 0.122583852569250
586 0.122399629377845
587 0.122191120955915
588 0.121983312927085
589 0.121777099401232
590 0.121572465068119
591 0.121368655992619
592 0.121211796614367
593 0.121007704623627
594 0.120947022624189
595 0.120743750359267
596 0.120653599626294
597 0.120667065406920
598 0.120485251630602
599 0.120284363586899
600 0.120084015823526
601 0.120020170634545
602 0.120395821007019
603 0.121723186130051
604 0.121522457091506
605 0.121321596673938
606 0.121241190357761
607 0.121041467494299
608 0.121719240896377
609 0.121519373744111
610 0.121320161656006
611 0.121871715891334
612 0.123219274654185
613 0.123045947346678
614 0.123341371448944
615 0.123140816511146
616 0.122972769929012
617 0.122788353712891
618 0.122589674226090
619 0.122732749076844
620 0.122612540303768
621 0.123668547467689
622 0.123469723436390
623 0.123271537684486
624 0.123074036248991
625 0.123755968811533
626 0.123558929756117
627 0.123502730951139
628 0.123306458722295
629 0.123111963776284
630 0.122916551569872
631 0.123541695618703
632 0.124007463004686
633 0.123812153566065
634 0.123626733204276
635 0.123483431349293
636 0.124478896708776
637 0.124552730341030
638 0.124357962798653
639 0.124541655536061
640 0.124367726981363
641 0.124346828044128
642 0.124222116466272
643 0.124044813050127
644 0.123905167370035
645 0.123713077235830
646 0.123529268543951
647 0.123497423225376
648 0.123306857513642
649 0.123116863731475
650 0.123241372501434
651 0.123055958586535
652 0.122867397744455
653 0.122717279855914
654 0.122586600380575
655 0.122458855336990
656 0.122767187843329
657 0.122601504297164
658 0.123501163089416
659 0.123314431263910
660 0.124037116982430
661 0.125321439962090
662 0.125400464499821
663 0.125230284066962
664 0.125054798859093
665 0.125910847532359
666 0.125721792486893
667 0.125533369431168
668 0.125380941485182
669 0.125196077286928
670 0.125959218622453
671 0.125776365682577
672 0.125589203232715
673 0.125403657834119
674 0.125217737422217
675 0.125032231614843
676 0.124847344988519
677 0.124996761313506
678 0.124812400402498
679 0.124629486459460
680 0.124813783164595
681 0.124848984886194
682 0.124669409261660
683 0.124486877184953
684 0.124995689427024
685 0.124813244811850
686 0.124631390278825
687 0.124450075346946
688 0.124277302901284
689 0.124096934932256
690 0.123948366924848
691 0.124833146320054
692 0.124676098679272
693 0.124547638697281
694 0.124370806685038
695 0.124191859772913
696 0.124013424240061
697 0.123865032756065
698 0.123852608297910
699 0.124186620686259
700 0.124009237772879
701 0.123832334437984
702 0.123681316793504
703 0.123505383207304
704 0.123600474277390
705 0.124660667048357
706 0.125113686256705
707 0.125162751190497
708 0.125506871780241
709 0.125333916038669
710 0.125296957653465
711 0.126279097991532
712 0.126106616948752
713 0.125931563489514
714 0.125755188751430
715 0.125669326936244
716 0.125508847410511
717 0.125744827161241
718 0.126116625318089
719 0.126504687359190
720 0.126328986559336
721 0.126427209962403
722 0.126252122784284
723 0.126108795991008
724 0.125934620924977
725 0.125760993398650
726 0.125587768889876
727 0.125668042897821
728 0.125692573862583
729 0.125520173149568
730 0.125349288210564
731 0.125186864348306
732 0.125405521761536
733 0.125303021848503
734 0.125132320384418
735 0.125064837457650
736 0.124897747605354
737 0.124768753695428
738 0.124612820847631
739 0.124446210652563
740 0.124287495550598
741 0.124119766140099
742 0.123953253182122
743 0.123823083341965
744 0.123656654477925
745 0.123490672391377
746 0.123407983013723
747 0.123243076367119
748 0.123078315018814
749 0.122920252838857
750 0.122766775835071
751 0.122614289969888
752 0.122593371426947
753 0.122433524279580
754 0.122625387495985
755 0.122462991356774
756 0.122589984073557
757 0.122930799541246
758 0.122837775499021
759 0.122678506682960
760 0.122518672813896
761 0.122697232938584
762 0.123711567941849
763 0.123549429896565
764 0.123393502282939
765 0.123232368580801
766 0.123376655882423
767 0.123216213670414
768 0.123055775892378
769 0.122895800289107
770 0.122736196766032
771 0.122577005849346
772 0.122418227737504
773 0.122350101706081
774 0.123226551776885
775 0.123067584780596
776 0.123010243349509
777 0.122906531498866
778 0.122748815189616
779 0.123339448933554
780 0.123393588185629
781 0.123235593895060
782 0.123078004231303
783 0.122920817241799
784 0.122764877130890
785 0.122608488752724
786 0.122457488344358
787 0.122652642060438
788 0.122500423464220
789 0.122354535903575
790 0.122199832950177
791 0.122045345171563
792 0.121891247513518
793 0.121742193631592
794 0.121628164065776
795 0.121625551162661
796 0.121472755287603
797 0.121931489932349
798 0.121782538111317
799 0.122450268418758
800 0.122368387996150
801 0.122634215877011
802 0.122673587269738
803 0.122578361144201
804 0.122580191072147
805 0.122428248608422
806 0.122308629306851
807 0.122546710842696
808 0.122395472281116
809 0.122244283946121
810 0.122791950058534
811 0.122659501756927
812 0.122510406461161
813 0.122477041279698
814 0.122490563202842
815 0.122510117347261
816 0.123398012972147
817 0.123319597473073
818 0.123168840040665
819 0.123023536280084
820 0.122873507579087
821 0.122723844819325
822 0.123185296924772
823 0.123102012328266
824 0.123001933850611
825 0.122852840612496
826 0.122704155392534
827 0.122556792481177
828 0.122519640795943
829 0.122385529211952
830 0.122238076771607
831 0.122113485046694
832 0.121966916714774
833 0.121827593804927
834 0.121683181556697
835 0.121537576954725
836 0.121393273565360
837 0.121986790107093
838 0.121841249746889
839 0.121702309148395
840 0.122360486416250
841 0.122727505804352
842 0.122599122854947
843 0.122453697069479
844 0.122308609750681
845 0.122164485415117
846 0.122021315624869
847 0.121878576529028
848 0.121768469603955
849 0.121625262037997
850 0.121582129490844
851 0.121439259802835
852 0.121375380288404
853 0.121383958588957
854 0.121255806912821
855 0.121114166569592
856 0.120972766498322
857 0.120926955869090
858 0.121189467219900
859 0.122120325803108
860 0.121978886874091
861 0.121837217904973
862 0.121780092790316
863 0.121638991190600
864 0.122115251265562
865 0.121974077732500
866 0.121833230067682
867 0.122221334530627
868 0.123171053821210
869 0.123048842752546
870 0.123257334135747
871 0.123115821794263
872 0.122997138652202
873 0.122866773046166
874 0.122726198283950
875 0.122827257493731
876 0.122742070338795
877 0.123489676859616
878 0.123349028024924
879 0.123208699210334
880 0.123068724145249
881 0.123552507531960
882 0.123412889632401
883 0.123373149416549
884 0.123233862789650
885 0.123095710557889
886 0.122956778913621
887 0.123401452721364
888 0.123733102756093
889 0.123594344022236
890 0.123462502786471
891 0.123360558400954
892 0.124070467416178
893 0.124123592223611
894 0.123985077062628
895 0.124116644151946
896 0.123992883813081
897 0.123978367229359
898 0.123889618485295
899 0.123763173992970
900 0.123663562683057
901 0.123526319029477
902 0.123394884820223
903 0.123372216451015
904 0.123235754753638
905 0.123099583635553
906 0.123188930192473
907 0.123055907021260
908 0.122920508764133
909 0.122812609872784
910 0.122718588216862
911 0.122626595910183
912 0.122848195014992
913 0.122728879465154
914 0.123376415690683
915 0.123242064296574
916 0.123762855717088
917 0.124688931781232
918 0.124746607981841
919 0.124624545119526
920 0.124498548990094
921 0.125117255415274
922 0.124981553605986
923 0.124846192891698
924 0.124736739762500
925 0.124603734414490
926 0.125156538990812
927 0.125025048545262
928 0.124890326725036
929 0.124756663456201
930 0.124622616829057
931 0.124488759364627
932 0.124355240172412
933 0.124464186535576
934 0.124330927303364
935 0.124198609555532
936 0.124332960662792
937 0.124359057989271
938 0.124229014653413
939 0.124096715384209
940 0.124467372549503
941 0.124335123618030
942 0.124203197834100
943 0.124071559270202
944 0.123946041339547
945 0.123814885499231
946 0.123706820091537
947 0.124352674483217
948 0.124238543158760
949 0.124145197308393
950 0.124016440492489
951 0.123886036982780
952 0.123755905356650
953 0.123647645812619
954 0.123638783249885
955 0.123883483233658
956 0.123753917436678
957 0.123624602998407
958 0.123514157638297
959 0.123385362902172
960 0.123455221374720
961 0.124233141412633
962 0.124566051066198
963 0.124602641453925
964 0.124855958349439
965 0.124729559688979
966 0.124703021286138
967 0.125425767632293
968 0.125299782950372
969 0.125171809490683
970 0.125042766388628
971 0.124980275373700
972 0.124862770961291
973 0.125037327546823
974 0.125312131013180
975 0.125599127015084
976 0.125470439499150
977 0.125543804515190
978 0.125415451205217
979 0.125310457742541
980 0.125182596100135
981 0.125055044691610
982 0.124927697395620
983 0.124987737350116
984 0.125006577642692
985 0.124879680055314
986 0.124753812395700
987 0.124634120027417
988 0.124796680726612
989 0.124721328254197
990 0.124595355344052
991 0.124545846780849
992 0.124422400066521
993 0.124327140082557
994 0.124211811281691
995 0.124088470653962
996 0.123970908971778
997 0.123846565033362
998 0.123723038566716
999 0.123626456007536
1000 0.123502829560025
1001 0.123379450109915
1002 0.123317997960765
1003 0.123195270862100
1004 0.123072567990560
1005 0.122954774134082
1006 0.122840318593193
1007 0.122726524722775
1008 0.122710807481659
1009 0.122591399812658
1010 0.122734476040021
1011 0.122613093078945
1012 0.122707812834049
1013 0.122962382903427
1014 0.122892813073675
1015 0.122773660296370
1016 0.122654005873041
1017 0.122787485638850
1018 0.123546653634713
1019 0.123425410833688
1020 0.123308739580994
1021 0.123188090688307
1022 0.123296278898615
1023 0.123176065018236
1024 0.123055775892378
1025 0.122935755171485
1026 0.122815935807303
1027 0.122696348722779
1028 0.122576994593192
1029 0.122525663019679
1030 0.123184106508503
1031 0.123064652602726
1032 0.123021538243864
1033 0.122943517524750
1034 0.122824813197263
1035 0.123269284393901
1036 0.123310113333243
1037 0.123191202951293
1038 0.123072522097618
1039 0.122954069806331
1040 0.122836482979872
1041 0.122718484437403
1042 0.122604476455964
1043 0.122751589578153
1044 0.122636601837408
1045 0.122526322924756
1046 0.122409318029721
1047 0.122292403685917
1048 0.122175712461026
1049 0.122062762801050
1050 0.121976229425404
1051 0.121973921791403
1052 0.121857977031730
1053 0.122204820612090
1054 0.122091787515445
1055 0.122597197246480
1056 0.122535027486144
1057 0.122736315559068
1058 0.122766063911889
1059 0.122693770186253
1060 0.122695049292882
1061 0.122579659527077
1062 0.122488732438579
1063 0.122669307881942
1064 0.122554342322924
1065 0.122439346798930
1066 0.122855307857280
1067 0.122754577838160
1068 0.122641131718082
1069 0.122615634414259
1070 0.122625791659404
1071 0.122640545533582
1072 0.123316284714292
1073 0.123256654020456
1074 0.123141889927107
1075 0.123031213806360
1076 0.122916872530948
1077 0.122802743941611
1078 0.123154538683313
1079 0.123091042423180
1080 0.123014696408660
1081 0.122900899291173
1082 0.122787348412830
1083 0.122674742391858
1084 0.122646255726466
1085 0.122543670364200
1086 0.122430830892157
1087 0.122335404509891
1088 0.122223118874210
1089 0.122116312459094
1090 0.122005552336453
1091 0.121893817952011
1092 0.121783017700631
1093 0.122237165551771
1094 0.122125453305614
1095 0.122018736076668
1096 0.122522889797535
1097 0.122804112133007
1098 0.122705592051288
1099 0.122593944729772
1100 0.122482495689112
1101 0.122371724617823
1102 0.122261625814054
1103 0.122151797777457
1104 0.122066975409966
1105 0.121956675202451
1106 0.121923226668776
1107 0.121813088275213
1108 0.121763630536253
1109 0.121769878543579
1110 0.121670934893692
1111 0.121561558096715
1112 0.121452308229328
1113 0.121416603601311
1114 0.121618349643737
1115 0.122335101787730
1116 0.122225915179361
1117 0.122116493504593
1118 0.122072199117800
1119 0.121963117091990
1120 0.122330228323120
1121 0.122221102468386
1122 0.122112171004511
1123 0.122411554467055
1124 0.123144798349874
1125 0.123050420427032
1126 0.123211509171002
1127 0.123102182263755
1128 0.123010446394653
1129 0.122909629315989
1130 0.122800863653647
1131 0.122878982259473
1132 0.122813014350913
1133 0.123391637453073
1134 0.123282826485302
1135 0.123174207254918
1136 0.123065806229109
1137 0.123440666459196
1138 0.123332554731306
1139 0.123301817000230
1140 0.123193871346052
1141 0.123086750632936
1142 0.122978970880838
1143 0.123324030789413
1144 0.123581533108268
1145 0.123473930536434
1146 0.123371645818855
1147 0.123292533708543
1148 0.123844194741881
1149 0.123885680142849
1150 0.123778206541250
1151 0.123880690829227
1152 0.123784637608480
1153 0.123773524746907
1154 0.123704641272308
1155 0.123606382725653
1156 0.123528966300346
1157 0.123422205768373
1158 0.123319917734274
1159 0.123302321038581
1160 0.123196035280808
1161 0.123089924047049
1162 0.123159594993829
1163 0.123055878157121
1164 0.122950258235637
1165 0.122866043779235
1166 0.122792619130183
1167 0.122720743361290
1168 0.122893692193597
1169 0.122800466706702
1170 0.123306258606610
1171 0.123201338565170
1172 0.123608408246844
1173 0.124332505602591
1174 0.124377908650578
1175 0.124282753696420
1176 0.124184475934809
1177 0.124668879240371
1178 0.124563048432231
1179 0.124457433984297
1180 0.124372056075423
1181 0.124268190484210
1182 0.124701551382353
1183 0.124598899940749
1184 0.124493667085542
1185 0.124389214328489
1186 0.124284411702759
1187 0.124179708169264
1188 0.124075220933617
1189 0.124160945892465
1190 0.124056609016631
1191 0.123952962689228
1192 0.124058665946998
1193 0.124079393096727
1194 0.123977465974330
1195 0.123873719141607
1196 0.124165224770052
1197 0.124061512074365
1198 0.123958005833198
1199 0.123854678081943
1200 0.123756118044151
1201 0.123653076956887
1202 0.123568161759602
1203 0.124076692738200
1204 0.123987057759928
1205 0.123913751762750
1206 0.123812518321985
1207 0.123709941838502
1208 0.123607533549652
1209 0.123522320171939
1210 0.123515436238710
1211 0.123708509592562
1212 0.123606455196297
1213 0.123504553749319
1214 0.123417497237181
1215 0.123315919054841
1216 0.123371127588964
1217 0.123985478657345
1218 0.124248620487792
1219 0.124277786996373
1220 0.124478215145334
1221 0.124378627132116
1222 0.124357935508067
1223 0.124929677783219
1224 0.124830448140857
1225 0.124729601652997
1226 0.124627864621059
1227 0.124578749809545
1228 0.124486068406208
1229 0.124624571465832
1230 0.124842515638444
1231 0.125070209153660
1232 0.124968691217223
1233 0.125027230851411
1234 0.124925923749717
1235 0.124843090492628
1236 0.124742089649337
1237 0.124641291407371
1238 0.124540611850523
1239 0.124588558872973
1240 0.124603831474885
1241 0.124503435522105
1242 0.124403814533501
1243 0.124309054783193
1244 0.124438423783233
1245 0.124378853230402
1246 0.124279037254462
1247 0.124239946101259
1248 0.124142066902595
1249 0.124066556229326
1250 0.123975055233959
1251 0.123877143828250
1252 0.123783789108898
1253 0.123684999175348
1254 0.123586819073391
1255 0.123510046358548
1256 0.123411710341141
1257 0.123313530778420
1258 0.123264636395179
1259 0.123166906515596
1260 0.123069156262675
1261 0.122975278852657
1262 0.122884024669731
1263 0.122793261301887
1264 0.122780674501552
1265 0.122685376315748
1266 0.122799446626279
1267 0.122702538067294
1268 0.122778064050873
1269 0.122981223411836
1270 0.122925662271776
1271 0.122830482949854
1272 0.122734865248002
1273 0.122841438745608
1274 0.123448015721026
1275 0.123351193935668
1276 0.123257988245347
1277 0.123161565560854
1278 0.123248103022561
1279 0.123151988383194
1280 0.123055775892378
1281 0.122959740577065
1282 0.122863828991218
1283 0.122768066069168
1284 0.122672452546924
1285 0.122631273055018
1286 0.123158560133909
1287 0.123062886916751
1288 0.123028343242326
1289 0.122965812437173
1290 0.122870647654588
1291 0.123226946534575
1292 0.123259718298520
1293 0.123164389859969
1294 0.123069209092563
1295 0.122974175410986
1296 0.122879800098391
1297 0.122785058541084
1298 0.122693484665303
1299 0.122811536996506
1300 0.122719146882079
1301 0.122630504292712
1302 0.122536424952025
1303 0.122442383183119
1304 0.122348485650003
1305 0.122257560771456
1306 0.122187840371457
1307 0.122185822824187
1308 0.122092408613019
1309 0.122371241201665
1310 0.122280169976892
1311 0.122686744258951
1312 0.122636636931263
1313 0.122798601808365
1314 0.122822507037464
1315 0.122764244300906
1316 0.122765221032601
1317 0.122672207582898
1318 0.122598871379529
1319 0.122744316078054
1320 0.122651590045484
1321 0.122558806184186
1322 0.122894127688585
1323 0.122812859547819
1324 0.122721304609789
1325 0.122700673069654
1326 0.122708805206644
1327 0.122720650259921
1328 0.123266066146212
1329 0.123217959663204
1330 0.123125314594106
1331 0.123035937994205
1332 0.122943568672484
1333 0.122851338224729
1334 0.123135585703943
1335 0.123084279702667
1336 0.123022567926498
1337 0.122930554048023
1338 0.122838706734776
1339 0.122747591216453
1340 0.122724492414879
1341 0.122641432493367
1342 0.122550045437653
1343 0.122472720276024
1344 0.122381720211004
1345 0.122295124830039
1346 0.122205297678442
1347 0.122114650344538
1348 0.122024728455147
1349 0.122392513399951
1350 0.122301870033178
1351 0.122215243991414
1352 0.122623791306618
1353 0.122851729222733
1354 0.122771801108392
1355 0.122681198440198
1356 0.122590725579994
1357 0.122500771873745
1358 0.122411333045314
1359 0.122322083573940
1360 0.122253102559596
1361 0.122163412731195
1362 0.122136099356912
1363 0.122046491085187
1364 0.122006144620687
1365 0.122011043174562
1366 0.121930465856842
1367 0.121841382351060
1368 0.121752372353408
1369 0.121723125227690
1370 0.121886949001147
1371 0.122469669673061
1372 0.122380757994618
1373 0.122291625544850
1374 0.122255456508115
1375 0.122166550294099
1376 0.122465213917401
1377 0.122376277774517
1378 0.122287470606321
1379 0.122531148872336
1380 0.123128284038919
1381 0.123051413185271
1382 0.123182661327784
1383 0.123093592219596
1384 0.123018831041631
1385 0.122936642690397
1386 0.122847947010873
1387 0.122911613240023
1388 0.122857788813892
1389 0.123329736402290
1390 0.123241009973224
1391 0.123152411116306
1392 0.123063961569480
1393 0.123369932801546
1394 0.123281725905793
1395 0.123256665370402
1396 0.123168547251395
1397 0.123081074517272
1398 0.122993035317858
1399 0.123274943402965
1400 0.123485394645934
1401 0.123397522550082
1402 0.123313969141838
1403 0.123249333422771
1404 0.123700437458781
1405 0.123734466272300
1406 0.123646668670616
1407 0.123730599696439
1408 0.123652117296462
1409 0.123643117573905
1410 0.123586833089853
1411 0.123506485242082
1412 0.123443175404850
1413 0.123355817906905
1414 0.123272095731781
1415 0.123257716404356
1416 0.123170677651261
1417 0.123083754726234
1418 0.123140851912044
1419 0.123055859707668
1420 0.122969281137134
1421 0.122900224934031
1422 0.122839994749819
1423 0.122781016255147
1424 0.122922830836074
1425 0.122846332777953
1426 0.123261291162820
1427 0.123175225009294
1428 0.123509336900385
1429 0.124103784254925
1430 0.124141219149810
1431 0.124063252426095
1432 0.123982697156274
1433 0.124380704462223
1434 0.124293967699872
1435 0.124207382087760
1436 0.124137398884016
1437 0.124052200132429
1438 0.124408562143525
1439 0.124324376135062
1440 0.124238041984535
1441 0.124152323114301
1442 0.124066290504799
1443 0.123980313392491
1444 0.123894488294727
1445 0.123965151068920
1446 0.123879421409571
1447 0.123794234410034
1448 0.123881359418005
1449 0.123898546992991
1450 0.123814740001240
1451 0.123729409374686
1452 0.123969619458285
1453 0.123884314233629
1454 0.123799153794099
1455 0.123714115222473
1456 0.123632980962520
1457 0.123548129069094
1458 0.123478195516798
1459 0.123897559967446
1460 0.123823764500960
1461 0.123763415128379
1462 0.123680010755651
1463 0.123595473976433
1464 0.123511051336358
1465 0.123440794345613
1466 0.123435168129118
1467 0.123594603779851
1468 0.123510423928039
1469 0.123426346035652
1470 0.123354503588018
1471 0.123270646009572
1472 0.123316283815644
1473 0.123823900987398
1474 0.124041450734450
1475 0.124065695577646
1476 0.124231504814198
1477 0.124149344859013
1478 0.124132392299937
1479 0.124605324244304
1480 0.124523477805985
1481 0.124440270528946
1482 0.124356302735403
1483 0.124315849389589
1484 0.124239333309483
1485 0.124354125898960
1486 0.124534705830238
1487 0.124723406924414
1488 0.124639587505422
1489 0.124688283591832
1490 0.124604609755436
1491 0.124536214209822
1492 0.124452748951092
1493 0.124369428063876
1494 0.124286182128110
1495 0.124326089011413
1496 0.124338923567718
1497 0.124255873153895
1498 0.124173442108850
1499 0.124095019162080
1500 0.124202451876527
1501 0.124153198467887
1502 0.124070545304600
1503 0.124038251108928
1504 0.123957166305111
1505 0.123894622829818
1506 0.123818789954116
1507 0.123737614835826
1508 0.123660200658348
1509 0.123578252216806
1510 0.123496787911576
1511 0.123433081938072
1512 0.123351446307488
1513 0.123269918583557
1514 0.123229320484533
1515 0.123148128007646
1516 0.123066896780620
1517 0.122988863059756
1518 0.122912989302800
1519 0.122837503392187
1520 0.122827007367375
1521 0.122747718387817
1522 0.122842561141471
1523 0.122761913565141
1524 0.122824713809026
1525 0.122993738451193
1526 0.122947489982702
1527 0.122868253082982
1528 0.122788630382138
1529 0.122877325148207
1530 0.123382386050350
1531 0.123301796797143
1532 0.123224198191587
1533 0.123143899445309
1534 0.123216006708789
1535 0.123135942521533
1536 0.123055775892378
1537 0.122975736049232
1538 0.122895778540436
1539 0.122815924233393
1540 0.122736173830324
1541 0.122701793967649
1542 0.123141496083434
1543 0.123061707122688
1544 0.123032891660988
1545 0.122980719003213
1546 0.122901302783226
1547 0.123198620946726
1548 0.123225991388977
1549 0.123146439456029
1550 0.123066990447887
1551 0.122987643962395
1552 0.122908827033482
1553 0.122829684195901
1554 0.122753167132569
1555 0.122851746100907
1556 0.122774530575290
1557 0.122700426919247
1558 0.122621761178425
1559 0.122543107066102
1560 0.122464553792341
1561 0.122388466005893
1562 0.122330088446589
1563 0.122328310338875
1564 0.122250095328822
1565 0.122483216205386
1566 0.122406961237661
1567 0.122747032770857
1568 0.122705067782057
1569 0.122840562653175
1570 0.122860543232915
1571 0.122811750403653
1572 0.122812537854550
1573 0.122734631923157
1574 0.122673183676409
1575 0.122794940657398
1576 0.122717244599295
1577 0.122639481038527
1578 0.122920351985271
1579 0.122852243071700
1580 0.122775497425196
1581 0.122758172324947
1582 0.122764952169696
1583 0.122774846192902
1584 0.123232079842562
1585 0.123191764681922
1586 0.123114090188279
1587 0.123039138058434
1588 0.122961657493827
1589 0.122884274689750
1590 0.123122735822333
1591 0.123079693294475
1592 0.123027907900911
1593 0.122950677583588
1594 0.122873568531731
1595 0.122797055339987
1596 0.122777630616784
1597 0.122707851973735
1598 0.122631063583091
1599 0.122566067516666
1600 0.122489569120024
1601 0.122416752982418
1602 0.122341204309383
1603 0.122264948622921
1604 0.122189284654605
1605 0.122498304800613
1606 0.122422044317085
1607 0.122349143286154
1608 0.122692564972013
1609 0.122884194075081
1610 0.122816954862865
1611 0.122740721610749
1612 0.122664579723896
1613 0.122588856826485
1614 0.122513549506806
1615 0.122438384028132
1616 0.122380258731126
1617 0.122304689768464
1618 0.122281610601090
1619 0.122206081517948
1620 0.122172012278436
1621 0.122176034893107
1622 0.122108073359368
1623 0.122032931794422
1624 0.121957834980240
1625 0.121933068963173
1626 0.122070970947122
1627 0.122561890442665
1628 0.122486903315150
1629 0.122411713015057
1630 0.122381150840858
1631 0.122306122184448
1632 0.122557851089946
1633 0.122482800443330
1634 0.122407841569130
1635 0.122613292307890
1636 0.123116938020878
1637 0.123052095441239
1638 0.123162830637025
1639 0.123087685581543
1640 0.123024598042723
1641 0.122955227760298
1642 0.122880349077660
1643 0.122934075588777
1644 0.122888618918571
1645 0.123287101818377
1646 0.123212200784465
1647 0.123137390705058
1648 0.123062690007989
1649 0.123321161322621
1650 0.123246669418863
1651 0.123225515941950
1652 0.123151071786560
1653 0.123077156520918
1654 0.123002746071835
1655 0.123241041963261
1656 0.123418980152631
1657 0.123344724032054
1658 0.123274103356638
1659 0.123219465594090
1660 0.123601019771432
1661 0.123629863781476
1662 0.123555652695148
1663 0.123626718220889
1664 0.123560372465064
1665 0.123552811585634
1666 0.123505230063110
1667 0.123437270128990
1668 0.123383718405334
1669 0.123309795884305
1670 0.123238935325262
1671 0.123226778779541
1672 0.123153085037461
1673 0.123079473446218
1674 0.123127841481318
1675 0.123055846897689
1676 0.122982492746527
1677 0.122923970339718
1678 0.122872914876455
1679 0.122822909326696
1680 0.122943089130368
1681 0.122878228933392
1682 0.123230011787533
1683 0.123157055684321
1684 0.123440387008431
1685 0.123944561619428
1686 0.123976406887708
1687 0.123910369205804
1688 0.123842121419569
1689 0.124179886395982
1690 0.124106407284063
1691 0.124033040759541
1692 0.123973749069679
1693 0.123901529957915
1694 0.124204126913128
1695 0.124132776334397
1696 0.124059586725342
1697 0.123986904087305
1698 0.123913939656283
1699 0.123841006976936
1700 0.123768188074138
1701 0.123828290372157
1702 0.123755535832367
1703 0.123683227140205
1704 0.123757328090211
1705 0.123772007754424
1706 0.123700850896980
1707 0.123628384083842
1708 0.123832649930843
1709 0.123760203165543
1710 0.123687864470800
1711 0.123615614422646
1712 0.123546669923994
1713 0.123474549143094
1714 0.123415103670910
1715 0.123771905901430
1716 0.123709192773806
1717 0.123657908055335
1718 0.123586993220728
1719 0.123515100090733
1720 0.123443289409812
1721 0.123383522571047
1722 0.123378766031206
1723 0.123514545776837
1724 0.123442912386781
1725 0.123371351278157
1726 0.123310196351585
1727 0.123238794967301
1728 0.123277690049235
1729 0.123710170493283
1730 0.123895593647993
1731 0.123916337149322
1732 0.124057725019749
1733 0.123987802068789
1734 0.123973445471600
1735 0.124376687715144
1736 0.124307042500753
1737 0.124236222960172
1738 0.124164740668766
1739 0.124130352658545
1740 0.124065200723977
1741 0.124163214008274
1742 0.124317365954181
1743 0.124478476606456
1744 0.124407101397085
1745 0.124448786760279
1746 0.124377518421562
1747 0.124319275337890
1748 0.124248157931052
1749 0.124177149644263
1750 0.124106191273054
1751 0.124140366476591
1752 0.124151431669952
1753 0.124080616508745
1754 0.124010316366879
1755 0.123943425841827
1756 0.124035282712551
1757 0.123993300813174
1758 0.123922774559703
1759 0.123895264380425
1760 0.123826054972350
1761 0.123772678016653
1762 0.123707932065464
1763 0.123638607025547
1764 0.123572483685509
1765 0.123502470948220
1766 0.123432858649450
1767 0.123378418470218
1768 0.123308634301680
1769 0.123238929025083
1770 0.123204220249736
1771 0.123134778407698
1772 0.123065290151167
1773 0.122998524472701
1774 0.122933594357440
1775 0.122868983820384
1776 0.122859983010619
1777 0.122792098084591
1778 0.122873260228216
1779 0.122804200667880
1780 0.122857945209777
1781 0.123002655680246
1782 0.122963046207661
1783 0.122895177277713
1784 0.122826965163876
1785 0.122902918084066
1786 0.123335570708558
1787 0.123266552616046
1788 0.123200084036890
1789 0.123131289255510
1790 0.123193091016609
1791 0.123124483751537
1792 0.123055775892378
1793 0.122987163935370
1794 0.122918609823656
1795 0.122850131489493
1796 0.122781729580817
1797 0.122752222110515
1798 0.123129291206398
1799 0.123060863101032
1800 0.123036146307230
1801 0.122991387833655
1802 0.122923247908611
1803 0.123178339008893
1804 0.123201836640014
1805 0.123133580801018
1806 0.123065400787749
1807 0.122997296300013
1808 0.122929633951556
1809 0.122861679482965
1810 0.122795967045558
1811 0.122880587418752
1812 0.122814265013025
1813 0.122750603056655
1814 0.122683011325488
1815 0.122615417379890
1816 0.122547897876928
1817 0.122482484349834
1818 0.122432275457657
1819 0.122430691417323
1820 0.122363421825674
1821 0.122563707847269
1822 0.122498122901551
1823 0.122790388908603
1824 0.122754289972980
1825 0.122870751469195
1826 0.122887914295797
1827 0.122845943356644
1828 0.122846601824836
1829 0.122779581543781
1830 0.122726704773288
1831 0.122831409155571
1832 0.122764550282171
1833 0.122697621509114
1834 0.122939255213308
1835 0.122880637841233
1836 0.122814577647199
1837 0.122799645658241
1838 0.122805458629439
1839 0.122813953318006
1840 0.123207550597319
1841 0.123172854779628
1842 0.123105985704158
1843 0.123041449119470
1844 0.122974723822476
1845 0.122908071062580
1846 0.123113449938222
1847 0.123076378267438
1848 0.123031768401893
1849 0.122965228782641
1850 0.122898782090826
1851 0.122832837328865
1852 0.122816078343864
1853 0.122755919174583
1854 0.122689707785452
1855 0.122633649912452
1856 0.122567666605866
1857 0.122504846609208
1858 0.122439659812745
1859 0.122373852216778
1860 0.122308543663675
1861 0.122574990775622
1862 0.122509173899940
1863 0.122446243633547
1864 0.122742448016870
1865 0.122907746324533
1866 0.122849719162733
1867 0.122783921340850
1868 0.122718191190241
1869 0.122652811497897
1870 0.122587779429109
1871 0.122522858810199
1872 0.122472637146340
1873 0.122407347562229
1874 0.122387366371938
1875 0.122322093123204
1876 0.122292611151127
1877 0.122296020879156
1878 0.122237259647148
1879 0.122172286817880
1880 0.122107341827851
1881 0.122085866929083
1882 0.122204929536912
1883 0.122629035782615
1884 0.122564202348999
1885 0.122499182562322
1886 0.122472722427915
1887 0.122407824012339
1888 0.122625366317394
1889 0.122560450901221
1890 0.122495604101803
1891 0.122673194897858
1892 0.123108662384041
1893 0.123052593167331
1894 0.123148360724337
1895 0.123083374826701
1896 0.123028807710187
1897 0.122968796722771
1898 0.122904010439393
1899 0.122950481738183
1900 0.122911141121358
1901 0.123255950089257
1902 0.123191146750620
1903 0.123126411518486
1904 0.123061760378999
1905 0.123285497978715
1906 0.123221029994529
1907 0.123202729653177
1908 0.123138285754636
1909 0.123074289343911
1910 0.123009853733646
1911 0.123216223483854
1912 0.123370350293517
1913 0.123306056638559
1914 0.123244901773121
1915 0.123197583315428
1916 0.123528168814731
1917 0.123553198940782
1918 0.123488932955049
1919 0.123550552907653
1920 0.123493092922039
1921 0.123486574658266
1922 0.123445365199579
1923 0.123386483584750
1924 0.123340083642695
1925 0.123276014524340
1926 0.123214590146228
1927 0.123204061219025
1928 0.123140164321101
1929 0.123076328514241
1930 0.123118282522371
1931 0.123055837484245
1932 0.122992203142665
1933 0.122941426222532
1934 0.122897119850641
1935 0.122853717513164
1936 0.122957989859229
1937 0.122901694096789
1938 0.123206996106852
1939 0.123143684035668
1940 0.123389634201365
1941 0.123827338978457
1942 0.123855046674112
1943 0.123797772248399
1944 0.123738569745206
1945 0.124031931491652
1946 0.123968194726883
1947 0.123904545738486
1948 0.123853111937549
1949 0.123790440660440
1950 0.124053369035532
1951 0.123991457978089
1952 0.123927939402986
1953 0.123864851441170
1954 0.123801508784451
1955 0.123738183878395
1956 0.123674948033989
1957 0.123727235846442
1958 0.123664045257986
1959 0.123601232490157
1960 0.123665696782739
1961 0.123678506807619
1962 0.123616682089040
1963 0.123553708741501
1964 0.123731387327051
1965 0.123668430452092
1966 0.123605557921423
1967 0.123542752875239
1968 0.123482813789800
1969 0.123420102240004
1970 0.123368409299690
1971 0.123678892566921
1972 0.123624367864249
1973 0.123579780415337
1974 0.123518101814417
1975 0.123455562371857
1976 0.123393085229416
1977 0.123341082940425
1978 0.123336963465210
1979 0.123455200102041
1980 0.123392858375383
1981 0.123330570208617
1982 0.123277334778650
1983 0.123215167693887
1984 0.123249055964479
1985 0.123625775018305
1986 0.123787339194097
1987 0.123805464637104
1988 0.123928701389665
1989 0.123867842943016
1990 0.123855393505630
1991 0.124206846717339
1992 0.124146237153492
1993 0.124084595037766
1994 0.124022366053543
1995 0.123992462106094
1996 0.123935735414915
1997 0.124021248981900
1998 0.124155720781097
1999 0.124296279816659
2000 0.124234131732483
2001 0.124270570477329
2002 0.124208504391857
2003 0.124157789637415
2004 0.124095837670622
2005 0.124033971748760
2006 0.123972140257375
2007 0.124002023083687
2008 0.124011746471217
2009 0.123950024573558
2010 0.123888743052714
2011 0.123830428135681
2012 0.123910653614159
2013 0.123874072606655
2014 0.123812570161076
2015 0.123788609763581
2016 0.123728241755845
2017 0.123681687960225
2018 0.123625200657976
2019 0.123564706693654
2020 0.123506999925587
2021 0.123445888100968
2022 0.123385117212353
2023 0.123337589750531
2024 0.123276652210385
2025 0.123215774851269
2026 0.123185463213466
2027 0.123124800783661
2028 0.123064089140196
2029 0.123005747914513
2030 0.122949002472191
2031 0.122892528266681
2032 0.122884649830368
2033 0.122825300995950
2034 0.122896231717904
2035 0.122835848460250
2036 0.122882819794623
2037 0.123009331563557
2038 0.122974694293671
2039 0.122915340713394
2040 0.122855678667061
2041 0.122922090841992
2042 0.123300493591544
2043 0.123240141044211
2044 0.123182010218400
2045 0.123121836237925
2046 0.123175909847595
2047 0.123115891073498
2048 0.123055775892378
2049 0.122995736244298
2050 0.122935738854677
2051 0.122875799440317
2052 0.122815918594345
2053 0.122790073921600
2054 0.123120128635615
2055 0.123060229366037
2056 0.123038590457910
2057 0.122999401126331
2058 0.122939733410964
2059 0.123163100466966
2060 0.123183685401473
2061 0.123123916532890
2062 0.123064205844386
2063 0.123004553098678
2064 0.122945279463596
2065 0.122885741798127
2066 0.122828160203731
2067 0.122902284684958
2068 0.122844161911049
2069 0.122788362479538
2070 0.122729111677721
2071 0.122669850880227
2072 0.122610647284242
2073 0.122553281568787
2074 0.122509235974190
2075 0.122507810273041
2076 0.122448798820412
2077 0.122624357543729
2078 0.122566823173760
2079 0.122823067632915
2080 0.122791395932290
2081 0.122893512762965
2082 0.122908554338412
2083 0.122871731704771
2084 0.122872296911828
2085 0.122813493176030
2086 0.122767089340156
2087 0.122858930901916
2088 0.122800256104112
2089 0.122741512137221
2090 0.122953527602706
2091 0.122902079898188
2092 0.122844093302441
2093 0.122830973579856
2094 0.122836060930925
2095 0.122843502997738
2096 0.123189013228776
2097 0.123158561887336
2098 0.123099859054103
2099 0.123043196453374
2100 0.122984604455760
2101 0.122926068414521
2102 0.123106425886968
2103 0.123073870322590
2104 0.123034689465374
2105 0.122976240687673
2106 0.122917865857776
2107 0.122859924311427
2108 0.122845187723569
2109 0.122792317145070
2110 0.122734121735866
2111 0.122684840936071
2112 0.122626831367867
2113 0.122571594312233
2114 0.122514269896182
2115 0.122456392387442
2116 0.122398946050512
2117 0.122633130118980
2118 0.122575240996287
2119 0.122519882264156
2120 0.122780283835799
2121 0.122925613165348
2122 0.122874578033039
2123 0.122816702671604
2124 0.122758879365263
2125 0.122701356855538
2126 0.122644132719136
2127 0.122586999277071
2128 0.122542789175939
2129 0.122485317337953
2130 0.122467701037306
2131 0.122410231456807
2132 0.122384248193229
2133 0.122387205728375
2134 0.122335450911805
2135 0.122278222744377
2136 0.122221011828093
2137 0.122202056304190
2138 0.122306808239905
2139 0.122680108932732
2140 0.122623007408394
2141 0.122565734590577
2142 0.122542405755133
2143 0.122485227503375
2144 0.122676758505452
2145 0.122619566611122
2146 0.122562427950073
2147 0.122718812380204
2148 0.123102359338479
2149 0.123052972310007
2150 0.123137336669927
2151 0.123080090155763
2152 0.123032015821080
2153 0.122979138881350
2154 0.122922047559153
2155 0.122962989999656
2156 0.122928314823297
2157 0.123232192743684
2158 0.123175087927770
2159 0.123118036011175
2160 0.123061051106511
2161 0.123258284256317
2162 0.123201462441268
2163 0.123185337067525
2164 0.123128524883685
2165 0.123072100224469
2166 0.123015281283339
2167 0.123197268899905
2168 0.123333204976778
2169 0.123276516817894
2170 0.123222590148481
2171 0.123180861666280
2172 0.123472490827566
2173 0.123494597790119
2174 0.123437926419610
2175 0.123492317084246
2176 0.123441643859726
2177 0.123435915731272
2178 0.123399573251625
2179 0.123347630363435
2180 0.123306697044493
2181 0.123250163497388
2182 0.123195957493164
2183 0.123186671826620
2184 0.123130272637148
2185 0.123073920518270
2186 0.123110962441274
2187 0.123055830274589
2188 0.122999641270602
2189 0.122954799230975
2190 0.122915665945018
2191 0.122877326342502
2192 0.122969410125874
2193 0.122919680845385
2194 0.123189351451016
2195 0.123133431423056
2196 0.123350714471355
2197 0.123737434495054
2198 0.123761955991617
2199 0.123711391590308
2200 0.123659117369605
2201 0.123918394084376
2202 0.123862118786087
2203 0.123805914290187
2204 0.123760499402356
2205 0.123705146247459
2206 0.123937601200243
2207 0.123882923943680
2208 0.123826818995959
2209 0.123771088045747
2210 0.123715125245822
2211 0.123659171465722
2212 0.123603289775285
2213 0.123649561310409
2214 0.123593712395477
2215 0.123538191005267
2216 0.123595236607679
2217 0.123606599223361
2218 0.123551942690327
2219 0.123496263581801
2220 0.123653478981431
2221 0.123597813807659
2222 0.123542216697554
2223 0.123486672754856
2224 0.123433658348370
2225 0.123378184242255
2226 0.123332455053386
2227 0.123607263528446
2228 0.123559035932113
2229 0.123519598648680
2230 0.123465027627851
2231 0.123409688172509
2232 0.123354397420150
2233 0.123308374205853
2234 0.123304741433587
2235 0.123409449499055
2236 0.123354265747633
2237 0.123299123027143
2238 0.123251991134822
2239 0.123196943352134
2240 0.123226966813382
2241 0.123560661329667
2242 0.123703806542340
2243 0.123719900518223
2244 0.123829116306195
2245 0.123775241978667
2246 0.123764252762535
2247 0.124075705581963
2248 0.124022056511657
2249 0.123967486233311
2250 0.123912389572984
2251 0.123885935375436
2252 0.123835704492282
2253 0.123911545870085
2254 0.124030793588767
2255 0.124155450989778
2256 0.124100417594598
2257 0.124132782522634
2258 0.124077814181110
2259 0.124032904502962
2260 0.123978025362998
2261 0.123923216269223
2262 0.123868431469824
2263 0.123894979654179
2264 0.123903650858062
2265 0.123848952757937
2266 0.123794639084026
2267 0.123742950864272
2268 0.123814159479778
2269 0.123781748252818
2270 0.123727222437381
2271 0.123706000573345
2272 0.123652470954328
2273 0.123611193684216
2274 0.123561096550679
2275 0.123507437996895
2276 0.123456247134506
2277 0.123402028318184
2278 0.123348106071917
2279 0.123305933608500
2280 0.123251852062398
2281 0.123197817931727
2282 0.123170914591994
2283 0.123117060804613
2284 0.123063157357603
2285 0.123011352799561
2286 0.122960959600611
2287 0.122910801721941
2288 0.122903796802341
2289 0.122851077131156
2290 0.122914067223871
2291 0.122860423502862
2292 0.122902137753186
2293 0.123014516800443
2294 0.122983742632498
2295 0.122931005813969
2296 0.122877989159082
2297 0.122936990003028
2298 0.123273231741680
2299 0.123219611475325
2300 0.123167959789069
2301 0.123114486629729
2302 0.123162550033288
2303 0.123109208708597
2304 0.123055775892378
2305 0.123002404422133
2306 0.122949064735706
2307 0.122895770819479
2308 0.122842523216657
2309 0.122819532433735
2310 0.123112996903031
2311 0.123059736034467
2312 0.123040493343387
2313 0.123005640616217
2314 0.122952571300006
2315 0.123151232177076
2316 0.123169546871970
2317 0.123116387830270
2318 0.123063274840195
2319 0.123010207706348
2320 0.122957472172979
2321 0.122904496097191
2322 0.122853254784392
2323 0.122919199772818
2324 0.122867472229130
2325 0.122817806709081
2326 0.122765064402980
2327 0.122712307606961
2328 0.122659596134621
2329 0.122608514950857
2330 0.122569284995244
2331 0.122567990109399
2332 0.122515430951811
2333 0.122671697062484
2334 0.122620452949239
2335 0.122848580829670
2336 0.122820369078601
2337 0.122911287414710
2338 0.122924674405912
2339 0.122891875061773
2340 0.122892369825939
2341 0.122839987996784
2342 0.122798645171654
2343 0.122880438506508
2344 0.122828162702148
2345 0.122775819822219
2346 0.122964685131332
2347 0.122918844352603
2348 0.122867172835245
2349 0.122855473108168
2350 0.122859995837364
2351 0.122866617358022
2352 0.123174511205767
2353 0.123147379050656
2354 0.123095064963448
2355 0.123044563899822
2356 0.122992337854645
2357 0.122940156286533
2358 0.123100926990185
2359 0.123071906704898
2360 0.123036976806609
2361 0.122984864581110
2362 0.122932812923338
2363 0.122881142256719
2364 0.122867992533728
2365 0.122820835301227
2366 0.122768924552462
2367 0.122724958954159
2368 0.122673203748896
2369 0.122623916171463
2370 0.122572761683113
2371 0.122521108615727
2372 0.122469834937324
2373 0.122678725280375
2374 0.122627059418107
2375 0.122577645956293
2376 0.122809966481626
2377 0.122939631532247
2378 0.122894084615037
2379 0.122842428919825
2380 0.122790814453894
2381 0.122739463228251
2382 0.122688373127343
2383 0.122637358829534
2384 0.122597874997838
2385 0.122546548947988
2386 0.122530797082108
2387 0.122479464542482
2388 0.122456237762317
2389 0.122458848240717
2390 0.122412607060352
2391 0.122361473938810
2392 0.122310351125943
2393 0.122293386105517
2394 0.122386898348106
2395 0.122720263730924
2396 0.122669246445080
2397 0.122618071083385
2398 0.122597210907400
2399 0.122546111366478
2400 0.122717187026724
2401 0.122666076222118
2402 0.122615007913949
2403 0.122754710282458
2404 0.123097398705284
2405 0.123053270737071
2406 0.123128658548958
2407 0.123077504176774
2408 0.123034541808726
2409 0.122987282955581
2410 0.122936252726500
2411 0.122972842006515
2412 0.122941843029634
2413 0.123213476326803
2414 0.123162435118714
2415 0.123111436180777
2416 0.123060492143424
2417 0.123236835294311
2418 0.123186038224347
2419 0.123171625756720
2420 0.123120829122621
2421 0.123070374066264
2422 0.123019561473229
2423 0.123182319576782
2424 0.123303905535521
2425 0.123253213858334
2426 0.123204987325083
2427 0.123167667616787
2428 0.123428553832752
2429 0.123448348961045
2430 0.123397666940198
2431 0.123446346477451
2432 0.123401026178953
2433 0.123395917458047
2434 0.123363413792312
2435 0.123316946690091
2436 0.123280327662333
2437 0.123229743625873
2438 0.123181237850096
2439 0.123172932851972
2440 0.123122456585238
2441 0.123072017599700
2442 0.123105177119195
2443 0.123055824575921
2444 0.123005521165518
2445 0.122965371838467
2446 0.122930329946050
2447 0.122895995359571
2448 0.122978441840018
2449 0.122933907195744
2450 0.123175394168154
2451 0.123125320523075
2452 0.123319921536519
2453 0.123666295236071
2454 0.123688287652006
2455 0.123643025961522
2456 0.123596228355692
2457 0.123828516079837
2458 0.123778138403341
2459 0.123727819361419
2460 0.123687162321643
2461 0.123637596954123
2462 0.123845908560595
2463 0.123796951592428
2464 0.123746710621561
2465 0.123696800049291
2466 0.123646676975554
2467 0.123596557251382
2468 0.123546497411418
2469 0.123587994252080
2470 0.123537958652646
2471 0.123488211940556
2472 0.123539370125836
2473 0.123549579096902
2474 0.123500601259334
2475 0.123450702026854
2476 0.123591680923758
2477 0.123541793740516
2478 0.123491962925914
2479 0.123442175136141
2480 0.123394651127107
2481 0.123344916794625
2482 0.123303917637907
2483 0.123550404553483
2484 0.123507170163123
2485 0.123471816505576
2486 0.123422884247207
2487 0.123373258118744
2488 0.123323671089318
2489 0.123282393824877
2490 0.123279144976338
2491 0.123373102472435
2492 0.123323602263305
2493 0.123274134312141
2494 0.123231850356127
2495 0.123182458835221
2496 0.123209408770202
2497 0.123508898946028
2498 0.123637395074610
2499 0.123651866943106
2500 0.123749926247821
2501 0.123701598108979
2502 0.123691762723062
2503 0.123971389960496
2504 0.123923267438759
2505 0.123874313439986
2506 0.123824882349426
2507 0.123801164403093
2508 0.123756094555449
2509 0.123824229363791
2510 0.123931349552801
2511 0.124043337558900
2512 0.123993957293735
2513 0.124023067561494
2514 0.123973740274222
2515 0.123933443300453
2516 0.123884187579024
2517 0.123834990311149
2518 0.123785810410322
2519 0.123809693364771
2520 0.123817517528215
2521 0.123768408022680
2522 0.123719639489632
2523 0.123673225619403
2524 0.123737239432879
2525 0.123708144718453
2526 0.123659174014768
2527 0.123640128979230
2528 0.123592046137928
2529 0.123554971084489
2530 0.123509965290393
2531 0.123461754275537
2532 0.123415757151099
2533 0.123367033994850
2534 0.123318573109817
2535 0.123280671133026
2536 0.123232058884352
2537 0.123183484954954
2538 0.123159300917013
2539 0.123110881624805
2540 0.123062413398903
2541 0.123015828325637
2542 0.122970508369569
2543 0.122925396054474
2544 0.122919090295678
2545 0.122871667654878
2546 0.122928316013792
2547 0.122880058450532
2548 0.122917573924156
2549 0.123018660514658
2550 0.122990974206823
2551 0.122943526841046
2552 0.122895823564930
2553 0.122948901161537
2554 0.123251435070803
2555 0.123203195855272
2556 0.123156723843234
2557 0.123108608667757
2558 0.123151864270945
2559 0.123103863338940
2560 0.123055775892378
2561 0.123007739485148
2562 0.122959727521072
2563 0.122911752598122
2564 0.122863815215481
2565 0.122843110728243
2566 0.123107288181781
2567 0.123059341100157
2568 0.123042016837368
2569 0.123010636579899
2570 0.122962851601814
2571 0.123141727389490
2572 0.123158222855339
2573 0.123110357260468
2574 0.123062529024095
2575 0.123014737980377
2576 0.122967241486708
2577 0.122919524280182
2578 0.122873365491779
2579 0.122932756766462
2580 0.122886156623623
2581 0.122841410006611
2582 0.122793887850419
2583 0.122746348598470
2584 0.122698846141582
2585 0.122652808490907
2586 0.122617444960312
2587 0.122616259595461
2588 0.122568880837741
2589 0.122709674729712
2590 0.122663481008483
2591 0.122869052437564
2592 0.122843619134283
2593 0.122925552378182
2594 0.122937612717606
2595 0.122908044083983
2596 0.122908483829410
2597 0.122861259348834
2598 0.122823982147984
2599 0.122897709137821
2600 0.122850573847032
2601 0.122803374129778
2602 0.122973647173925
2603 0.122932311303884
2604 0.122885714456837
2605 0.122875157374102
2606 0.122879228260266
2607 0.122885192189167
2608 0.123162856205680
2609 0.123138390776022
2610 0.123091211322761
2611 0.123045663198977
2612 0.122998555365235
2613 0.122951483733566
2614 0.123096505153521
2615 0.123070327550786
2616 0.123038816472494
2617 0.122991801262686
2618 0.122944836804192
2619 0.122898212211178
2620 0.122886340831367
2621 0.122843782569954
2622 0.122796931395719
2623 0.122757246081946
2624 0.122710527860455
2625 0.122666032776627
2626 0.122619849130779
2627 0.122573211707780
2628 0.122526912899460
2629 0.122715440745066
2630 0.122668789995070
2631 0.122624168671473
2632 0.122833874995741
2633 0.122950923957691
2634 0.122909799484817
2635 0.122863156367633
2636 0.122816546672502
2637 0.122770170866483
2638 0.122724027072699
2639 0.122677947980003
2640 0.122642277508824
2641 0.122595909833169
2642 0.122581665581513
2643 0.122535285846142
2644 0.122514286839963
2645 0.122516622712863
2646 0.122474833523315
2647 0.122428622144368
2648 0.122382416360161
2649 0.122367063638713
2650 0.122451514442949
2651 0.122752663245572
2652 0.122706558488258
2653 0.122660307205172
2654 0.122641443249583
2655 0.122595254160689
2656 0.122749822098113
2657 0.122703623499343
2658 0.122657459607883
2659 0.122783695914703
2660 0.123093392900734
2661 0.123053511744120
2662 0.123121649548175
2663 0.123075415389390
2664 0.123036582321269
2665 0.122993862389660
2666 0.122947729819697
2667 0.122980802664475
2668 0.122952775118413
2669 0.123198350320354
2670 0.123152208616114
2671 0.123106101462009
2672 0.123060040287036
2673 0.123219494775458
2674 0.123173567335422
2675 0.123160538816431
2676 0.123114605794167
2677 0.123068978051129
2678 0.123023023344514
2679 0.123170227309814
2680 0.123280203599460
2681 0.123234361146926
2682 0.123190744921365
2683 0.123156991403053
2684 0.123392998261688
2685 0.123410919275540
2686 0.123365081643012
2687 0.123409135435479
2688 0.123368145199279
2689 0.123363535070240
2690 0.123334136728229
2691 0.123292101010339
2692 0.123258973556424
2693 0.123213206032195
2694 0.123169315704151
2695 0.123161804027610
2696 0.123116124887400
2697 0.123070475932264
2698 0.123100489678844
2699 0.123055819958290
2700 0.123010286058139
2701 0.122973940308590
2702 0.122942215276272
2703 0.122911128107036
2704 0.122985763407106
2705 0.122945440795130
2706 0.123164077731126
2707 0.123118743712784
2708 0.123294950604134
2709 0.123608601270776
2710 0.123628537463643
2711 0.123587571879006
2712 0.123545212193963
2713 0.123755599939775
2714 0.123710001040479
2715 0.123664451726769
2716 0.123627650198708
2717 0.123582776861444
2718 0.123771488412301
2719 0.123727168223832
2720 0.123681681470579
2721 0.123636490536550
2722 0.123591103618723
2723 0.123545716256926
2724 0.123500379676883
2725 0.123537995022691
2726 0.123492676632606
2727 0.123447616550628
2728 0.123493988848796
2729 0.123503256773576
2730 0.123458888697451
2731 0.123413682220766
2732 0.123541464346879
2733 0.123496268468243
2734 0.123451120248304
2735 0.123406007601807
2736 0.123362943502805
2737 0.123317872559706
2738 0.123280716656587
2739 0.123504174200346
2740 0.123464996099871
2741 0.123432959739076
2742 0.123388610090083
2743 0.123343627987519
2744 0.123298677951411
2745 0.123261259329168
2746 0.123258321055911
2747 0.123343529991731
2748 0.123298651917251
2749 0.123253799733946
2750 0.123215459424229
2751 0.123170670091721
2752 0.123195117339707
2753 0.123466763275220
2754 0.123583330255927
2755 0.123596476994291
2756 0.123685447840348
2757 0.123641630576353
2758 0.123632729862781
2759 0.123886432656604
2760 0.123842804454747
2761 0.123798418614855
2762 0.123753596595261
2763 0.123732101985886
2764 0.123691231466540
2765 0.123753081411284
2766 0.123850313089652
2767 0.123951969367130
2768 0.123907189071644
2769 0.123933639368177
2770 0.123888903132795
2771 0.123852359627964
2772 0.123807682026433
2773 0.123763054180170
2774 0.123718438803764
2775 0.123740142779930
2776 0.123747270460933
2777 0.123702713451071
2778 0.123658462714651
2779 0.123616346479382
2780 0.123674485955768
2781 0.123648092068516
2782 0.123603649241464
2783 0.123586376054245
2784 0.123542733931441
2785 0.123509084560546
2786 0.123468230729771
2787 0.123424463114400
2788 0.123382702917874
2789 0.123338463871425
2790 0.123294459816747
2791 0.123260042977667
2792 0.123215895400847
2793 0.123171779434002
2794 0.123149815445894
2795 0.123105834373463
2796 0.123061805672984
2797 0.123019484592025
2798 0.122978309829840
2799 0.122937320755619
2800 0.122931587264519
2801 0.122888494398470
2802 0.122939961170436
2803 0.122896106850501
2804 0.122930191507560
2805 0.123022047871769
2806 0.122996886263666
2807 0.122953764018510
2808 0.122910406113302
2809 0.122958641258046
2810 0.123233609892982
2811 0.123189770202301
2812 0.123147533702616
2813 0.123103800565909
2814 0.123143122755340
2815 0.123099490199928
2816 0.123055775892378
2817 0.123012104881048
2818 0.122968452994122
2819 0.122924831691180
2820 0.122881241432959
2821 0.122862409658416
2822 0.123102615203012
2823 0.123059017794032
2824 0.123043264117142
2825 0.123014727080428
2826 0.122971269371943
2827 0.123133944020810
2828 0.123148949014279
2829 0.123105418119347
2830 0.123061918140095
2831 0.123018448932504
2832 0.122975244596825
2833 0.122931836462576
2834 0.122889842930930
2835 0.122943865371836
2836 0.122901467812904
2837 0.122860753562041
2838 0.122817511296064
2839 0.122774250460830
2840 0.122731020090949
2841 0.122689119527435
2842 0.122656928675516
2843 0.122655836159657
2844 0.122612708240690
2845 0.122740817751730
2846 0.122698768250324
2847 0.122885842463708
2848 0.122862689404673
2849 0.122937253753975
2850 0.122948226672954
2851 0.122921309374389
2852 0.122921704996352
2853 0.122878713339422
2854 0.122844773738231
2855 0.122911882549088
2856 0.122868967307679
2857 0.122825990458524
2858 0.122981003700141
2859 0.122943366545106
2860 0.122900936739179
2861 0.122891318975178
2862 0.122895020082007
2863 0.122900445220261
2864 0.123153284781027
2865 0.123131008782929
2866 0.123088046120326
2867 0.123046566181018
2868 0.123003662915775
2869 0.122960789691271
2870 0.123092872160193
2871 0.123069030015240
2872 0.123040328175659
2873 0.122997501751792
2874 0.122954718643641
2875 0.122912242229400
2876 0.122901422672681
2877 0.122862646070316
2878 0.122819955784581
2879 0.122783791282179
2880 0.122741216574404
2881 0.122700664584205
2882 0.122658571285869
2883 0.122616061666592
2884 0.122573857742105
2885 0.122745640328328
2886 0.122703117226432
2887 0.122662440735398
2888 0.122853544881316
2889 0.122960215094860
2890 0.122922730266940
2891 0.122880212956472
2892 0.122837723256281
2893 0.122795443900230
2894 0.122753373201876
2895 0.122711358669318
2896 0.122678829852122
2897 0.122636546944373
2898 0.122623546961631
2899 0.122581248402829
2900 0.122562087252866
2901 0.122564200518432
2902 0.122526081368415
2903 0.122483927469718
2904 0.122441775878152
2905 0.122427755665198
2906 0.122504746009038
2907 0.122779356344155
2908 0.122737301148318
2909 0.122695109537219
2910 0.122677893131561
2911 0.122635753495389
2912 0.122776719134971
2913 0.122734571323791
2914 0.122692452390598
2915 0.122807590417030
2916 0.123090090447325
2917 0.123053710448938
2918 0.123115870365213
2919 0.123073692980608
2920 0.123038265045312
2921 0.122999288564496
2922 0.122957195868502
2923 0.122987368913652
2924 0.122961792970032
2925 0.123185872011444
2926 0.123143771576717
2927 0.123101699908942
2928 0.123059667443787
2929 0.123205185443239
2930 0.123163275659853
2931 0.123151388591744
2932 0.123109469213383
2933 0.123067825731784
2934 0.123025881099202
2935 0.123160244494528
2936 0.123260634971049
2937 0.123218794982417
2938 0.123178984515844
2939 0.123148175080925
2940 0.123363634681232
2941 0.123380005740658
2942 0.123338167206519
2943 0.123378398078010
2944 0.123340982650853
2945 0.123336782489754
2946 0.123309947870803
2947 0.123271571919671
2948 0.123241328169044
2949 0.123199539665361
2950 0.123159462757773
2951 0.123152606059931
2952 0.123110891370216
2953 0.123069201563754
2954 0.123096614685840
2955 0.123055816140735
2956 0.123014225637829
2957 0.122981025161295
2958 0.122952043375570
2959 0.122923642413575
2960 0.122991818540967
2961 0.122954980067300
2962 0.123154717410154
2963 0.123113303361105
2964 0.123274293139151
2965 0.123560869973349
2966 0.123579101535711
2967 0.123541687223605
2968 0.123502996663907
2969 0.123695258088601
2970 0.123653609916603
2971 0.123612004398057
2972 0.123578390500720
2973 0.123537397699628
2974 0.123709880340646
2975 0.123669394631613
2976 0.123627840130519
2977 0.123586553368626
2978 0.123545084848426
2979 0.123503613291728
2980 0.123462185526268
2981 0.123496583383188
2982 0.123455169392667
2983 0.123413988924577
2984 0.123456394171569
2985 0.123464879853781
2986 0.123424328456963
2987 0.123383007958943
2988 0.123499852484646
2989 0.123458541435984
2990 0.123417271366994
2991 0.123376031233497
2992 0.123336661782126
2993 0.123295454669015
2994 0.123261483244550
2995 0.123465846999398
2996 0.123430029353169
2997 0.123400741165584
2998 0.123360189291346
2999 0.123319056418211
3000 0.123277950309040
3001 0.123243730585477
3002 0.123241048716849
3003 0.123318999505739
3004 0.123277954093560
3005 0.123236929815995
3006 0.123201860294437
3007 0.123160888610167
3008 0.123183258493125
3009 0.123431797249960
3010 0.123538461844941
3011 0.123550505728236
3012 0.123631929905860
3013 0.123591853344658
3014 0.123583725145985
3015 0.123815902596358
3016 0.123776000969347
3017 0.123735403521400
3018 0.123694404381895
3019 0.123674752042217
3020 0.123637365033763
3021 0.123693991635435
3022 0.123783006166256
3023 0.123876076039463
3024 0.123835111765463
3025 0.123859347450886
3026 0.123818420458127
3027 0.123784990801962
3028 0.123744112683528
3029 0.123703277606491
3030 0.123662451442274
3031 0.123682340759734
3032 0.123688885695250
3033 0.123648108764284
3034 0.123607609772495
3035 0.123569062765947
3036 0.123622315410238
3037 0.123598163540004
3038 0.123557482165307
3039 0.123541679232449
3040 0.123501726938677
3041 0.123470923751914
3042 0.123433520526493
3043 0.123393446378009
3044 0.123355208397990
3045 0.123314697657094
3046 0.123274399710168
3047 0.123242881056488
3048 0.123202447043181
3049 0.123162039549890
3050 0.123141922289927
3051 0.123101634120707
3052 0.123061299898464
3053 0.123022527688288
3054 0.122984803383216
3055 0.122947246947111
3056 0.122941990500361
3057 0.122902502923965
3058 0.122949656582083
3059 0.122909469150181
3060 0.122940697913610
3061 0.123024868640562
3062 0.123001809759731
3063 0.122962289986420
3064 0.122922551891188
3065 0.122966754297651
3066 0.123218761391953
3067 0.123178585806038
3068 0.123139877249089
3069 0.123099794597703
3070 0.123135839108135
3071 0.123095846154753
3072 0.123055775892378
3073 0.123015742947726
3074 0.122975725167822
3075 0.122935733062076
3076 0.122895767057670
3077 0.122878497326890
3078 0.123098719535851
3079 0.123058748249757
3080 0.123044304056902
3081 0.123018137822349
3082 0.122978288732498
3083 0.123127453251793
3084 0.123141214799231
3085 0.123101298699540
3086 0.123061408608204
3087 0.123021544397916
3088 0.122981920766404
3089 0.122942107907714
3090 0.122903590127736
3091 0.122953133923521
3092 0.122914243643546
3093 0.122876895080491
3094 0.122837225496664
3095 0.122797536570838
3096 0.122757873283832
3097 0.122719427576975
3098 0.122689886999440
3099 0.122688874098211
3100 0.122649297053216
3101 0.122766818810745
3102 0.122728231163401
3103 0.122899862108484
3104 0.122878614063453
3105 0.122947025627544
3106 0.122957091000119
3107 0.122932388688392
3108 0.122932748158959
3109 0.122893292951373
3110 0.122862142404296
3111 0.122923723338507
3112 0.122884334594853
3113 0.122844887044154
3114 0.122987150675482
3115 0.122952604680869
3116 0.122913657799262
3117 0.122904825863469
3118 0.122908218763038
3119 0.122913194387322
3120 0.123145284051702
3121 0.123124837805684
3122 0.123085400002980
3123 0.123047321123736
3124 0.123007933377366
3125 0.122968570960866
3126 0.123089834206079
3127 0.123067944931948
3128 0.123041592438920
3129 0.123002269466714
3130 0.122962984028841
3131 0.122923977974440
3132 0.122914039027803
3133 0.122878426866501
3134 0.122839218690642
3135 0.122806001189742
3136 0.122766894886075
3137 0.122729644021531
3138 0.122690975485763
3139 0.122651922399884
3140 0.122613147884293
3141 0.122770917216070
3142 0.122731850714173
3143 0.122694478215572
3144 0.122870011528527
3145 0.122967993652623
3146 0.122933556611540
3147 0.122894494529905
3148 0.122855455618048
3149 0.122816607758594
3150 0.122777949420533
3151 0.122739340519240
3152 0.122709444758944
3153 0.122670585197050
3154 0.122658629588857
3155 0.122619752059668
3156 0.122602132972674
3157 0.122604062189553
3158 0.122569020506519
3159 0.122530269095613
3160 0.122491517651457
3161 0.122478617157814
3162 0.122549358169106
3163 0.122801728587072
3164 0.122763069016358
3165 0.122724281918553
3166 0.122708448402177
3167 0.122669705416333
3168 0.122799269175974
3169 0.122760519057952
3170 0.122721793342161
3171 0.122827626835097
3172 0.123087321050709
3173 0.123053877090451
3174 0.123111023426005
3175 0.123072248327194
3176 0.123039676498980
3177 0.123003840266082
3178 0.122965136864761
3179 0.122992877622854
3180 0.122969358890825
3181 0.123175402157159
3182 0.123136692099913
3183 0.123098006365668
3184 0.123059354555232
3185 0.123193176386718
3186 0.123154637888204
3187 0.123143708374914
3188 0.123105157579074
3189 0.123066858419495
3190 0.123028280179783
3191 0.123151863434625
3192 0.123244205170254
3193 0.123205724864330
3194 0.123169109309956
3195 0.123140771577868
3196 0.123338975153714
3197 0.123354043012738
3198 0.123315561772992
3199 0.123352580235083
3200 0.123318166110175
3201 0.123314308984934
3202 0.123289626813190
3203 0.123254324407031
3204 0.123226502518973
3205 0.123188056505959
3206 0.123151183332464
3207 0.123144876554819
3208 0.123106493127596
3209 0.123068130522348
3210 0.123093357760255
3211 0.123055812931897
3212 0.123017537239686
3213 0.122986981024089
3214 0.122960305828682
3215 0.122934163773007
3216 0.122996909673418
3217 0.122963001121456
3218 0.123146846363370
3219 0.123108728327867
3220 0.123256920339407
3221 0.123520725892403
3222 0.123537521348035
3223 0.123503091722272
3224 0.123467485337136
3225 0.123644496091010
3226 0.123606168654916
3227 0.123567878430454
3228 0.123536943989030
3229 0.123499213994872
3230 0.123658038006666
3231 0.123620776124264
3232 0.123582528111656
3233 0.123544524592283
3234 0.123506351671943
3235 0.123468173917931
3236 0.123430034455107
3237 0.123461721870167
3238 0.123423592883688
3239 0.123385676934381
3240 0.123424740381609
3241 0.123432565563711
3242 0.123395226218674
3243 0.123357176503796
3244 0.123464808215959
3245 0.123426767020217
3246 0.123388761557536
3247 0.123350781659329
3248 0.123314522992787
3249 0.123276569545341
3250 0.123245279834656
3251 0.123433555949445
3252 0.123400567826120
3253 0.123373593575685
3254 0.123336240357684
3255 0.123298349869942
3256 0.123260482050237
3257 0.123228957358141
3258 0.123226490753968
3259 0.123298322842646
3260 0.123260506971013
3261 0.123222708594147
3262 0.123190395669383
3263 0.123152641948888
3264 0.123173259857773
3265 0.123402314411510
3266 0.123500627306100
3267 0.123511739019335
3268 0.123586796666125
3269 0.123549872363384
3270 0.123542393338975
3271 0.123756412398798
3272 0.123719650841076
3273 0.123682245967770
3274 0.123644468861640
3275 0.123626367952336
3276 0.123591917286451
3277 0.123644134073573
3278 0.123726212099718
3279 0.123812033088059
3280 0.123774285550978
3281 0.123796648786157
3282 0.123758933252511
3283 0.123728128475780
3284 0.123690454273499
3285 0.123652817807765
3286 0.123615187613676
3287 0.123633542279040
3288 0.123639592474589
3289 0.123602004411834
3290 0.123564670722857
3291 0.123529135254664
3292 0.123578258874220
3293 0.123555997965211
3294 0.123518491028127
3295 0.123503927713463
3296 0.123467089964208
3297 0.123438689037919
3298 0.123404198929666
3299 0.123367243393977
3300 0.123331979694524
3301 0.123294617689882
3302 0.123257450074386
3303 0.123228379414946
3304 0.123191082692513
3305 0.123153808537387
3306 0.123135251546499
3307 0.123098084164114
3308 0.123060872405853
3309 0.123025099927710
3310 0.122990292495707
3311 0.122955638191445
3312 0.122950785506507
3313 0.122914346533961
3314 0.122957854090664
3315 0.122920767649729
3316 0.122949582100150
3317 0.123027254005792
3318 0.123005973511979
3319 0.122969500710110
3320 0.122932824585256
3321 0.122973616546447
3322 0.123206201401619
3323 0.123169124675163
3324 0.123133400128957
3325 0.123096405488361
3326 0.123129676695858
3327 0.123092762900419
3328 0.123055775892378
3329 0.123018821479967
3330 0.122981879217517
3331 0.122944958809467
3332 0.122908060653614
3333 0.122892113682355
3334 0.123095422123514
3335 0.123058520086791
3336 0.123045184389600
3337 0.123021025249957
3338 0.122984231426605
3339 0.123121957772904
3340 0.123134666188407
3341 0.123097810570646
3342 0.123060977137453
3343 0.123024165774698
3344 0.122987574747340
3345 0.122950807161547
3346 0.122915233748701
3347 0.122960984638797
3348 0.122925065703194
3349 0.122890568860080
3350 0.122853926661232
3351 0.122817264791165
3352 0.122780624795702
3353 0.122745107615371
3354 0.122717814118281
3355 0.122716870181461
3356 0.122680303782306
3357 0.122788854262904
3358 0.122753201815759
3359 0.122911744790436
3360 0.122892112107562
3361 0.122955308896749
3362 0.122964605376210
3363 0.122941781232019
3364 0.122942110554844
3365 0.122905654209292
3366 0.122876869134227
3367 0.122933763568323
3368 0.122897365762360
3369 0.122860911842357
3370 0.122992363748338
3371 0.122960439694261
3372 0.122924447310484
3373 0.122916282491812
3374 0.122919414561826
3375 0.122924009458520
3376 0.123138496703128
3377 0.123119602434110
3378 0.123083154954930
3379 0.123047961674423
3380 0.123011556952467
3381 0.122975173877892
3382 0.123087256166958
3383 0.123067024070544
3384 0.123042665418851
3385 0.123006316038345
3386 0.122969999597968
3387 0.122933939671220
3388 0.122924748779082
3389 0.122891823547122
3390 0.122855572272838
3391 0.122824857669800
3392 0.122788697226173
3393 0.122754250493366
3394 0.122718491367936
3395 0.122682374975459
3396 0.122646514424361
3397 0.122792384340337
3398 0.122756254729953
3399 0.122721689808765
3400 0.122883998492393
3401 0.122974601195515
3402 0.122942753594460
3403 0.122906627362345
3404 0.122870520832568
3405 0.122834589268799
3406 0.122798831269268
3407 0.122763117289279
3408 0.122735460243146
3409 0.122699511221692
3410 0.122688444677919
3411 0.122652476217150
3412 0.122636169487165
3413 0.122637944026038
3414 0.122605520031645
3415 0.122569662870129
3416 0.122533803983329
3417 0.122521857613198
3418 0.122587287641651
3419 0.122820750555530
3420 0.122784979238657
3421 0.122749088249246
3422 0.122734431989988
3423 0.122698578931340
3424 0.122818447248228
3425 0.122782587889956
3426 0.122746749422971
3427 0.122844669776055
3428 0.123084965286260
3429 0.123054018849942
3430 0.123106899994924
3431 0.123071019255987
3432 0.123040877386133
3433 0.123007713123737
3434 0.122971893880215
3435 0.122997565237701
3436 0.122975797410149
3437 0.123166491966940
3438 0.123130666925646
3439 0.123094862718922
3440 0.123059088236136
3441 0.123182954205215
3442 0.123147284991361
3443 0.123137170264101
3444 0.123101486931051
3445 0.123066034870310
3446 0.123030322809622
3447 0.123144727255102
3448 0.123230215061455
3449 0.123194594989926
3450 0.123160699641869
3451 0.123134466479205
3452 0.123317973122746
3453 0.123331929956609
3454 0.123296307231754
3455 0.123330588364828
3456 0.123298729797746
3457 0.123295163925144
3458 0.123272314541435
3459 0.123239629865328
3460 0.123213870722323
3461 0.123178272097673
3462 0.123144128362891
3463 0.123138289846883
3464 0.123102744971644
3465 0.123067217741606
3466 0.123090581950049
3467 0.123055810196934
3468 0.123020359931465
3469 0.122992057843427
3470 0.122967349153266
3471 0.122943133148564
3472 0.123001250039793
3473 0.122969839687928
3474 0.123140135355720
3475 0.123104827371469
3476 0.123242106479097
3477 0.123486493163037
3478 0.123502062223064
3479 0.123470176271725
3480 0.123437198665337
3481 0.123601200379763
3482 0.123565703247906
3483 0.123530238967420
3484 0.123501588353914
3485 0.123466640062523
3486 0.123613809922542
3487 0.123579296325192
3488 0.123543867398315
3489 0.123508663409372
3490 0.123473300841121
3491 0.123437932183602
3492 0.123402597401253
3493 0.123431970318402
3494 0.123396643499093
3495 0.123361512508987
3496 0.123397722386974
3497 0.123404982447937
3498 0.123370383656200
3499 0.123335124901475
3500 0.123434890423149
3501 0.123399639419895
3502 0.123364419944092
3503 0.123329222573876
3504 0.123295619095040
3505 0.123260443104497
3506 0.123231442695688
3507 0.123405979190218
3508 0.123375406271093
3509 0.123350407104632
3510 0.123315784829730
3511 0.123280662903763
3512 0.123245560416862
3513 0.123216337245634
3514 0.123214053928537
3515 0.123280657972299
3516 0.123245600498849
3517 0.123210557678124
3518 0.123180599574183
3519 0.123145595142845
3520 0.123164715569380
3521 0.123377118767972
3522 0.123468292847862
3523 0.123478606302758
3524 0.123548220809690
3525 0.123513989045206
3526 0.123507063201048
3527 0.123705558147127
3528 0.123671478509197
3529 0.123636800703021
3530 0.123601776113727
3531 0.123584999624002
3532 0.123553057661060
3533 0.123601501836271
3534 0.123677646262401
3535 0.123757265947438
3536 0.123722266752166
3537 0.123743026094382
3538 0.123708054709777
3539 0.123679492629114
3540 0.123644556627859
3541 0.123609654088381
3542 0.123574755823542
3543 0.123591795681528
3544 0.123597420622149
3545 0.123562558854435
3546 0.123527931558558
3547 0.123494971173259
3548 0.123540559989397
3549 0.123519915448828
3550 0.123485123401436
3551 0.123471619387302
3552 0.123437445706778
3553 0.123411099461432
3554 0.123379101490852
3555 0.123344814229305
3556 0.123312095506293
3557 0.123277428063748
3558 0.123242939509295
3559 0.123215963988765
3560 0.123181352765313
3561 0.123146760978521
3562 0.123129539652211
3563 0.123095044333195
3564 0.123060506326321
3565 0.123027302745930
3566 0.122994993491094
3567 0.122962824973457
3568 0.122958318448991
3569 0.122924491088669
3570 0.122964875934148
3571 0.122930446201988
3572 0.122957192853456
3573 0.123029297555460
3574 0.123009540778174
3575 0.122975678737148
3576 0.122941626468540
3577 0.122979496555549
3578 0.123195438704479
3579 0.123161017022636
3580 0.123127849345559
3581 0.123093500943102
3582 0.123124395119730
3583 0.123090120233922
3584 0.123055775892378
3585 0.123021460344563
3586 0.122987154607580
3587 0.122952867695228
3588 0.122918599979456
3589 0.122903787554120
3590 0.123092594982798
3591 0.123058324454998
3592 0.123045939240578
3593 0.123023501221140
3594 0.122989327526560
3595 0.123117244960271
3596 0.123129049971559
3597 0.123094818944948
3598 0.123060607065541
3599 0.123026414229860
3600 0.122992424606543
3601 0.122958269531748
3602 0.122925222307496
3603 0.122967719737580
3604 0.122934350333724
3605 0.122902300621597
3606 0.122868256501269
3607 0.122834192665274
3608 0.122800147711653
3609 0.122767144489551
3610 0.122741780382594
3611 0.122740896728677
3612 0.122706915316132
3613 0.122807767060343
3614 0.122774634843876
3615 0.122921944503326
3616 0.122903698924186
3617 0.122962419637938
3618 0.122971056358006
3619 0.122949844960412
3620 0.122950148766559
3621 0.122916267617431
3622 0.122889514117686
3623 0.122942384919402
3624 0.122908555881920
3625 0.122874673275958
3626 0.122996840722656
3627 0.122967168689772
3628 0.122933714156395
3629 0.122926122753742
3630 0.122929031228664
3631 0.122933299518302
3632 0.123132666161401
3633 0.123115104885339
3634 0.123081226215245
3635 0.123048512001740
3636 0.123014670277170
3637 0.122980847266869
3638 0.123085040952474
3639 0.123066232772492
3640 0.123043587474132
3641 0.123009793578205
3642 0.122976028903671
3643 0.122942501316187
3644 0.122933953757403
3645 0.122903338444347
3646 0.122869629356382
3647 0.122841066900669
3648 0.122807439588714
3649 0.122775404371730
3650 0.122742147488006
3651 0.122708557017292
3652 0.122675203070530
3653 0.122810842658794
3654 0.122777239244890
3655 0.122745089545401
3656 0.122896026669198
3657 0.122980283646266
3658 0.122950663301477
3659 0.122917062460374
3660 0.122883478563528
3661 0.122850056019861
3662 0.122816793536749
3663 0.122783570634186
3664 0.122757840375843
3665 0.122724396284637
3666 0.122714095739267
3667 0.122680631307649
3668 0.122665454994181
3669 0.122667097734891
3670 0.122636927524928
3671 0.122603562334497
3672 0.122570194181781
3673 0.122559070539817
3674 0.122619931352099
3675 0.122837122388519
3676 0.122803837765140
3677 0.122770440448495
3678 0.122756798504130
3679 0.122723434169727
3680 0.122834957066952
3681 0.122801587109902
3682 0.122768235239421
3683 0.122859343456690
3684 0.123082936924470
3685 0.123054140913134
3686 0.123103349324752
3687 0.123069960861334
3688 0.123041911555764
3689 0.123011048463605
3690 0.122977713336886
3691 0.123001602606327
3692 0.122981343047053
3693 0.123158817091476
3694 0.123125476859453
3695 0.123092154673564
3696 0.123058858809728
3697 0.123174147700458
3698 0.123140950126748
3699 0.123131537131049
3700 0.123098324221348
3701 0.123065325251734
3702 0.123032082936360
3703 0.123138577768508
3704 0.123218158790590
3705 0.123185003171040
3706 0.123153451805962
3707 0.123129032222332
3708 0.123299871048589
3709 0.123312869444223
3710 0.123279709921004
3711 0.123311630673384
3712 0.123281974355996
3713 0.123278658852053
3714 0.123257388883342
3715 0.123226960520220
3716 0.123202979366977
3717 0.123169835447537
3718 0.123138044922210
3719 0.123132609940361
3720 0.123099512690921
3721 0.123066430557139
3722 0.123088187981547
3723 0.123055807838093
3724 0.123022794541023
3725 0.122996436855650
3726 0.122973424635073
3727 0.122950870348032
3728 0.123004994304348
3729 0.122975739304002
3730 0.123134345537325
3731 0.123101461737953
3732 0.123229324959751
3733 0.123456955627197
3734 0.123471465195572
3735 0.123441772925778
3736 0.123411062629503
3737 0.123563836540113
3738 0.123530780454162
3739 0.123497753664609
3740 0.123471072848526
3741 0.123438524257241
3742 0.123575633356074
3743 0.123543490492758
3744 0.123510493620131
3745 0.123477705010346
3746 0.123444767368916
3747 0.123411822759916
3748 0.123378908418790
3749 0.123406281928682
3750 0.123373373603808
3751 0.123340646453575
3752 0.123374391282865
3753 0.123381162336500
3754 0.123348929317485
3755 0.123316080068897
3756 0.123409050881115
3757 0.123376208740352
3758 0.123343394697355
3759 0.123310599974657
3760 0.123279289345071
3761 0.123246512020662
3762 0.123219488761172
3763 0.123382154570434
3764 0.123353667329288
3765 0.123330373747304
3766 0.123298110297611
3767 0.123265379900069
3768 0.123232666351504
3769 0.123205431512964
3770 0.123203306136161
3771 0.123265391514474
3772 0.123232717386639
3773 0.123200055653966
3774 0.123172132466991
3775 0.123139504089038
3776 0.123157329828567
3777 0.123355338578363
3778 0.123440340401964
3779 0.123449962591444
3780 0.123514870042803
3781 0.123482964827506
3782 0.123476515990308
3783 0.123661586627905
3784 0.123629824209539
3785 0.123597502855854
3786 0.123564856922849
3787 0.123549224267441
3788 0.123519450445436
3789 0.123564630408022
3790 0.123635641298093
3791 0.123709895476825
3792 0.123677271588636
3793 0.123696641688446
3794 0.123664042222361
3795 0.123637418456623
3796 0.123604849602494
3797 0.123572310707244
3798 0.123539774553827
3799 0.123555675369334
3800 0.123560930871933
3801 0.123528426668619
3802 0.123496139909284
3803 0.123465406621088
3804 0.123507935192121
3805 0.123488688188262
3806 0.123456244535877
3807 0.123443656178818
3808 0.123411787231861
3809 0.123387218433950
3810 0.123357376726230
3811 0.123325398376707
3812 0.123294882017006
3813 0.123262546617152
3814 0.123230376875333
3815 0.123205214800646
3816 0.123172928321007
3817 0.123140658756343
3818 0.123124593732222
3819 0.123092412041797
3820 0.123060189312947
3821 0.123029210394580
3822 0.122999064735136
3823 0.122969049256807
3824 0.122964842796666
3825 0.122933277731741
3826 0.122970958105948
3827 0.122938829896982
3828 0.122963785658567
3829 0.123031067849075
3830 0.123012631167009
3831 0.122981031092078
3832 0.122949252317314
3833 0.122984591131659
3834 0.123186113279362
3835 0.123153991799860
3836 0.123123039438360
3837 0.123090983973338
3838 0.123119818120719
3839 0.123087830014742
3840 0.123055775892378
3841 0.123023747452150
3842 0.122991726978457
3843 0.122959722886087
3844 0.122927735524125
3845 0.122913906933729
3846 0.123090144206109
3847 0.123058154859981
3848 0.123046593654003
3849 0.123025647834763
3850 0.122993745911404
3851 0.123113158727765
3852 0.123124180250825
3853 0.123092224856846
3854 0.123060286157308
3855 0.123028364057513
3856 0.122996630501038
3857 0.122964741304712
3858 0.122933885272175
3859 0.122973561244610
3860 0.122942403427770
3861 0.122912476656127
3862 0.122880686580017
3863 0.122848876927800
3864 0.122817083740189
3865 0.122786262119337
3866 0.122762572635699
3867 0.122761742103879
3868 0.122730004330485
3869 0.122824177052848
3870 0.122793232287911
3871 0.122930795145433
3872 0.122913753599769
3873 0.122968590358603
3874 0.122976654757800
3875 0.122956843236175
3876 0.122957125171154
3877 0.122925479409638
3878 0.122900489624215
3879 0.122949868314370
3880 0.122918269367146
3881 0.122886619235712
3882 0.123000727225347
3883 0.122973010421389
3884 0.122941759420146
3885 0.122934666178064
3886 0.122937380851389
3887 0.122941365880989
3888 0.123127603427638
3889 0.123111199454072
3890 0.123079551335386
3891 0.123048989913846
3892 0.123017374038088
3893 0.122985774502453
3894 0.123083117003993
3895 0.123065545491027
3896 0.123044388355824
3897 0.123012814228046
3898 0.122981266263627
3899 0.122949938682564
3900 0.122941950287289
3901 0.122913342029760
3902 0.122881841943060
3903 0.122855149786110
3904 0.122823723936495
3905 0.122793784681406
3906 0.122762702754652
3907 0.122731307985304
3908 0.122700133122320
3909 0.122826883310571
3910 0.122795475915416
3911 0.122765425956760
3912 0.122906480606093
3913 0.122985222571645
3914 0.122957538320197
3915 0.122926132866145
3916 0.122894742127416
3917 0.122863501076630
3918 0.122832408514555
3919 0.122801351840131
3920 0.122777297389168
3921 0.122746031882592
3922 0.122736398166395
3923 0.122705111810757
3924 0.122690919354512
3925 0.122692448463125
3926 0.122664239084293
3927 0.122633042006210
3928 0.122601841054977
3929 0.122591434136217
3930 0.122648322243272
3931 0.122851361843362
3932 0.122820240654401
3933 0.122789013007263
3934 0.122776254073878
3935 0.122745055384720
3936 0.122849319266979
3937 0.122818115514350
3938 0.122786927572371
3939 0.122872109819609
3940 0.123081172146750
3941 0.123054247118332
3942 0.123100259827368
3943 0.123069039899617
3944 0.123042811472136
3945 0.123013950927931
3946 0.122982777709467
3947 0.123005116252445
3948 0.122986169492951
3949 0.123152137287229
3950 0.123120959530954
3951 0.123089797556889
3952 0.123058659106580
3953 0.123166481830772
3954 0.123135435558210
3955 0.123126633243034
3956 0.123095570841111
3957 0.123064707451382
3958 0.123033615376163
3959 0.123133223567880
3960 0.123207661310302
3961 0.123176651193424
3962 0.123147140590950
3963 0.123124300044571
3964 0.123284107082900
3965 0.123296270213637
3966 0.123265255278713
3967 0.123295119752301
3968 0.123267380906730
3969 0.123264282929232
3970 0.123244388146393
3971 0.123215924694300
3972 0.123193491932562
3973 0.123162486027421
3974 0.123132745256474
3975 0.123127661634378
3976 0.123096696639506
3977 0.123065744715002
3978 0.123086102135688
3979 0.123055805782777
3980 0.123024915954578
3981 0.123000252679162
3982 0.122978718939912
3983 0.122957612958966
3984 0.123008257378278
3985 0.122980880926743
3986 0.123129299418633
3987 0.123098528310196
3988 0.123218184397753
3989 0.123431209321829
3990 0.123444794403187
3991 0.123417013406723
3992 0.123388278710489
3993 0.123531263656111
3994 0.123500334493266
3995 0.123469431684712
3996 0.123444467237722
3997 0.123414009976179
3998 0.123542345834637
3999 0.123512268952949
4000 0.123481391685555
4001 0.123450708295975
4002 0.123419884355924
4003 0.123389052837835
4004 0.123358248596921
4005 0.123383877547835
4006 0.123353077793991
4007 0.123322446587424
4008 0.123354040599241
4009 0.123360384354535
4010 0.123330214285857
4011 0.123299466289493
4012 0.123386508907756
4013 0.123355767472203
4014 0.123325051295742
4015 0.123294352162687
4016 0.123265041475577
4017 0.123234356569121
4018 0.123209058075654
4019 0.123361365085094
4020 0.123334697128331
4021 0.123312891267608
4022 0.123282685730793
4023 0.123252041936865
4024 0.123221412882932
4025 0.123195913043680
4026 0.123193925176795
4027 0.123252066061467
4028 0.123221471849764
4029 0.123190888213170
4030 0.123164741081607
4031 0.123134186694262
4032 0.123150881959602
4033 0.123336323441340
4034 0.123415935713205
4035 0.123424953472495
4036 0.123485750096691
4037 0.123455875313661
4038 0.123449842026695
4039 0.123623189116567
4040 0.123593448870630
4041 0.123563184097465
4042 0.123532614284600
4043 0.123517979453190
4044 0.123490098149298
4045 0.123532426018404
4046 0.123598951840885
4047 0.123668518008671
4048 0.123637967512983
4049 0.123656122635892
4050 0.123625593782738
4051 0.123600661977619
4052 0.123570159851806
4053 0.123539684772725
4054 0.123509211244175
4055 0.123524115747608
4056 0.123529047322928
4057 0.123498602020180
4058 0.123468359429164
4059 0.123439571325067
4060 0.123479424654995
4061 0.123461397977047
4062 0.123431005743968
4063 0.123419216761311
4064 0.123389361320712
4065 0.123366345299721
4066 0.123338387593553
4067 0.123308426811428
4068 0.123279835023913
4069 0.123249537694679
4070 0.123219394602204
4071 0.123195817512384
4072 0.123165563138853
4073 0.123135323619300
4074 0.123120269390788
4075 0.123090110482472
4076 0.123059912120684
4077 0.123030878475874
4078 0.123002624827400
4079 0.122974492262128
4080 0.122970548402671
4081 0.122940962007439
4082 0.122976277398777
4083 0.122946162293460
4084 0.122969551941587
4085 0.123032616260112
4086 0.123015334311819
4087 0.122985712929337
4088 0.122955923069568
4089 0.122989047795573
4090 0.123177955242426
4091 0.123147845803205
4092 0.123118831357282
4093 0.123088781855399
4094 0.123115813526080
4095 0.123085826142867
4096 0.123055775892378
