1 0.001094635075086
2 0.179358129609710
3 0.120677365026119
4 0.091241975954607
5 0.073663339770233
6 0.099293240839347
7 0.094073944955424
8 0.175656461903325
9 0.187100467886680
10 0.247639399276028
11 0.225443711991885
12 0.243718669463631
13 0.241045665025874
14 0.224513896722964
15 0.240472761708272
16 0.243213656456921
17 0.229350822813156
18 0.230749569183417
19 0.219138701567235
20 0.223959730690877
21 0.241165479453669
22 0.238361596578907
23 0.228140431473465
24 0.218710155857696
25 0.219165163125041
26 0.224987019035079
27 0.232551851328353
28 0.225274858289445
29 0.249587989208025
30 0.265308192786281
31 0.256761708019573
32 0.277333138566619
33 0.293679327394212
34 0.285526382449848
35 0.277857622913728
36 0.270367064684417
37 0.269339832183622
38 0.262787205751571
39 0.258145481513323
40 0.258744065769937
41 0.271156540601364
42 0.264700574450941
43 0.258786659889139
44 0.262001916408280
45 0.265800519465450
46 0.261874316689024
47 0.269252783576514
48 0.263710983881223
49 0.276049680942841
50 0.271384717976851
51 0.266063450542544
52 0.261040142268192
53 0.256144135187789
54 0.258421018195926
55 0.254802473834053
56 0.255354577593036
57 0.252527472246307
58 0.248868144645967
59 0.246495003580443
60 0.242395114118016
61 0.238426560909374
62 0.240053881663672
63 0.236332423372420
64 0.233549454298694
65 0.236094717079391
66 0.232520228244906
67 0.236193192052624
68 0.241080152017770
69 0.240336210866569
70 0.240216262518409
71 0.236839243049382
72 0.233661500054745
73 0.230460676319173
74 0.228766830847938
75 0.225718193383092
76 0.233349922388532
77 0.231283406883373
78 0.231414203089326
79 0.237504225887017
80 0.234535460998486
81 0.238365727344067
82 0.235572977693372
83 0.237264517242170
84 0.234440011871333
85 0.231681897280165
86 0.231465577248611
87 0.230567759195677
88 0.230333130327346
89 0.229066196214660
90 0.228986654750721
91 0.232874566791441
92 0.230927339871736
93 0.233354717097064
94 0.230872259057762
95 0.238121639641187
96 0.236296921016395
97 0.242528976805805
98 0.242088019735258
99 0.246025537970432
100 0.250140536483358
101 0.247663916983600
102 0.248333165787841
103 0.246188915371989
104 0.243830471664451
105 0.241509286436494
106 0.247659607172353
107 0.247760152102726
108 0.246186228514392
109 0.245534252436982
110 0.243459141936595
111 0.247037354697795
112 0.245413464113156
113 0.243679816796093
114 0.241584243762195
115 0.241188269081277
116 0.239179582601408
117 0.237208752400972
118 0.236355802516024
119 0.234390408530434
120 0.237787759880180
121 0.241828412923589
122 0.239857548833756
123 0.238726354891487
124 0.242423373928473
125 0.240788096823936
126 0.244515197748918
127 0.242604338998386
128 0.241136053003804
129 0.241721900223560
130 0.245984731865633
131 0.244127422215174
132 0.244705479362635
133 0.243737108833697
134 0.243011379444200
135 0.248396866132166
136 0.246738307012431
137 0.249694294182585
138 0.249098241503590
139 0.254067590549323
140 0.257274849190530
141 0.259340873019133
142 0.257527697343116
143 0.255727310283553
144 0.259901133674553
145 0.263164217501534
146 0.263379447688126
147 0.261614101457433
148 0.259850579816794
149 0.260251354267627
150 0.258534912378850
151 0.257627603931937
152 0.255937844123677
153 0.260106690723176
154 0.258703472152846
155 0.258688613511338
156 0.257831431915923
157 0.257074506069464
158 0.256918234279781
159 0.255311335371787
160 0.253719178907780
161 0.254205855981032
162 0.257778988164094
163 0.256518303005716
164 0.254979874440947
165 0.253523043661374
166 0.252939885976001
167 0.252031675575999
168 0.254259977509244
169 0.253807093601215
170 0.256250850246574
171 0.255058920489800
172 0.253582240806719
173 0.252247220907108
174 0.250820513327290
175 0.250175877266502
176 0.248820685010403
177 0.252009613687395
178 0.250616523514473
179 0.249217343375317
180 0.247832872317185
181 0.246463792394192
182 0.247032840055220
183 0.245733687981719
184 0.246620446016082
185 0.250095209359097
186 0.251995802822372
187 0.255063020409918
188 0.254367547357463
189 0.253305083347758
190 0.251973974808271
191 0.250654750394209
192 0.249974056518020
193 0.248679170080215
194 0.247509094641449
195 0.248749951462588
196 0.247480872141517
197 0.246561974652224
198 0.247062451307387
199 0.247235129668536
200 0.247621246953840
201 0.246670346702582
202 0.245664414124067
203 0.244467150109562
204 0.247128895661083
205 0.250182847176837
206 0.249347383664551
207 0.251305600610787
208 0.250113147339655
209 0.250674185526554
210 0.251720099147334
211 0.251681651487024
212 0.251055133895582
213 0.249884469030683
214 0.249082774188544
215 0.248754815346500
216 0.247780386207666
217 0.248329207791466
218 0.247813848184200
219 0.248004689705270
220 0.247166906022452
221 0.246049200086664
222 0.245316755591401
223 0.245999349909286
224 0.248364379815575
225 0.247262481845612
226 0.248382438768269
227 0.249230215548668
228 0.251378999023673
229 0.252069715193795
230 0.251097595807629
231 0.250197169659732
232 0.249399706815192
233 0.249021176998254
234 0.250897795532413
235 0.249898135252164
236 0.248851913674907
237 0.248173204296707
238 0.248194434331554
239 0.248108263886860
240 0.249727177781733
241 0.248789105048688
242 0.248657125300840
243 0.247684903426308
244 0.246736324280178
245 0.246655824165157
246 0.246702342844907
247 0.245800545385773
248 0.244915364880037
249 0.244018000513617
250 0.245432337234989
251 0.244604204857075
252 0.247071512858913
253 0.249968959248405
254 0.250041578092032
255 0.249143890282553
256 0.250163153071246
257 0.249215034988268
258 0.250430763929137
259 0.249576945530992
260 0.250163895988767
261 0.249799787884008
262 0.249648064861126
263 0.248702055315139
264 0.247787361881895
265 0.247125943902385
266 0.246858153138189
267 0.246240429940766
268 0.246966301250081
269 0.246211132454563
270 0.246604339344595
271 0.248094927178373
272 0.247959059943720
273 0.247592168857796
274 0.246689985810560
275 0.246476428736196
276 0.245584203699866
277 0.246445941621456
278 0.245560724010899
279 0.244707749112191
280 0.246181279704456
281 0.245370403082706
282 0.244565353136400
283 0.246732606582669
284 0.247768631203358
285 0.246906890630836
286 0.246078322866382
287 0.245538621119071
288 0.246070496511817
289 0.246966811633766
290 0.248338065409392
291 0.249686611092777
292 0.251338610146053
293 0.250480809090964
294 0.251775917242948
295 0.250940431655849
296 0.253317767941000
297 0.253299254131521
298 0.254723123244517
299 0.253879774534759
300 0.253046771757745
301 0.254443062461868
302 0.256550130151876
303 0.257279343404413
304 0.256433030576898
305 0.256984435558716
306 0.256144920823313
307 0.255845457293517
308 0.255213046308909
309 0.254419845841346
310 0.255805384060955
311 0.254997005758106
312 0.255070186881913
313 0.254369829073082
314 0.253660790426961
315 0.253003879213205
316 0.252355004912967
317 0.252011387326658
318 0.253265422312211
319 0.253173893824063
320 0.252431448156702
321 0.251655563586927
322 0.250876362162975
323 0.252030165126938
324 0.252144696922337
325 0.253349481881422
326 0.252871556788350
327 0.252135203315647
328 0.251640275200392
329 0.251364642241115
330 0.253197813219398
331 0.255170228941876
332 0.255432375172427
333 0.254669819629024
334 0.254001789619590
335 0.253259829872902
336 0.252808686890011
337 0.252134917751868
338 0.253860682714312
339 0.253128132156136
340 0.253539254663561
341 0.254087029702233
342 0.254950742819053
343 0.256989333738578
344 0.256274307967858
345 0.255606724591991
346 0.254868288612034
347 0.254259255011892
348 0.253547813008569
349 0.255368247915717
350 0.254921878551708
351 0.255918292682480
352 0.256413437866256
353 0.255819670942521
354 0.255176400942310
355 0.255062342569178
356 0.254530699522131
357 0.253929413500166
358 0.253307878932305
359 0.255168244225708
360 0.254590542341553
361 0.254656009470441
362 0.253983768466261
363 0.253284270874471
364 0.252621062487709
365 0.252458926326465
366 0.251770160194737
367 0.253305773193083
368 0.254280063208534
369 0.254333146422321
370 0.254124659179175
371 0.253440783342314
372 0.254489871048369
373 0.253971610437856
374 0.253297003193282
375 0.253156690222027
376 0.252602312040960
377 0.252117725832594
378 0.251464026228053
379 0.252692116059831
380 0.253066888330707
381 0.252402672787529
382 0.252922422882070
383 0.252284587771944
384 0.251673433610458
385 0.251050329092550
386 0.251347303693457
387 0.253095090011747
388 0.252450605203809
389 0.252046128667779
390 0.251469253730078
391 0.251199743909629
392 0.251964155594210
393 0.251424141871034
394 0.250810974892031
395 0.251239029420639
396 0.252994674465322
397 0.252535524186568
398 0.253070622138325
399 0.253076860189053
400 0.252494112761490
401 0.252387843557444
402 0.251760013368403
403 0.253382825624197
404 0.253694387659947
405 0.253194076284209
406 0.253021952435367
407 0.252403192466587
408 0.251884554620966
409 0.251315369558812
410 0.250976226513424
411 0.250366346239770
412 0.250290995944555
413 0.249684991030355
414 0.249412914842488
415 0.248919282233985
416 0.248380188119730
417 0.247867349519282
418 0.247279717696424
419 0.246859177394754
420 0.247628288573987
421 0.247973204139456
422 0.247388748713908
423 0.248352320407303
424 0.248925988266389
425 0.248764211169439
426 0.249052738155050
427 0.248707617081081
428 0.248291363852568
429 0.249029064742421
430 0.249034844338789
431 0.250236863698990
432 0.249733510215372
433 0.250630726302545
434 0.250080772542407
435 0.250563506123552
436 0.250038507255224
437 0.249491053326467
438 0.248968584880695
439 0.248490030659986
440 0.249705332012284
441 0.250521844019191
442 0.249955081846789
443 0.249399778911914
444 0.248838097197415
445 0.248801510878986
446 0.248310175018806
447 0.247795871876871
448 0.247584678621444
449 0.248454072401353
450 0.247901954887669
451 0.248054471677260
452 0.249187699658109
453 0.248638063082139
454 0.248090803729029
455 0.249114776730901
456 0.248862754531198
457 0.249985838851892
458 0.249440448422644
459 0.249565958306744
460 0.249187851767531
461 0.248670180467060
462 0.250246173258823
463 0.249706805197938
464 0.249199498067328
465 0.249810182046149
466 0.250121945745288
467 0.250360001620170
468 0.251568965484710
469 0.251033450085980
470 0.251002232638645
471 0.250469423314199
472 0.249980745666831
473 0.249480195653457
474 0.249225209751938
475 0.248877212193258
476 0.250283357671624
477 0.249759955272357
478 0.250388368998729
479 0.249969392028742
480 0.250191096223245
481 0.250727562597515
482 0.251741347691841
483 0.253083388950729
484 0.253368849405139
485 0.252849978668781
486 0.252388955399333
487 0.252292677572099
488 0.251810637970637
489 0.251677027936850
490 0.252233010100375
491 0.251719300141154
492 0.251464884244420
493 0.251256229536578
494 0.250884791085617
495 0.250552202271972
496 0.250516891990695
497 0.250527539536002
498 0.251383016163158
499 0.252865629758038
500 0.254282182545665
501 0.254878892654899
502 0.255829975598445
503 0.255708594391447
504 0.255717620419382
505 0.255398740384461
506 0.255111450944497
507 0.254611463816005
508 0.254300879268220
509 0.253852761324958
510 0.254390663921721
511 0.254601120738104
512 0.254110386302391
513 0.254460978409017
514 0.254846641068077
515 0.255212564486677
516 0.254725043648915
517 0.255674819497178
518 0.255181662493142
519 0.255770307194007
520 0.256783079526925
521 0.256870846037671
522 0.256666309888589
523 0.256986684366017
524 0.256540450468924
525 0.256093874517903
526 0.256389943198260
527 0.257299437719046
528 0.258599169476899
529 0.258463532515011
530 0.258037068506197
531 0.257854265711963
532 0.257784766499158
533 0.257707366576410
534 0.257236412994163
535 0.257000823646654
536 0.256521554609674
537 0.257687106200997
538 0.258059150653139
539 0.259289450383037
540 0.259009063310365
541 0.258788995673297
542 0.258505011829292
543 0.258423457792216
544 0.258400071615860
545 0.257936462482207
546 0.257988095466288
547 0.257516973962200
548 0.257047069006501
549 0.257556403318544
550 0.257097862442473
551 0.256657986893444
552 0.257863162226031
553 0.257687627411223
554 0.257222593040301
555 0.256775679841593
556 0.256313856566299
557 0.256897735656799
558 0.257612261184104
559 0.257189189915420
560 0.258316403587085
561 0.258338235462639
562 0.257879742148741
563 0.257451061578090
564 0.258073861751510
565 0.257620624706886
566 0.258120385376482
567 0.257793165728329
568 0.257731660473101
569 0.257310868217024
570 0.257356875124294
571 0.256912129351587
572 0.256464647182820
573 0.256674379581259
574 0.256588058151512
575 0.256156275327568
576 0.256884350905699
577 0.256469984209635
578 0.256078150161054
579 0.255712037578922
580 0.256396751584561
581 0.256860584252198
582 0.257076867416732
583 0.257496566977882
584 0.257082304088584
585 0.256722741493568
586 0.256685787451395
587 0.256561502394024
588 0.256237468338024
589 0.255879644334798
590 0.255556126181979
591 0.256143809557440
592 0.255779144971440
593 0.255481254779613
594 0.255870779076894
595 0.255507820686691
596 0.255097291429885
597 0.254734317058134
598 0.254314154203105
599 0.254500622203470
600 0.255322960396556
601 0.254917792441297
602 0.254541550662880
603 0.254564290940736
604 0.254169644705702
605 0.254698781556538
606 0.254278488487827
607 0.254416379401349
608 0.254079811828428
609 0.253669616473479
610 0.253254755138558
611 0.253944367425588
612 0.253662573345277
613 0.253261058098690
614 0.252848583559594
615 0.252500664009403
616 0.252092263468197
617 0.252173493066631
618 0.252561988518894
619 0.252568662757848
620 0.252301090457755
621 0.253428450657473
622 0.253021075673080
623 0.253066226231648
624 0.253064553402301
625 0.252707239758646
626 0.252425352775414
627 0.252036502283621
628 0.251664892948759
629 0.252383572237336
630 0.253451970890345
631 0.253709373963267
632 0.253308039240996
633 0.253077746952386
634 0.254086074007516
635 0.255063114518259
636 0.255080880124955
637 0.254811144698548
638 0.255624213940045
639 0.255290222270923
640 0.255606062041424
641 0.256663585258120
642 0.257067977914077
643 0.257332256415682
644 0.257080425540269
645 0.256833503961164
646 0.256628836215547
647 0.257384158626842
648 0.257060736585330
649 0.256724361151493
650 0.256329892695292
651 0.255936161413952
652 0.255821458482379
653 0.255954830806786
654 0.256719066400855
655 0.256327378011553
656 0.256242275190073
657 0.256622548830325
658 0.256308429438457
659 0.255990408297587
660 0.256072999671022
661 0.257064901338285
662 0.256677651600307
663 0.256991142090221
664 0.257089673748024
665 0.256851799603056
666 0.256563102171567
667 0.256289830148882
668 0.255962788832714
669 0.255727016367685
670 0.255486898757383
671 0.255108308590314
672 0.255175656538679
673 0.256199854882236
674 0.257117735922538
675 0.256801502001531
676 0.256445066085481
677 0.256532667495771
678 0.256168187433747
679 0.255791050410538
680 0.255985772968120
681 0.255680031622358
682 0.255319407964667
683 0.254968762051680
684 0.255267850021030
685 0.255004122272055
686 0.254917802641199
687 0.255849909185167
688 0.255492267410573
689 0.255175277008266
690 0.256000835154613
691 0.256747012524977
692 0.256527903294437
693 0.257391892070431
694 0.257366379540508
695 0.257048681097467
696 0.257464397863442
697 0.257562314101039
698 0.257195448996933
699 0.257352684629882
700 0.257168706947607
701 0.256834967977346
702 0.256473070082894
703 0.256122491037522
704 0.257127197179099
705 0.257138067856897
706 0.257500002687291
707 0.257303795768269
708 0.257207011771248
709 0.256844319056912
710 0.256482778233225
711 0.256805606571427
712 0.257477936770496
713 0.257118454903088
714 0.256928307751980
715 0.256602664278933
716 0.256247419666820
717 0.256563815698278
718 0.256206489303656
719 0.255931077691093
720 0.256175986847107
721 0.255823922872739
722 0.255471846119744
723 0.255120318741116
724 0.255195461543954
725 0.254911104992895
726 0.254736814242914
727 0.254496800751146
728 0.254317333178552
729 0.254199153681742
730 0.254475428978032
731 0.254127458213912
732 0.254591257285059
733 0.255014228163939
734 0.254959460101843
735 0.254626019524291
736 0.254625190188085
737 0.255287149126132
738 0.255678513838358
739 0.256411576104486
740 0.256091940757109
741 0.256745897894212
742 0.256670332273029
743 0.256843437287741
744 0.256502139584020
745 0.256245625666295
746 0.256032398404987
747 0.255689650943482
748 0.255360477605562
749 0.255023855742125
750 0.254693032591559
751 0.254745272761564
752 0.254409193280975
753 0.254272857332677
754 0.254915242765441
755 0.254647454792792
756 0.254310886637936
757 0.254508894961408
758 0.254548530078731
759 0.254216787744075
760 0.253909362095607
761 0.253634507158675
762 0.253395572644980
763 0.253231567950041
764 0.252902066405611
765 0.252572150919377
766 0.252244859325837
767 0.251916297871479
768 0.252457578264344
769 0.252148587132029
770 0.251821453291832
771 0.251846388850541
772 0.251533108008239
773 0.251207709904422
774 0.251391668565531
775 0.251563308350459
776 0.251586360144682
777 0.251263222570730
778 0.251383031435609
779 0.251060484294323
780 0.251711850469391
781 0.251421163170206
782 0.251612384322519
783 0.252411171475189
784 0.252137327397929
785 0.251883166137267
786 0.252165545084191
787 0.251990813302512
788 0.251747835775282
789 0.251895808874994
790 0.251633413494789
791 0.251315301691690
792 0.251368151402481
793 0.252113542898503
794 0.252836552810940
795 0.252519535357431
796 0.252286213233979
797 0.252260050959268
798 0.252142708339859
799 0.252164786002143
800 0.252853972697001
801 0.253745702680247
802 0.254348559980785
803 0.254156746355942
804 0.253840650010217
805 0.253532740796410
806 0.254241042355104
807 0.254368296364963
808 0.254078038474178
809 0.253818055500061
810 0.253507629287536
811 0.253574265181785
812 0.253272913834579
813 0.253005835987307
814 0.252699820413100
815 0.252520539720377
816 0.252280368305357
817 0.252837231081748
818 0.253193757968427
819 0.252899706646069
820 0.253122609009747
821 0.252814486152538
822 0.252534908713501
823 0.253183832082589
824 0.252896337194538
825 0.252744992811482
826 0.252465561605669
827 0.253197994795041
828 0.253033558521074
829 0.252898073889427
830 0.253483064151503
831 0.253219355035863
832 0.252944286594387
833 0.252719955610764
834 0.252683951586568
835 0.252466169235599
836 0.252164535640010
837 0.251873252103678
838 0.251592193544995
839 0.251293103217953
840 0.250995778662897
841 0.250992867847326
842 0.250718301423983
843 0.251474842021543
844 0.251208741735351
845 0.250956332148108
846 0.250661085692302
847 0.251339958095659
848 0.251046002455951
849 0.251038095292780
850 0.251624934434878
851 0.251333207623720
852 0.251100422956000
853 0.251725974562603
854 0.252039895505340
855 0.252091337626939
856 0.252583991321840
857 0.253415742713002
858 0.253974830096528
859 0.253692701484431
860 0.254191755860787
861 0.253936666110091
862 0.253775913054474
863 0.254466986272466
864 0.254191285879328
865 0.253897749319741
866 0.253647603913971
867 0.253456235605038
868 0.253182216024892
869 0.252900296326912
870 0.253398360317579
871 0.253136500201980
872 0.252944413217563
873 0.252664284603282
874 0.252375195500375
875 0.253164786825678
876 0.253246477184536
877 0.252962080616992
878 0.252689425218003
879 0.252957366698977
880 0.252934757565806
881 0.253376918278110
882 0.253375588949760
883 0.253696843979865
884 0.253532410513759
885 0.253246148307374
886 0.253735036974762
887 0.253449123506788
888 0.253238411469333
889 0.253342654218162
890 0.253058000072673
891 0.252777685991886
892 0.252494404720789
893 0.252263401889301
894 0.252236907717550
895 0.252670449966128
896 0.252396122813834
897 0.253169927634684
898 0.252888001333783
899 0.253468364275577
900 0.253187748327406
901 0.252911131714045
902 0.252931079448099
903 0.253548461454543
904 0.253362596362258
905 0.253128006232118
906 0.252922405357081
907 0.252706418269760
908 0.252712137508468
909 0.253387550984149
910 0.253111552617729
911 0.253091360132262
912 0.252885143314261
913 0.252608835378455
914 0.252346777074490
915 0.252075313967348
916 0.252189302464153
917 0.251927461314695
918 0.251666917188105
919 0.251862332119006
920 0.251856302017449
921 0.251738173908021
922 0.251465147653715
923 0.251664514531423
924 0.251411851963111
925 0.251140464812642
926 0.251382221216420
927 0.251188391175448
928 0.250917734328801
929 0.251716195009704
930 0.251608750568901
931 0.251410965754138
932 0.251381974528828
933 0.252130069217766
934 0.252681688352458
935 0.252411485153491
936 0.252192111237980
937 0.251946750953604
938 0.252696111361162
939 0.253250418867109
940 0.253174668108848
941 0.253787847827343
942 0.253976095666023
943 0.253755200476750
944 0.253524514851633
945 0.254137266944451
946 0.253887400760074
947 0.253675267693636
948 0.253610369925780
949 0.253520122260402
950 0.253256566223955
951 0.253210668975661
952 0.253353153331052
953 0.253108195437895
954 0.253394355378495
955 0.253709842316201
956 0.253744130208095
957 0.254064753904632
958 0.254059935388135
959 0.253882985965732
960 0.253715346747243
961 0.254379594065454
962 0.255015751545722
963 0.254775898237395
964 0.254579196763776
965 0.254635204252413
966 0.254469627376509
967 0.255052155795445
968 0.254893813123154
969 0.254827935841082
970 0.254565229145168
971 0.254348831390721
972 0.254710126734992
973 0.255030045342483
974 0.254768247034016
975 0.254849651395581
976 0.254612760621372
977 0.254366121529376
978 0.254130454236963
979 0.254481283266851
980 0.254295811784651
981 0.254038363647889
982 0.253906537913386
983 0.253902463230082
984 0.254329514916061
985 0.254449913631780
986 0.254196728321070
987 0.254016177084092
988 0.254469336506660
989 0.254449365189707
990 0.254200174666388
991 0.253954419491549
992 0.253742949050474
993 0.253492516521658
994 0.254010031767638
995 0.254026431041988
996 0.254052075745489
997 0.253797600349898
998 0.253947717115091
999 0.253710691923031
1000 0.253501770410764
1001 0.253312643298198
1002 0.253089523726642
1003 0.252885252388217
1004 0.252754774382435
1005 0.252612628462358
1006 0.253209090838529
1007 0.252968302146115
1008 0.252798492105163
1009 0.252644770553578
1010 0.252425130478873
1011 0.252399164979643
1012 0.252217797944248
1013 0.252080897467778
1014 0.251935577844910
1015 0.251969004641748
1016 0.251775690729840
1017 0.251950190837851
1018 0.251703046440529
1019 0.251835123218104
1020 0.252525417732094
1021 0.252301626696298
1022 0.252054757885043
1023 0.251909404898874
1024 0.252525563655025
1025 0.252462777861220
1026 0.252217029815153
1027 0.252859384179169
1028 0.252640387405918
1029 0.252667708821069
1030 0.252428208755926
1031 0.252317566469992
1032 0.252074626505472
1033 0.251838564844089
1034 0.251595076007024
1035 0.251850885266026
1036 0.251635550623089
1037 0.251412234792086
1038 0.251536111925262
1039 0.251855670487694
1040 0.251678978949893
1041 0.251460460375561
1042 0.251235237195483
1043 0.251787553688186
1044 0.251548171375486
1045 0.251394295759200
1046 0.251236360609279
1047 0.251157599158013
1048 0.251822144575621
1049 0.251586993204006
1050 0.251349916653723
1051 0.251182124423962
1052 0.251566803268160
1053 0.251611846027030
1054 0.251483031158511
1055 0.251672795175302
1056 0.251445112016423
1057 0.251221465431956
1058 0.251495333215204
1059 0.251261149524812
1060 0.251024297381112
1061 0.251687182274548
1062 0.251986197876547
1063 0.252288315668260
1064 0.252622920316113
1065 0.252403027125533
1066 0.252166279372577
1067 0.252673578744878
1068 0.253037138634818
1069 0.253072297002646
1070 0.253015751798372
1071 0.253401967282547
1072 0.254089244029532
1073 0.254123241225257
1074 0.253887318637980
1075 0.253707255608423
1076 0.253472301318151
1077 0.253573673730985
1078 0.253522158173959
1079 0.254126565402343
1080 0.254224723673863
1081 0.254222994149849
1082 0.254660404469492
1083 0.254457698563801
1084 0.254222961845554
1085 0.253994444171812
1086 0.253763537691901
1087 0.253530084734538
1088 0.254016770269695
1089 0.254039905647273
1090 0.254586162150339
1091 0.254375730024328
1092 0.254437356703360
1093 0.254208701304861
1094 0.254837942716081
1095 0.254618851173796
1096 0.254386534704637
1097 0.254421449699224
1098 0.254189999887603
1099 0.253958744157685
1100 0.254576764655098
1101 0.254436032897153
1102 0.254338043665378
1103 0.254205166715177
1104 0.254409701180778
1105 0.254717644260230
1106 0.254488611383408
1107 0.255080623949074
1108 0.255635454128445
1109 0.255923714069331
1110 0.255933121019029
1111 0.256390817275345
1112 0.256742446190408
1113 0.256524058781160
1114 0.256314256908246
1115 0.256390981840776
1116 0.256585829046929
1117 0.256426150268342
1118 0.256200327859021
1119 0.255999009579445
1120 0.256580428686072
1121 0.256354610153998
1122 0.256388212942407
1123 0.256614508410063
1124 0.256386568919820
1125 0.256865761576627
1126 0.256652805664931
1127 0.256430459771403
1128 0.256203967152045
1129 0.255978602788678
1130 0.256071647270883
1131 0.255845283364259
1132 0.255619335847816
1133 0.255424066175506
1134 0.255611905922034
1135 0.255689214581653
1136 0.255481002334129
1137 0.256135007225774
1138 0.256408351643999
1139 0.256626560110978
1140 0.256556046053198
1141 0.256331200595071
1142 0.256173052358840
1143 0.256240448390424
1144 0.256176444227124
1145 0.255973244558039
1146 0.256336055937171
1147 0.256396784373462
1148 0.256792015065152
1149 0.256573342816596
1150 0.256619406262961
1151 0.257203184635735
1152 0.257066373181871
1153 0.256862698473402
1154 0.256729261750710
1155 0.256528081559263
1156 0.256492535179484
1157 0.256671255258903
1158 0.256645420983553
1159 0.256520181798503
1160 0.256317228617712
1161 0.256108818849044
1162 0.255890276905086
1163 0.255749097159792
1164 0.255931155073606
1165 0.256386708043969
1166 0.256170338114263
1167 0.256510635157192
1168 0.257048167982703
1169 0.257328308770746
1170 0.257909035995673
1171 0.258249663864193
1172 0.258324358767429
1173 0.258122865516832
1174 0.257975088141857
1175 0.258036479220241
1176 0.257887906429296
1177 0.257882299859007
1178 0.257727226588004
1179 0.257606854911813
1180 0.257571448065008
1181 0.257399073663929
1182 0.257300726945281
1183 0.257569666176843
1184 0.258098725402868
1185 0.257910616460705
1186 0.257760947210440
1187 0.257968234422199
1188 0.257765701347891
1189 0.257866882924761
1190 0.258027714523811
1191 0.257971157355921
1192 0.257760488084075
1193 0.257792092940511
1194 0.257627544084109
1195 0.257437102926894
1196 0.257830028057772
1197 0.257652193833877
1198 0.257440226711392
1199 0.257452823903936
1200 0.257937082690223
1201 0.258007143459566
1202 0.257798080688213
1203 0.257617069561444
1204 0.257846934556451
1205 0.257674944059904
1206 0.257480212781641
1207 0.257398969657719
1208 0.257682071342028
1209 0.257477642638072
1210 0.257265462696447
1211 0.257280568790448
1212 0.257840708560111
1213 0.257789396716717
1214 0.257805842782863
1215 0.257845024141182
1216 0.257706952826458
1217 0.257711586685691
1218 0.257536362393742
1219 0.257693011191938
1220 0.257482662953150
1221 0.257273137605887
1222 0.257261303333309
1223 0.257066725030194
1224 0.257213310031446
1225 0.257168932605137
1226 0.257416854934393
1227 0.257323606864357
1228 0.257120894817288
1229 0.256923749275827
1230 0.257437848771941
1231 0.257275150038240
1232 0.257122971675584
1233 0.257241233247425
1234 0.257368736012004
1235 0.257694253618960
1236 0.257495042780822
1237 0.257287533172868
1238 0.257083930472448
1239 0.256879300641051
1240 0.256688141991880
1241 0.256494714860569
1242 0.257057908903089
1243 0.256851659139343
1244 0.257230828120785
1245 0.257053605455368
1246 0.257596348856317
1247 0.257391233768208
1248 0.257334384021266
1249 0.257138643232346
1250 0.256952808762820
1251 0.256788018610385
1252 0.256651959344001
1253 0.256447149302855
1254 0.256243112408904
1255 0.256234234649928
1256 0.256044487680646
1257 0.255846755214560
1258 0.256063323886282
1259 0.255861718880482
1260 0.255783623612603
1261 0.255580890078244
1262 0.255381016660454
1263 0.255181838571170
1264 0.255231483060363
1265 0.255176777085604
1266 0.254975215998187
1267 0.254874657154706
1268 0.254758144747888
1269 0.254619684370897
1270 0.254424597001877
1271 0.254224935510238
1272 0.254041002074960
1273 0.253949030190116
1274 0.253805807069239
1275 0.253617288419820
1276 0.253421900188943
1277 0.253223468015982
1278 0.253719236868363
1279 0.253617619292447
1280 0.253554897946748
1281 0.253359526576206
1282 0.253871886043360
1283 0.253850658905370
1284 0.253686876676034
1285 0.253796468273594
1286 0.254028833567341
1287 0.253920163928376
1288 0.253740371972752
1289 0.253636002771636
1290 0.253638403954969
1291 0.253441939305334
1292 0.253253824459238
1293 0.253058403933458
1294 0.252901524062395
1295 0.252706562640192
1296 0.252515824026712
1297 0.253021425298163
1298 0.253467109060830
1299 0.253462534474457
1300 0.253268667251097
1301 0.253825393067656
1302 0.253906526311737
1303 0.254134251339433
1304 0.254050631872429
1305 0.253877686550479
1306 0.253738428242515
1307 0.254122302961895
1308 0.253944746289370
1309 0.254041072773257
1310 0.253982489438596
1311 0.253793158538218
1312 0.253640651709312
1313 0.253447991477501
1314 0.253392410912206
1315 0.253480198336198
1316 0.253932878299504
1317 0.254097923829029
1318 0.254000501976236
1319 0.253808222756160
1320 0.254361392625225
1321 0.254168841226880
1322 0.254418984476617
1323 0.254325369323178
1324 0.254155738603419
1325 0.254253613478275
1326 0.254248991292269
1327 0.254084456126740
1328 0.254398600643923
1329 0.254207395015499
1330 0.254033343095639
1331 0.253916675504879
1332 0.253869881275514
1333 0.253704762573579
1334 0.253629128329574
1335 0.253470942279391
1336 0.253364702464737
1337 0.253307242135540
1338 0.253117939107930
1339 0.252952415162464
1340 0.252822143017865
1341 0.252679085034883
1342 0.253195640032780
1343 0.253633322660524
1344 0.253624033459272
1345 0.253848869558265
1346 0.253701804264585
1347 0.253550470474652
1348 0.254004980181771
1349 0.253818174809856
1350 0.254241137356514
1351 0.254062937817864
1352 0.253896687145816
1353 0.254295432001214
1354 0.254211823350545
1355 0.254092942846670
1356 0.253941836698426
1357 0.253793702888998
1358 0.253802673476901
1359 0.253687231763532
1360 0.253810353086938
1361 0.253772101637548
1362 0.254026822070738
1363 0.254000176272902
1364 0.253960977444425
1365 0.253872832545130
1366 0.253692286546416
1367 0.253729789231859
1368 0.253545494656432
1369 0.253517774166950
1370 0.253735349802670
1371 0.253865967520487
1372 0.253681076150947
1373 0.253499067558767
1374 0.253597389256821
1375 0.253793970643155
1376 0.253773445691573
1377 0.254055914080401
1378 0.254389973868655
1379 0.254210263269245
1380 0.254026201482925
1381 0.254338313652364
1382 0.254391651642776
1383 0.254578004263587
1384 0.254424481023527
1385 0.254240991636859
1386 0.254065578751605
1387 0.253886067693910
1388 0.253703226776344
1389 0.253652234437470
1390 0.253764484948695
1391 0.253618219039835
1392 0.253640841245117
1393 0.253604825270942
1394 0.253476559538109
1395 0.253295910434162
1396 0.253249340404814
1397 0.253265966462441
1398 0.253720169804980
1399 0.253719461783480
1400 0.253554347354696
1401 0.253373366653597
1402 0.253197112085978
1403 0.253108865162347
1404 0.253136410814568
1405 0.253572705832347
1406 0.253484386669694
1407 0.253721730257384
1408 0.253547234684897
1409 0.253892759306038
1410 0.253924544035185
1411 0.253744722271277
1412 0.253684556351681
1413 0.253505729371759
1414 0.253478695647172
1415 0.253391329695503
1416 0.253560543773873
1417 0.253402638895175
1418 0.253523601434171
1419 0.253796878615166
1420 0.253620722422178
1421 0.253847348697093
1422 0.254102076808431
1423 0.254064285786498
1424 0.253893772868243
1425 0.253724037072924
1426 0.253991675037040
1427 0.254039603782352
1428 0.254059544775555
1429 0.254057685932950
1430 0.253880109756131
1431 0.253862141798947
1432 0.253686918516754
1433 0.253513737287321
1434 0.253786448085306
1435 0.253641072144550
1436 0.253470898187143
1437 0.253299082540055
1438 0.253166871882409
1439 0.253066317718091
1440 0.253327765652086
1441 0.253260399328173
1442 0.253297826256070
1443 0.253393608884977
1444 0.253505698592545
1445 0.253334244619451
1446 0.253480705955805
1447 0.253306366697965
1448 0.253242203219979
1449 0.253542148991905
1450 0.253475588312476
1451 0.253850773515988
1452 0.253811910768503
1453 0.253915323189077
1454 0.253740708290100
1455 0.253576414462876
1456 0.253406214304018
1457 0.253232391426351
1458 0.253323658240984
1459 0.253172726589267
1460 0.253175399414836
1461 0.253290533710263
1462 0.253202024933841
1463 0.253181326726989
1464 0.253016198754352
1465 0.253501159489821
1466 0.253338818712366
1467 0.253194087666111
1468 0.253283722404864
1469 0.253475734109034
1470 0.253798206283891
1471 0.254013418987321
1472 0.253885969100989
1473 0.253983237876690
1474 0.253879252373771
1475 0.253716148901746
1476 0.253759294809516
1477 0.253612162292139
1478 0.253531076957315
1479 0.253359694266912
1480 0.253203005208920
1481 0.253032111364273
1482 0.252861374447630
1483 0.252948276397672
1484 0.252984857226430
1485 0.253010398851199
1486 0.252840598781263
1487 0.252694379146040
1488 0.252739547757545
1489 0.252586597217975
1490 0.252418646161545
1491 0.252249817537800
1492 0.252184599228341
1493 0.252217315181364
1494 0.252059503570968
1495 0.251893500553506
1496 0.251838764377864
1497 0.251672070845737
1498 0.252031149941605
1499 0.251865545356523
1500 0.251812602311552
1501 0.251682486503923
1502 0.251523707261604
1503 0.251417975789263
1504 0.251250824815429
1505 0.251223836903068
1506 0.251324139690008
1507 0.251295563844273
1508 0.251293355727777
1509 0.251300443917054
1510 0.251320529190014
1511 0.251161883128308
1512 0.251013852372503
1513 0.251066250948016
1514 0.250940391088926
1515 0.250784603778707
1516 0.250697349827777
1517 0.250801762908895
1518 0.250929702963946
1519 0.250925856367877
1520 0.250761847689807
1521 0.250818213931985
1522 0.250655818725661
1523 0.250540044642272
1524 0.250379573465133
1525 0.250220862499316
1526 0.250607545285544
1527 0.250614066758420
1528 0.250489574926365
1529 0.250455414945160
1530 0.250876767312170
1531 0.250934124819683
1532 0.251059500481262
1533 0.251015863257937
1534 0.250943378615043
1535 0.250781388531037
1536 0.251241835613409
1537 0.251509087080683
1538 0.251652869304323
1539 0.251510370274794
1540 0.251752231500297
1541 0.251593617472009
1542 0.251917647382690
1543 0.251833595532906
1544 0.251685141213282
1545 0.251539898596020
1546 0.251577542093585
1547 0.251421305958549
1548 0.251332795458001
1549 0.251284017836948
1550 0.251692394746528
1551 0.252073729110278
1552 0.252299356738872
1553 0.252168787110630
1554 0.252053007821964
1555 0.251954637776686
1556 0.251809353586637
1557 0.251695454182539
1558 0.251908387837074
1559 0.251793908136477
1560 0.251632786901559
1561 0.251701285306534
1562 0.251614816225453
1563 0.251481992545020
1564 0.251326472901287
1565 0.251309521027966
1566 0.251154498847744
1567 0.250996129732514
1568 0.250940751423237
1569 0.251061628529313
1570 0.250915697871349
1571 0.250765688736029
1572 0.250611057605223
1573 0.250790976969335
1574 0.250753383495615
1575 0.250594798066914
1576 0.250457690773167
1577 0.250676177393913
1578 0.250962362304604
1579 0.250804478049345
1580 0.250646261158352
1581 0.250487729029333
1582 0.250441047207736
1583 0.250282944645557
1584 0.250181908932329
1585 0.250025562378875
1586 0.249882542634044
1587 0.250310159493560
1588 0.250329861816028
1589 0.250313373178832
1590 0.250232880295303
1591 0.250109613708593
1592 0.250009018793310
1593 0.249949763412066
1594 0.250369973526077
1595 0.250257652653200
1596 0.250372771792531
1597 0.250224318074053
1598 0.250101230653178
1599 0.250027171416329
1600 0.250047871280922
1601 0.249953655219782
1602 0.249797669073995
1603 0.249643604635367
1604 0.249954742041442
1605 0.250161180294037
1606 0.250015399617048
1607 0.250245760428339
1608 0.250522158423423
1609 0.250366462556257
1610 0.250293783794802
1611 0.250319499809599
1612 0.250407685396747
1613 0.250752459755940
1614 0.250614868758423
1615 0.250869198291964
1616 0.251235474885170
1617 0.251567180140179
1618 0.251416046100433
1619 0.251274991596682
1620 0.251394335110771
1621 0.251334669910286
1622 0.251337945260896
1623 0.251198826067646
1624 0.251079727163260
1625 0.251092017521652
1626 0.251256524217198
1627 0.251105824972328
1628 0.250958405446407
1629 0.250915103177169
1630 0.250786381650166
1631 0.250869170626285
1632 0.251043657440764
1633 0.250889926642406
1634 0.250736427287598
1635 0.250715961665768
1636 0.250577112858054
1637 0.250509699821355
1638 0.250879485487623
1639 0.250763108550922
1640 0.250610241240865
1641 0.250513839528048
1642 0.250386399461603
1643 0.250236123044532
1644 0.250297725488141
1645 0.250468777834396
1646 0.250324151362345
1647 0.250204481882682
1648 0.250111577916218
1649 0.250144723017460
1650 0.250116659192454
1651 0.250255894967559
1652 0.250212661028049
1653 0.250182115907633
1654 0.250191444892123
1655 0.250163192393212
1656 0.250507816621640
1657 0.250363561215639
1658 0.250341974800609
1659 0.250200344856574
1660 0.250077929482404
1661 0.249969241012507
1662 0.249818941927148
1663 0.249750753128257
1664 0.249785426892786
1665 0.250032135790913
1666 0.249922969776159
1667 0.250063849433221
1668 0.250044106650574
1669 0.249967805893054
1670 0.249821170735024
1671 0.249671693811451
1672 0.249650131945134
1673 0.249507199691411
1674 0.249395430587501
1675 0.249261035428123
1676 0.249199199317183
1677 0.249082320766845
1678 0.248937410685450
1679 0.249070140004075
1680 0.249338603479869
1681 0.249198997866407
1682 0.249050864838998
1683 0.248970417692829
1684 0.249018110908199
1685 0.248873348962063
1686 0.248744749713628
1687 0.249078464845962
1688 0.249020668660042
1689 0.249131266803329
1690 0.249258463889812
1691 0.249165787853405
1692 0.249150870441546
1693 0.249128473968086
1694 0.249309921906976
1695 0.249162836906756
1696 0.249440975447627
1697 0.249609034942418
1698 0.249701513371594
1699 0.249599829910475
1700 0.249743927212217
1701 0.249922449630268
1702 0.249820543613804
1703 0.249938606074563
1704 0.249900475533973
1705 0.249772780488692
1706 0.249635828129579
1707 0.249943013146090
1708 0.249798295627233
1709 0.249662493536411
1710 0.249915166082726
1711 0.249809987531340
1712 0.249664074150344
1713 0.249903803091165
1714 0.250188688654056
1715 0.250043991047579
1716 0.250147965796915
1717 0.250002320866858
1718 0.249870835353269
1719 0.249732451665615
1720 0.249917455268485
1721 0.250148007978598
1722 0.250381982116365
1723 0.250236665524634
1724 0.250583274629250
1725 0.250627660585157
1726 0.250868723078762
1727 0.251275812088213
1728 0.251305056985379
1729 0.251251824513345
1730 0.251127397626366
1731 0.251133716175777
1732 0.251043745244855
1733 0.250899439714349
1734 0.250926062543412
1735 0.251103243455133
1736 0.251018936132440
1737 0.250950712300976
1738 0.250867650633613
1739 0.250726237436454
1740 0.250688419425086
1741 0.250588228452940
1742 0.250444661929742
1743 0.250681331267630
1744 0.250684325847146
1745 0.250672551025777
1746 0.250536233278379
1747 0.250412686947518
1748 0.250271627756544
1749 0.250501651203099
1750 0.250499006760487
1751 0.250404464319354
1752 0.250390563726957
1753 0.250519624882576
1754 0.250377660380327
1755 0.250255648242778
1756 0.250162019577239
1757 0.250232157798871
1758 0.250095305924709
1759 0.250041189687085
1760 0.249973025088805
1761 0.249966456043564
1762 0.250066584491063
1763 0.249924837122345
1764 0.249928532112007
1765 0.249791525103434
1766 0.249655360744793
1767 0.249551664639966
1768 0.249949492592833
1769 0.249808320206337
1770 0.249731648190528
1771 0.249687146587520
1772 0.249600592038606
1773 0.249724526069006
1774 0.249593720858318
1775 0.249849352502029
1776 0.249709062667062
1777 0.249591183775842
1778 0.249454483376496
1779 0.249327017731968
1780 0.249669238015805
1781 0.249712451501183
1782 0.249574015763355
1783 0.249711937471862
1784 0.249590287366277
1785 0.249985809560711
1786 0.250112922402280
1787 0.250509698565796
1788 0.250810745408384
1789 0.250692115622799
1790 0.250567105606490
1791 0.250683406003484
1792 0.250757203505389
1793 0.250618574260864
1794 0.250501135937615
1795 0.250569667119596
1796 0.250781896940725
1797 0.250642437730156
1798 0.250595854526838
1799 0.250998001141096
1800 0.250912558231206
1801 0.251144363206206
1802 0.251061898870094
1803 0.250978293026893
1804 0.250839188886244
1805 0.250774138540537
1806 0.250674549590897
1807 0.250584289519580
1808 0.250778039529019
1809 0.250865530710705
1810 0.250885673267112
1811 0.250832900789522
1812 0.250700769523871
1813 0.250742533883314
1814 0.251000566342676
1815 0.251184585199421
1816 0.251216261337359
1817 0.251133798280261
1818 0.251224659787942
1819 0.251117254960231
1820 0.251002660636367
1821 0.251310864780524
1822 0.251172980666412
1823 0.251531167155682
1824 0.251396618497402
1825 0.251395635747120
1826 0.251257994223510
1827 0.251139871590159
1828 0.251543766915195
1829 0.251406243963054
1830 0.251417301042163
1831 0.251533977218404
1832 0.251650103615925
1833 0.251593709324001
1834 0.251699634956520
1835 0.251687058929975
1836 0.252046331198367
1837 0.252047495079035
1838 0.251939601986513
1839 0.251929922288577
1840 0.251859409638569
1841 0.252025636857698
1842 0.251958180852891
1843 0.251832886730529
1844 0.251778739486071
1845 0.251913810302450
1846 0.251802052138787
1847 0.252034162798090
1848 0.252266961116816
1849 0.252132086874969
1850 0.252319835308397
1851 0.252293941137374
1852 0.252172906829364
1853 0.252042173933752
1854 0.252033922055397
1855 0.252114493125560
1856 0.252166644566755
1857 0.252382127792539
1858 0.252247394247346
1859 0.252118743999871
1860 0.252015581736290
1861 0.251904694638186
1862 0.251771034427807
1863 0.251824849926745
1864 0.251689762316374
1865 0.251735860313383
1866 0.251612032103203
1867 0.251850974839119
1868 0.251882393885392
1869 0.251752771155235
1870 0.251625967279163
1871 0.251656472268064
1872 0.251759368994766
1873 0.251678739122738
1874 0.251914484024975
1875 0.251955019579058
1876 0.252150237144127
1877 0.252139167518047
1878 0.252285511170380
1879 0.252161503071523
1880 0.252462056174766
1881 0.252738030795168
1882 0.252651659776162
1883 0.252846213573293
1884 0.252715194363889
1885 0.252801749402458
1886 0.252774576150875
1887 0.252805220985366
1888 0.252899353593683
1889 0.253004923698503
1890 0.252890544532706
1891 0.253008387405796
1892 0.253116858420195
1893 0.252990081463124
1894 0.252856518533157
1895 0.252869993905529
1896 0.252846720450162
1897 0.252765237883188
1898 0.252658617828401
1899 0.252527292747858
1900 0.252453815039751
1901 0.252619213622478
1902 0.252506868530079
1903 0.252769802884881
1904 0.253083077217723
1905 0.253006659043441
1906 0.252884464313096
1907 0.253111007483838
1908 0.253077351563437
1909 0.252949268468712
1910 0.252849357143812
1911 0.252717089781623
1912 0.252671905439381
1913 0.252902874045930
1914 0.253071577948287
1915 0.252950877702624
1916 0.252888896807801
1917 0.253184152303283
1918 0.253367443289112
1919 0.253746531860112
1920 0.253909126538185
1921 0.253780396139643
1922 0.253937031618417
1923 0.253840036363973
1924 0.253753849263188
1925 0.253990157901242
1926 0.253864503095093
1927 0.253735413410628
1928 0.253603808849003
1929 0.253472370138834
1930 0.253603919986590
1931 0.253514152986338
1932 0.253389688349184
1933 0.253456439938501
1934 0.253333847776328
1935 0.253371673848018
1936 0.253267401445812
1937 0.253288977673910
1938 0.253243001435573
1939 0.253403911150266
1940 0.253273328380742
1941 0.253145473922230
1942 0.253048439688522
1943 0.252968825607766
1944 0.252840492012965
1945 0.252713575741372
1946 0.252805085699565
1947 0.252679667808720
1948 0.252996015298401
1949 0.253355076746531
1950 0.253588324039560
1951 0.253587716718423
1952 0.253457856735069
1953 0.253756491438009
1954 0.253717433260587
1955 0.253587966051636
1956 0.253471528675924
1957 0.253357341239574
1958 0.253379406316761
1959 0.253281603479047
1960 0.253159349024666
1961 0.253058034780363
1962 0.252929590899144
1963 0.252801074661558
1964 0.252943213590685
1965 0.252817873630947
1966 0.252738620440426
1967 0.252620249322764
1968 0.252504579757179
1969 0.252422791947533
1970 0.252513618003358
1971 0.252734005053268
1972 0.252606566080306
1973 0.252589934821518
1974 0.252465181180614
1975 0.252665092180523
1976 0.252595783059229
1977 0.252932060251609
1978 0.253089548936487
1979 0.253153122732994
1980 0.253071276862690
1981 0.252956202223164
1982 0.253186525205950
1983 0.253087798501131
1984 0.253026184868293
1985 0.253006649084496
1986 0.252972593793656
1987 0.252921654021362
1988 0.252794480330140
1989 0.252667388141329
1990 0.252546923911932
1991 0.252493572529901
1992 0.252563591001824
1993 0.252439433197293
1994 0.252312858827963
1995 0.252206977068013
1996 0.252080640664607
1997 0.252062446844385
1998 0.252401177023340
1999 0.252577650981916
2000 0.252682650522055
2001 0.252606345557378
2002 0.252938898011363
2003 0.252833475938733
2004 0.252715748792213
2005 0.252607658594229
2006 0.252499981484953
2007 0.252414642331473
2008 0.252306461320318
2009 0.252181263912039
2010 0.252056430409105
2011 0.252304501843244
2012 0.252179123036342
2013 0.252332933674555
2014 0.252207930672177
2015 0.252143219279595
2016 0.252299656289280
2017 0.252252582242196
2018 0.252204322727943
2019 0.252284420781872
2020 0.252175331582274
2021 0.252096840794125
2022 0.251977743570930
2023 0.251900374393632
2024 0.252125910145150
2025 0.252205814228394
2026 0.252140673361913
2027 0.252274238380752
2028 0.252216213138681
2029 0.252283719013423
2030 0.252272267179898
2031 0.252163227819692
2032 0.252039180399071
2033 0.252081785171649
2034 0.252216677046698
2035 0.252185474504963
2036 0.252226877996255
2037 0.252103063022415
2038 0.252036080876619
2039 0.251923736512040
2040 0.252021980925528
2041 0.252180491714288
2042 0.252111116664526
2043 0.251991695232895
2044 0.252130130434042
2045 0.252395011530793
2046 0.252730579654962
2047 0.252613659692345
2048 0.252528010788231
2049 0.252655943873217
2050 0.252550280086999
2051 0.252441677558196
2052 0.252757132119842
2053 0.252666142838289
2054 0.252705536913869
2055 0.253048954778879
2056 0.252946412257402
2057 0.252844883621374
2058 0.252759021574715
2059 0.252657405984175
2060 0.252855455971694
2061 0.252911990631600
2062 0.252799151932745
2063 0.252690352839460
2064 0.252849108392108
2065 0.252860985557596
2066 0.252738619552036
2067 0.252617433467738
2068 0.252495455483495
2069 0.252494389887503
2070 0.252398736396615
2071 0.252319817922794
2072 0.252315223745540
2073 0.252215583878713
2074 0.252101848973365
2075 0.252031282490913
2076 0.252005576084457
2077 0.251884707428564
2078 0.252112031118807
2079 0.252468297768718
2080 0.252346923431060
2081 0.252228090216228
2082 0.252432081729332
2083 0.252310925558048
2084 0.252194434630723
2085 0.252073542085497
2086 0.251962791913921
2087 0.251844142340161
2088 0.251825091055182
2089 0.251728185740468
2090 0.251617373835958
2091 0.251963599636479
2092 0.252197457717184
2093 0.252085601804270
2094 0.252238284765282
2095 0.252513144230786
2096 0.252394339257917
2097 0.252273983747098
2098 0.252459513223433
2099 0.252405098054798
2100 0.252286664998293
2101 0.252278334590617
2102 0.252232603448897
2103 0.252115895453423
2104 0.252034020900607
2105 0.251925535021224
2106 0.251882507988153
2107 0.251772356558873
2108 0.251780630037987
2109 0.251667750298376
2110 0.251561976011387
2111 0.251461003435590
2112 0.251642185363841
2113 0.251523231328659
2114 0.251784188434453
2115 0.251694399178960
2116 0.251575522522700
2117 0.251456916204982
2118 0.251719450318199
2119 0.251607086277646
2120 0.251539183184828
2121 0.251712694794501
2122 0.251626310062158
2123 0.251508721087268
2124 0.251391626189469
2125 0.251342385346025
2126 0.251224279719285
2127 0.251364213716182
2128 0.251246310490615
2129 0.251153478248046
2130 0.251047691124912
2131 0.251298524406150
2132 0.251180921947811
2133 0.251153747483538
2134 0.251040140511806
2135 0.250927619481667
2136 0.250881060622597
2137 0.251108338523130
2138 0.251324031385375
2139 0.251389781736521
2140 0.251278782637209
2141 0.251425675595808
2142 0.251357986277272
2143 0.251316487832148
2144 0.251200988901387
2145 0.251224696534386
2146 0.251111146369092
2147 0.250998656132499
2148 0.250925940922933
2149 0.250832451024258
2150 0.250716939035918
2151 0.250780606007357
2152 0.250664072270476
2153 0.250547698423186
2154 0.250431542343755
2155 0.250501632490393
2156 0.250398802943769
2157 0.250289423238043
2158 0.250175399159063
2159 0.250266648615829
2160 0.250610721351339
2161 0.250523042002016
2162 0.250409896123962
2163 0.250369483970216
2164 0.250374820428397
2165 0.250387497922179
2166 0.250645084808625
2167 0.250536329323843
2168 0.250638090078344
2169 0.250585345178104
2170 0.250593597206533
2171 0.250621918687662
2172 0.250508715712641
2173 0.250479541852426
2174 0.250770011387262
2175 0.250657348221580
2176 0.250550386112395
2177 0.250719702312840
2178 0.250627909794462
2179 0.250518411799102
2180 0.250675174961091
2181 0.250776649867912
2182 0.250661721883418
2183 0.250547285225568
2184 0.250432599674268
2185 0.250323787211059
2186 0.250221460299595
2187 0.250107048666762
2188 0.249997088710670
2189 0.249948936482121
2190 0.249847062606096
2191 0.249956152121213
2192 0.250097933834229
2193 0.249984093141329
2194 0.249887803814800
2195 0.250175758851218
2196 0.250061961135656
2197 0.249958221657079
2198 0.249867062169131
2199 0.249780464410679
2200 0.249679592357042
2201 0.249610707234278
2202 0.249586726368235
2203 0.249499147532016
2204 0.249386060108743
2205 0.249272963559672
2206 0.249187090428287
2207 0.249074523633373
2208 0.248961842265434
2209 0.248867006534676
2210 0.248819546244982
2211 0.249053149181856
2212 0.248958892697145
2213 0.248903907742986
2214 0.249147420029776
2215 0.249102739881532
2216 0.249008433672754
2217 0.248950285991583
2218 0.248864722704410
2219 0.249070677089533
2220 0.249029639335047
2221 0.249233226584684
2222 0.249327083822946
2223 0.249444872905654
2224 0.249477496096741
2225 0.249426968444879
2226 0.249332700938630
2227 0.249220746253629
2228 0.249438070000363
2229 0.249550817736844
2230 0.249627381473448
2231 0.249940879705650
2232 0.250180232354803
2233 0.250076307348752
2234 0.249977080304660
2235 0.249928307981067
2236 0.250069175550004
2237 0.250061668987119
2238 0.249950204386660
2239 0.249879134397113
2240 0.249767938421269
2241 0.249796608006350
2242 0.249710845813339
2243 0.249599940757494
2244 0.249512626289248
2245 0.249461755088263
2246 0.249735192986985
2247 0.249647950430502
2248 0.249565013185281
2249 0.249756523560412
2250 0.249663311266873
2251 0.249552400490592
2252 0.249441644621388
2253 0.249752649859107
2254 0.249645156644362
2255 0.249612927915607
2256 0.249591371142259
2257 0.249609574976108
2258 0.249531043812529
2259 0.249691918704545
2260 0.249605343781821
2261 0.249511430564904
2262 0.249483087426187
2263 0.249376857431504
2264 0.249366828504549
2265 0.249287768214336
2266 0.249477039603412
2267 0.249573273419299
2268 0.249626904364825
2269 0.249680775026283
2270 0.249963212618933
2271 0.249859396168776
2272 0.250023610030687
2273 0.249953449792442
2274 0.250279550105819
2275 0.250488901534361
2276 0.250765698491741
2277 0.250742554640990
2278 0.250944299587889
2279 0.250942965032541
2280 0.250968442835410
2281 0.250901397685501
2282 0.251025605183433
2283 0.251035907962735
2284 0.251067538263956
2285 0.251020681546786
2286 0.250921515198716
2287 0.250834217824167
2288 0.250795191071191
2289 0.250789833292376
2290 0.251095008167522
2291 0.251001626768435
2292 0.251136252082281
2293 0.251123434964300
2294 0.251385455600070
2295 0.251276669715393
2296 0.251253361933858
2297 0.251157893497789
2298 0.251053189148975
2299 0.251065387975247
2300 0.251057083994886
2301 0.250948236434995
2302 0.250850655593211
2303 0.250939873891149
2304 0.251144124029695
2305 0.251042156631954
2306 0.250939769044046
2307 0.250872111902000
2308 0.250779737697975
2309 0.250697269779929
2310 0.250589718746679
2311 0.250481442073862
2312 0.250509098746188
2313 0.250601877295625
2314 0.250493716156518
2315 0.250807432635105
2316 0.250699559017010
2317 0.250944400316429
2318 0.250986223224473
2319 0.251296642295554
2320 0.251337627509243
2321 0.251606925624738
2322 0.251511162457027
2323 0.251554627107516
2324 0.251551082639105
2325 0.251823299219275
2326 0.251717557375159
2327 0.251666616346622
2328 0.251605713912226
2329 0.251788099302553
2330 0.251858094059058
2331 0.252106258087150
2332 0.252329000984387
2333 0.252231358046899
2334 0.252320261628625
2335 0.252318980829517
2336 0.252211290544467
2337 0.252504728251856
2338 0.252602407891139
2339 0.252873519511413
2340 0.252791331595613
2341 0.252687738311332
2342 0.252998522011908
2343 0.252953707723940
2344 0.252867114295649
2345 0.252761258422249
2346 0.252694725381539
2347 0.252618240309626
2348 0.252510866736898
2349 0.252406646510531
2350 0.252331389218651
2351 0.252235998937180
2352 0.252439737155743
2353 0.252398533485348
2354 0.252510412955192
2355 0.252526105023469
2356 0.252422574798540
2357 0.252328580380084
2358 0.252637481400557
2359 0.252532026005938
2360 0.252426068744382
2361 0.252323538884738
2362 0.252416988296223
2363 0.252329228439229
2364 0.252329648672061
2365 0.252330282132830
2366 0.252241633592639
2367 0.252269855523821
2368 0.252269798645597
2369 0.252405136886053
2370 0.252525342093482
2371 0.252467905216932
2372 0.252378891630820
2373 0.252416848212024
2374 0.252310527341746
2375 0.252359509505129
2376 0.252283713267278
2377 0.252240200122215
2378 0.252413478467202
2379 0.252309067092954
2380 0.252229895841491
2381 0.252151952864354
2382 0.252052027250128
2383 0.251951171023468
2384 0.251851151711779
2385 0.251767782404455
2386 0.251696942582418
2387 0.251651994223960
2388 0.251618688198119
2389 0.251539124388656
2390 0.251830767115680
2391 0.252049365992515
2392 0.251984848184602
2393 0.251879622143555
2394 0.251777647134037
2395 0.251955045125815
2396 0.251850356598003
2397 0.252126426518584
2398 0.252063729355485
2399 0.252016884659579
2400 0.251919825814359
2401 0.251915411581170
2402 0.251818271536953
2403 0.251714405099687
2404 0.251613924452765
2405 0.251512496345332
2406 0.251551774009921
2407 0.251451460434567
2408 0.251582668073326
2409 0.251818789854205
2410 0.251862334333749
2411 0.252057954435502
2412 0.252027862203306
2413 0.251985273494752
2414 0.252090969212320
2415 0.252003216799876
2416 0.251899235421303
2417 0.251795015644090
2418 0.251895362212432
2419 0.252173085413432
2420 0.252272793437186
2421 0.252399609472269
2422 0.252464103783747
2423 0.252363390388551
2424 0.252569512605571
2425 0.252469916362021
2426 0.252616393729483
2427 0.252517896565847
2428 0.252719089942541
2429 0.252615055874988
2430 0.252511130224761
2431 0.252702007885813
2432 0.252604376713210
2433 0.252753830035965
2434 0.252898474467541
2435 0.253125841085205
2436 0.253109466116438
2437 0.253009978432494
2438 0.252906960864038
2439 0.252803341304768
2440 0.252724456661710
2441 0.252739640188580
2442 0.252891447992929
2443 0.252993751440643
2444 0.253266409286746
2445 0.253451610373146
2446 0.253472753770776
2447 0.253562841825265
2448 0.253459992789926
2449 0.253618686274190
2450 0.253520510509525
2451 0.253635100843839
2452 0.253536849468044
2453 0.253493156336438
2454 0.253392602177544
2455 0.253300316359560
2456 0.253197233901876
2457 0.253317770773262
2458 0.253218023130511
2459 0.253115455664529
2460 0.253037870662307
2461 0.253050555136184
2462 0.253153211043742
2463 0.253176304205303
2464 0.253124269152816
2465 0.253021593049899
2466 0.252960473955479
2467 0.252858586035392
2468 0.252759296198601
2469 0.252692570833095
2470 0.252590526288941
2471 0.252517233470607
2472 0.252463255185541
2473 0.252361690590099
2474 0.252261195910890
2475 0.252193601726234
2476 0.252485771513879
2477 0.252612472692904
2478 0.252510657594212
2479 0.252641076598301
2480 0.252699097143777
2481 0.252601318930024
2482 0.252658353890950
2483 0.252566040393922
2484 0.252533196685735
2485 0.252810052987844
2486 0.252785159419619
2487 0.252683615081288
2488 0.252742235148651
2489 0.252698790392466
2490 0.252788389346665
2491 0.252713926692629
2492 0.252646643480942
2493 0.252616028155679
2494 0.252539500210871
2495 0.252614629954731
2496 0.252569264536536
2497 0.252673907918562
2498 0.252642114826806
2499 0.252542065583210
2500 0.252567152954505
2501 0.252681569699171
2502 0.252582000605762
2503 0.252800446741688
2504 0.252872210035507
2505 0.252771970344454
2506 0.252964923262257
2507 0.252868444208255
2508 0.252801444451115
2509 0.252700987325927
2510 0.252660201382040
2511 0.252772430841289
2512 0.252733063736211
2513 0.252632664127564
2514 0.252717563937488
2515 0.252657460105525
2516 0.252588579886394
2517 0.252679868315472
2518 0.252714243688408
2519 0.252656493696216
2520 0.252575408404484
2521 0.252540485656497
2522 0.252661489603756
2523 0.252588634094925
2524 0.252671521507590
2525 0.252920049200030
2526 0.253111381145320
2527 0.253056082840689
2528 0.253001659113350
2529 0.252913005277500
2530 0.252975252412240
2531 0.253268712196960
2532 0.253176825085537
2533 0.253080751144797
2534 0.252981733397756
2535 0.252882527846201
2536 0.252782904602813
2537 0.252686052849243
2538 0.252801654569005
2539 0.252806780635888
2540 0.253071732091279
2541 0.253003595185022
2542 0.252911593291871
2543 0.252916614682563
2544 0.252822636936667
2545 0.252831412560575
2546 0.253066203924144
2547 0.252968602304668
2548 0.252874493183390
2549 0.252775469685517
2550 0.252866996338505
2551 0.252837885470801
2552 0.252900870943984
2553 0.252947006302831
2554 0.252986544572432
2555 0.253146115180936
2556 0.253110399873024
2557 0.253160730588270
2558 0.253061837665585
2559 0.252962954404599
2560 0.252864762042792
2561 0.252781301585052
2562 0.252711653467561
2563 0.252637659103349
2564 0.252662758118092
2565 0.252569725185962
2566 0.252520361459380
2567 0.252449534655421
2568 0.252373161964116
2569 0.252275064007937
2570 0.252176920171938
2571 0.252078845982027
2572 0.252266343157337
2573 0.252445367843691
2574 0.252395845067419
2575 0.252427831724715
2576 0.252399057611876
2577 0.252514059968148
2578 0.252509381365383
2579 0.252705253652495
2580 0.252616806632732
2581 0.252526699324570
2582 0.252513192308110
2583 0.252417637030171
2584 0.252320030171992
2585 0.252226995322284
2586 0.252227142163747
2587 0.252450411213191
2588 0.252404600756054
2589 0.252349889414835
2590 0.252497611380328
2591 0.252410559542775
2592 0.252451390313351
2593 0.252521742968829
2594 0.252555575047351
2595 0.252460021179865
2596 0.252536767136636
2597 0.252500641234386
2598 0.252413948899702
2599 0.252331542289346
2600 0.252605901247001
2601 0.252515706223012
2602 0.252504151851021
2603 0.252410365444461
2604 0.252579555165321
2605 0.252496177447660
2606 0.252425794840385
2607 0.252345182321221
2608 0.252324042740343
2609 0.252227885027195
2610 0.252139583325057
2611 0.252085874557321
2612 0.251989938848558
2613 0.251988177797301
2614 0.251895225961276
2615 0.251800046021309
2616 0.251730962282327
2617 0.251686530607262
2618 0.251590437540558
2619 0.251497794093031
2620 0.251424562668514
2621 0.251329478083337
2622 0.251587732343887
2623 0.251701957769994
2624 0.251929294067503
2625 0.251947552992919
2626 0.251855752859467
2627 0.251808243706327
2628 0.251768692823243
2629 0.251678134060512
2630 0.251881704834782
2631 0.251790713690760
2632 0.251738074910413
2633 0.251934576631672
2634 0.252200197507749
2635 0.252165839347750
2636 0.252070290702018
2637 0.252056771422797
2638 0.251962204088021
2639 0.252067659381754
2640 0.251972323532442
2641 0.252024085185124
2642 0.252263600054871
2643 0.252207603104556
2644 0.252117437516647
2645 0.252023646197295
2646 0.252250414871763
2647 0.252161949212073
2648 0.252115619738373
2649 0.252204005530041
2650 0.252124536863988
2651 0.252061132443983
2652 0.252221297435503
2653 0.252146197556560
2654 0.252088529497557
2655 0.251993750225320
2656 0.252164441818099
2657 0.252333559356579
2658 0.252258624970326
2659 0.252215393273155
2660 0.252358236999237
2661 0.252580520275320
2662 0.252505909750020
2663 0.252412624233400
2664 0.252321183911788
2665 0.252316084027150
2666 0.252221454676301
2667 0.252126883856959
2668 0.252032838484313
2669 0.251938409053095
2670 0.251859433827378
2671 0.251868342547235
2672 0.251785538009724
2673 0.251691404627667
2674 0.251612557060472
2675 0.251546301242983
2676 0.251452338879797
2677 0.251377235088525
2678 0.251283771345281
2679 0.251310938898240
2680 0.251459437426447
2681 0.251495426827780
2682 0.251411179711110
2683 0.251356398734907
2684 0.251470341031069
2685 0.251488487454348
2686 0.251405493055073
2687 0.251569274698440
2688 0.251615234480925
2689 0.251523166933391
2690 0.251448209574964
2691 0.251421072730652
2692 0.251402001415035
2693 0.251532977253747
2694 0.251482158665071
2695 0.251410228898704
2696 0.251354064777560
2697 0.251333075369964
2698 0.251239929309855
2699 0.251210643369134
2700 0.251206115839010
2701 0.251139311571125
2702 0.251279328290604
2703 0.251266050441624
2704 0.251412986608436
2705 0.251323597450405
2706 0.251558335082280
2707 0.251834250419173
2708 0.251742228999951
2709 0.251661365181101
2710 0.251721937071019
2711 0.251630518030520
2712 0.251541444111334
2713 0.251567386466543
2714 0.251620491734255
2715 0.251719798662883
2716 0.251627216079472
2717 0.251535526423780
2718 0.251450350695861
2719 0.251362003520569
2720 0.251390236268324
2721 0.251398756595338
2722 0.251425511736149
2723 0.251592699698299
2724 0.251510708145099
2725 0.251437844891819
2726 0.251395969804966
2727 0.251654790157826
2728 0.251563201843721
2729 0.251593754088926
2730 0.251503462529713
2731 0.251456665223711
2732 0.251421106029184
2733 0.251396554507396
2734 0.251534526929316
2735 0.251442632445887
2736 0.251559444475347
2737 0.251468330370239
2738 0.251376491040599
2739 0.251426417470931
2740 0.251487746165535
2741 0.251450630611273
2742 0.251368012676798
2743 0.251354231121365
2744 0.251288771729721
2745 0.251217009971235
2746 0.251125533312847
2747 0.251050159311040
2748 0.250987109118040
2749 0.251200704692892
2750 0.251180800968683
2751 0.251089636829055
2752 0.251178838621799
2753 0.251091280066864
2754 0.251031784173867
2755 0.250940831803054
2756 0.250893516652479
2757 0.251137139049331
2758 0.251207542851526
2759 0.251116563985673
2760 0.251025598400624
2761 0.250934692010532
2762 0.250844133004319
2763 0.250762369672619
2764 0.250899306765314
2765 0.250810167451602
2766 0.250720811240674
2767 0.250868526699963
2768 0.250777994857954
2769 0.250774605693191
2770 0.250706917060573
2771 0.250778540175995
2772 0.250805964299651
2773 0.250719157229901
2774 0.250633012316808
2775 0.250612587507313
2776 0.250569807679061
2777 0.250638563561030
2778 0.250707481129145
2779 0.250860707639665
2780 0.250789801747074
2781 0.250791862644865
2782 0.250961386630536
2783 0.251006956982973
2784 0.251024156240394
2785 0.251227911653096
2786 0.251137990126967
2787 0.251213917389998
2788 0.251148571325510
2789 0.251084407624995
2790 0.251061053509257
2791 0.250971183409877
2792 0.251096894649157
2793 0.251009554145272
2794 0.251159667354241
2795 0.251074949001691
2796 0.250998482644260
2797 0.250908867448654
2798 0.250819195613626
2799 0.250922000620260
2800 0.251085451945090
2801 0.250995810592259
2802 0.250909169675381
2803 0.250823873099271
2804 0.250746717239101
2805 0.250671894612532
2806 0.250639601107651
2807 0.250551327374451
2808 0.250480008896224
2809 0.250412702487455
2810 0.250326420583613
2811 0.250312995839535
2812 0.250435422031947
2813 0.250625936970092
2814 0.250537600694119
2815 0.250448826738947
2816 0.250364071390676
2817 0.250299198917981
2818 0.250210378106121
2819 0.250127025801985
2820 0.250045719988136
2821 0.249961917240413
2822 0.249881662719889
2823 0.249944999821737
2824 0.249926546671847
2825 0.249838198968203
2826 0.249749920000522
2827 0.249754033703526
2828 0.249725359341492
2829 0.249646121584134
2830 0.249558103093633
2831 0.249484239611665
2832 0.249549822787399
2833 0.249583381956700
2834 0.249545100187883
2835 0.249525611767496
2836 0.249437934505888
2837 0.249350033005857
2838 0.249277515696710
2839 0.249230445097611
2840 0.249172480825457
2841 0.249095981139793
2842 0.249354485783357
2843 0.249303090833782
2844 0.249324807837092
2845 0.249264257386059
2846 0.249233164889992
2847 0.249186987285441
2848 0.249140066097036
2849 0.249065041463143
2850 0.249026569013800
2851 0.248943432815714
2852 0.248861340273991
2853 0.248912530998578
2854 0.248930569031823
2855 0.248848971739799
2856 0.248869944306155
2857 0.248828419651983
2858 0.248745583099545
2859 0.248845647423195
2860 0.249034681989575
2861 0.248948671338743
2862 0.249039513632947
2863 0.248952629583450
2864 0.248885758707197
2865 0.248823374225494
2866 0.248894454751296
2867 0.248869000176437
2868 0.248782287984017
2869 0.248878758281178
2870 0.248794834483280
2871 0.248708182550030
2872 0.248621712233262
2873 0.248535394242901
2874 0.248545138012938
2875 0.248556307225097
2876 0.248481208518064
2877 0.248628216052899
2878 0.248673367134596
2879 0.248620942820579
2880 0.248535642052738
2881 0.248648977420464
2882 0.248671278101060
2883 0.248642840833771
2884 0.248659808272330
2885 0.248573630825331
2886 0.248491950069921
2887 0.248524748084633
2888 0.248589106008737
2889 0.248517174518473
2890 0.248456983325339
2891 0.248453159242335
2892 0.248367523273246
2893 0.248281922009928
2894 0.248523346490888
2895 0.248470180171714
2896 0.248624365541079
2897 0.248544599682317
2898 0.248460368974886
2899 0.248376376701342
2900 0.248605542158588
2901 0.248520156612517
2902 0.248498171388624
2903 0.248421302420891
2904 0.248646273017774
2905 0.248594311640963
2906 0.248513845965013
2907 0.248523050324969
2908 0.248437691468234
2909 0.248359707787124
2910 0.248448629129341
2911 0.248699088117129
2912 0.248629753268065
2913 0.248544735790318
2914 0.248523221197502
2915 0.248438272015677
2916 0.248353625114430
2917 0.248428941577678
2918 0.248343816774472
2919 0.248258800276136
2920 0.248379411677416
2921 0.248311152026488
2922 0.248233031589974
2923 0.248365973020648
2924 0.248286182112138
2925 0.248409941468020
2926 0.248577593791967
2927 0.248502261287447
2928 0.248431395294735
2929 0.248383839333512
2930 0.248509199455946
2931 0.248427222628655
2932 0.248368637350612
2933 0.248398106982353
2934 0.248313564655214
2935 0.248233130658050
2936 0.248151468051915
2937 0.248071265816406
2938 0.248228364318019
2939 0.248218092832298
2940 0.248189205226445
2941 0.248154850428668
2942 0.248119050248651
2943 0.248214763805301
2944 0.248137975635925
2945 0.248192613922244
2946 0.248128068144581
2947 0.248099864568142
2948 0.248144948589619
2949 0.248269964023634
2950 0.248205054202786
2951 0.248160414967233
2952 0.248091566844829
2953 0.248095257028619
2954 0.248348423101428
2955 0.248264833221029
2956 0.248386534261297
2957 0.248303892905715
2958 0.248252501820812
2959 0.248192533932240
2960 0.248128435518078
2961 0.248045160487918
2962 0.247962092103906
2963 0.248066342099663
2964 0.248022071138681
2965 0.247968722689265
2966 0.248076440163082
2967 0.248003842966891
2968 0.247938702392532
2969 0.247969933863453
2970 0.247922309836231
2971 0.247847094154473
2972 0.247954516152780
2973 0.248188631592887
2974 0.248205141018053
2975 0.248122167147098
2976 0.248187817251151
2977 0.248135513469810
2978 0.248322692062578
2979 0.248266359002157
2980 0.248190986462841
2981 0.248236576216413
2982 0.248153358401020
2983 0.248300975806675
2984 0.248256334484975
2985 0.248308351952299
2986 0.248511995026198
2987 0.248466620421870
2988 0.248389254135418
2989 0.248462820624939
2990 0.248617682073215
2991 0.248534566852217
2992 0.248454702237972
2993 0.248377545626500
2994 0.248305253335751
2995 0.248343291135227
2996 0.248282084202301
2997 0.248385469704566
2998 0.248360206265918
2999 0.248277671989044
3000 0.248207079643329
3001 0.248131475479609
3002 0.248049395964457
3003 0.247975460372157
3004 0.248007118200785
3005 0.247963156456326
3006 0.247883901710387
3007 0.247811325167968
3008 0.247922718955249
3009 0.247864835826933
3010 0.248097226293561
3011 0.248311690560475
3012 0.248324840301020
3013 0.248455500776557
3014 0.248382717706842
3015 0.248604581190114
3016 0.248546579535572
3017 0.248484387165769
3018 0.248403100635436
3019 0.248505054269683
3020 0.248590346420045
3021 0.248509598346641
3022 0.248501586061362
3023 0.248459210648503
3024 0.248445830867219
3025 0.248370607221323
3026 0.248444063219563
3027 0.248367114489923
3028 0.248454532402990
3029 0.248538150604113
3030 0.248645446361156
3031 0.248605659094292
3032 0.248825146813317
3033 0.248896360897486
3034 0.249085790297274
3035 0.249198313250351
3036 0.249191405355439
3037 0.249127255519582
3038 0.249266022840399
3039 0.249189421235949
3040 0.249125642074744
3041 0.249043723893758
3042 0.248961904909919
3043 0.248882729630916
3044 0.249076505012272
3045 0.249107707085926
3046 0.249086936461925
3047 0.249064738037714
3048 0.249214132459065
3049 0.249449535633490
3050 0.249380001152052
3051 0.249473818730310
3052 0.249496542435809
3053 0.249437556685056
3054 0.249401951389355
3055 0.249421512193579
3056 0.249355213243957
3057 0.249333981522022
3058 0.249296697394566
3059 0.249219907776626
3060 0.249444599240992
3061 0.249421827051820
3062 0.249340392970353
3063 0.249347161999652
3064 0.249379054740142
3065 0.249457761421177
3066 0.249417100835743
3067 0.249496710144068
3068 0.249560764380355
3069 0.249726321102264
3070 0.249671875212620
3071 0.249619036771409
3072 0.249588077542874
3073 0.249514864031131
3074 0.249433695241388
3075 0.249667861541081
3076 0.249857559776020
3077 0.249908523441891
3078 0.250002524482483
3079 0.249943611716252
3080 0.249932187274854
3081 0.249890450784257
3082 0.249809379132968
3083 0.249774016902742
3084 0.249715236493554
3085 0.249810027392653
3086 0.249768474102096
3087 0.249755554038191
3088 0.249878369307544
3089 0.249813826912654
3090 0.249999915965892
3091 0.250042855723333
3092 0.250065085360713
3093 0.250060197411607
3094 0.250032474568768
3095 0.249966937493530
3096 0.250167633718727
3097 0.250229917714541
3098 0.250214717786504
3099 0.250149777259410
3100 0.250285457492723
3101 0.250301894927634
3102 0.250241168319984
3103 0.250283731305099
3104 0.250213641485984
3105 0.250211963350154
3106 0.250131682682682
3107 0.250054535778450
3108 0.249997597725253
3109 0.249919649458397
3110 0.249890017196395
3111 0.249810551933740
3112 0.250024767738652
3113 0.249951159446347
3114 0.249871066332772
3115 0.249997132875582
3116 0.249916903411345
3117 0.249961747957345
3118 0.249894601419480
3119 0.249983533351000
3120 0.250104151956600
3121 0.250024022973293
3122 0.249949430500964
3123 0.249877078918311
3124 0.250068471775299
3125 0.250059069838844
3126 0.250024011774563
3127 0.249946214019870
3128 0.249874487682587
3129 0.249796469485513
3130 0.249819148222731
3131 0.250050506601610
3132 0.249970926224470
3133 0.249915766158278
3134 0.249864175771918
3135 0.250091958147854
3136 0.250309792734122
3137 0.250239076750421
3138 0.250314961755564
3139 0.250440919039563
3140 0.250441943627904
3141 0.250489282414321
3142 0.250496861907990
3143 0.250621727345354
3144 0.250683425635690
3145 0.250611664781037
3146 0.250535557648334
3147 0.250494912180258
3148 0.250556940633540
3149 0.250477505428030
3150 0.250617456240301
3151 0.250537936877230
3152 0.250489475601732
3153 0.250422276393015
3154 0.250647259025638
3155 0.250600494029897
3156 0.250550188116316
3157 0.250527031901339
3158 0.250738052667889
3159 0.250660857194237
3160 0.250667307158777
3161 0.250608935962632
3162 0.250649434158435
3163 0.250760649463117
3164 0.250741319343555
3165 0.250933447036495
3166 0.250858857177978
3167 0.250791405992689
3168 0.250766148334483
3169 0.250691881342644
3170 0.250613062259756
3171 0.250547233754783
3172 0.250558929605411
3173 0.250640670068800
3174 0.250697654990652
3175 0.250813800186234
3176 0.250734829938200
3177 0.250658763279334
3178 0.250580824419621
3179 0.250583064839360
3180 0.250641971615346
3181 0.250563271677008
3182 0.250544359797095
3183 0.250510475746932
3184 0.250465663079260
3185 0.250403834512990
3186 0.250325434212670
3187 0.250351482313427
3188 0.250527036817248
3189 0.250725251176857
3190 0.250682462331290
3191 0.250604608780538
3192 0.250526550854554
3193 0.250542278520451
3194 0.250528735836927
3195 0.250509352343490
3196 0.250434540662068
3197 0.250364048204642
3198 0.250285769360289
3199 0.250212433701454
3200 0.250136448126367
3201 0.250111437432199
3202 0.250132150315176
3203 0.250153290689974
3204 0.250383705393386
3205 0.250305582554424
3206 0.250254683565263
3207 0.250362675047806
3208 0.250482980122235
3209 0.250618154952709
3210 0.250591338718924
3211 0.250521479445801
3212 0.250693697771122
3213 0.250707065208084
3214 0.250631976628099
3215 0.250628335485756
3216 0.250680141134982
3217 0.250617136998322
3218 0.250543328221372
3219 0.250471307388985
3220 0.250393970770798
3221 0.250316393175715
3222 0.250239360837821
3223 0.250208059322167
3224 0.250342497208306
3225 0.250373225959957
3226 0.250511949109761
3227 0.250536006010136
3228 0.250458672414522
3229 0.250381107051747
3230 0.250348282880876
3231 0.250276201658074
3232 0.250278651040243
3233 0.250209917659596
3234 0.250152437635898
3235 0.250326461407468
3236 0.250515477330396
3237 0.250438662289369
3238 0.250642393450489
3239 0.250592704182971
3240 0.250605089080000
3241 0.250659001366444
3242 0.250702844994387
3243 0.250656658655663
3244 0.250847698610735
3245 0.250773298118381
3246 0.250697945614979
3247 0.250621593368098
3248 0.250831999466498
3249 0.250754812391125
3250 0.250802017331591
3251 0.250955027065169
3252 0.250973725994585
3253 0.250900665295463
3254 0.250823631107387
3255 0.250746683314366
3256 0.250793668783294
3257 0.250756670244141
3258 0.250703626208986
3259 0.250627512417614
3260 0.250810096676674
3261 0.250909602600758
3262 0.250927279160213
3263 0.250904792167138
3264 0.250863130482789
3265 0.250787185526373
3266 0.250811194082227
3267 0.250765347971559
3268 0.250699437874905
3269 0.250624210975631
3270 0.250771628561073
3271 0.250697325857399
3272 0.250620712534549
3273 0.250621021550339
3274 0.250545674752503
3275 0.250570554908367
3276 0.250556728032438
3277 0.250629018463013
3278 0.250717025658519
3279 0.250877124760651
3280 0.250842145022073
3281 0.250765747948136
3282 0.250739162639217
3283 0.250676305864561
3284 0.250743610833261
3285 0.250676779738469
3286 0.250612053314135
3287 0.250737867924235
3288 0.250758996647929
3289 0.250819912708516
3290 0.250743676787545
3291 0.250716096033152
3292 0.250668123934016
3293 0.250605411063042
3294 0.250636080228737
3295 0.250561457017691
3296 0.250567281557424
3297 0.250491826848732
3298 0.250429763048028
3299 0.250392324630940
3300 0.250522874339033
3301 0.250446983992163
3302 0.250373688008553
3303 0.250390768353023
3304 0.250315746669475
3305 0.250256144453424
3306 0.250225316326027
3307 0.250219978845629
3308 0.250366498349950
3309 0.250429201080257
3310 0.250358061056421
3311 0.250283102672968
3312 0.250276306703857
3313 0.250434444534143
3314 0.250590757741565
3315 0.250550927812898
3316 0.250532686136688
3317 0.250458170755799
3318 0.250400166432499
3319 0.250325381367561
3320 0.250250609791120
3321 0.250198632591355
3322 0.250388679120780
3323 0.250387278949113
3324 0.250377178108026
3325 0.250302076092144
3326 0.250507203541921
3327 0.250431909387132
3328 0.250398021729864
3329 0.250332067528985
3330 0.250260927600427
3331 0.250218893152514
3332 0.250143863730149
3333 0.250070285477871
3334 0.250000310824194
3335 0.249931343317534
3336 0.250112515163329
3337 0.250306786155823
3338 0.250434725971034
3339 0.250579858001762
3340 0.250736569228738
3341 0.250661875897722
3342 0.250607703632104
3343 0.250707605005571
3344 0.250717412142535
3345 0.250854331534370
3346 0.250781700085394
3347 0.250757517803444
3348 0.250691943801117
3349 0.250621123177953
3350 0.250654426297503
3351 0.250648573348601
3352 0.250576210817689
3353 0.250711207354278
3354 0.250812940736811
3355 0.250746928510826
3356 0.250780969684655
3357 0.250754424473248
3358 0.250681337937411
3359 0.250663575493628
3360 0.250607576569330
3361 0.250634554395296
3362 0.250563742260949
3363 0.250591901381366
3364 0.250568460929986
3365 0.250494003672285
3366 0.250429625575328
3367 0.250355322323226
3368 0.250399706789906
3369 0.250354736120578
3370 0.250281433717881
3371 0.250207822693743
3372 0.250135293302741
3373 0.250198992089907
3374 0.250175187688442
3375 0.250107569687477
3376 0.250240361946526
3377 0.250198687247959
3378 0.250129606724101
3379 0.250248757216751
3380 0.250200664082184
3381 0.250132978329509
3382 0.250063612650749
3383 0.250034677156519
3384 0.250043907579222
3385 0.249985219322624
3386 0.249911412564524
3387 0.250113555249558
3388 0.250124704653229
3389 0.250174280782965
3390 0.250109002966758
3391 0.250062626835899
3392 0.250058375608498
3393 0.250146002911921
3394 0.250075840368000
3395 0.250152985465648
3396 0.250079631830701
3397 0.250015501748437
3398 0.250201857793877
3399 0.250135256118656
3400 0.250092980761652
3401 0.250036191506676
3402 0.250108263472313
3403 0.250034869833373
3404 0.250064275976460
3405 0.250266988277349
3406 0.250360354958841
3407 0.250306693289774
3408 0.250233302391533
3409 0.250365425832188
3410 0.250292004934432
3411 0.250297122225371
3412 0.250228660741030
3413 0.250155363334797
3414 0.250322084985940
3415 0.250254383696912
3416 0.250369795227216
3417 0.250510888398541
3418 0.250481921444635
3419 0.250433607866146
3420 0.250462404574948
3421 0.250489346968156
3422 0.250416149468936
3423 0.250371905643652
3424 0.250505058950329
3425 0.250530611748797
3426 0.250475597659704
3427 0.250436951780876
3428 0.250364072282219
3429 0.250291128531831
3430 0.250401101234179
3431 0.250573457555572
3432 0.250555232939976
3433 0.250735557987038
3434 0.250842062563860
3435 0.251003214044035
3436 0.251128800434152
3437 0.251099330661984
3438 0.251054656223779
3439 0.250982349971749
3440 0.250971078036673
3441 0.250898154028805
3442 0.250885031688212
3443 0.250822571914327
3444 0.250803623385408
3445 0.250730965272402
3446 0.250921705302148
3447 0.250875025855093
3448 0.250823305013443
3449 0.250778352391779
3450 0.250723440004657
3451 0.250650811628616
3452 0.250621831957770
3453 0.250558317937030
3454 0.250598161660215
3455 0.250628147561720
3456 0.250572014339284
3457 0.250544559726158
3458 0.250485443568304
3459 0.250413692068977
3460 0.250364701590540
3461 0.250364192559987
3462 0.250364798879332
3463 0.250292501796533
3464 0.250249883264497
3465 0.250300668802022
3466 0.250228565157970
3467 0.250432960450840
3468 0.250474203212443
3469 0.250643464451024
3470 0.250837585386200
3471 0.250941847607587
3472 0.250981103756430
3473 0.250956413826443
3474 0.250977081831770
3475 0.251189728121284
3476 0.251369398104655
3477 0.251426077748555
3478 0.251358293707138
3479 0.251510678728278
3480 0.251595849397645
3481 0.251648395221252
3482 0.251641987862092
3483 0.251600933112423
3484 0.251759920235314
3485 0.251695875152990
3486 0.251623779747763
3487 0.251552343318362
3488 0.251480226449174
3489 0.251500713371071
3490 0.251551600225805
3491 0.251537069125572
3492 0.251471655819542
3493 0.251415448738078
3494 0.251343566185592
3495 0.251378336596816
3496 0.251353335950731
3497 0.251286709394035
3498 0.251250650821995
3499 0.251180211423361
3500 0.251109118502562
3501 0.251149948554237
3502 0.251352843119850
3503 0.251362862010897
3504 0.251291233234595
3505 0.251228818724057
3506 0.251179752385638
3507 0.251115484741118
3508 0.251314397401709
3509 0.251243883047315
3510 0.251214544506333
3511 0.251143052864591
3512 0.251204578320730
3513 0.251134931883527
3514 0.251130614168494
3515 0.251177971020063
3516 0.251175890036407
3517 0.251145192141326
3518 0.251075101953461
3519 0.251003970439174
3520 0.250967498224607
3521 0.250909273807496
3522 0.250921448942910
3523 0.251040936116246
3524 0.251214603072200
3525 0.251160894466936
3526 0.251094500029950
3527 0.251081777287960
3528 0.251238234162055
3529 0.251321813601384
3530 0.251250769539109
3531 0.251179673009694
3532 0.251127138444870
3533 0.251079520407724
3534 0.251008571432794
3535 0.251120075254527
3536 0.251051492853070
3537 0.250980534556091
3538 0.250940934087024
3539 0.250895936292106
3540 0.250825061752628
3541 0.250756540128814
3542 0.250794890307132
3543 0.250961337470774
3544 0.250949665993978
3545 0.250893853492122
3546 0.250823271034219
3547 0.250913666979605
3548 0.250976798557931
3549 0.250911040632218
3550 0.250842478517269
3551 0.250783646554379
3552 0.250754045775623
3553 0.250759443761951
3554 0.250711158463701
3555 0.250641603914113
3556 0.250651417128458
3557 0.250710339918552
3558 0.250644998853162
3559 0.250590380980209
3560 0.250578378374851
3561 0.250529086232827
3562 0.250592149553428
3563 0.250676591740559
3564 0.250769167868234
3565 0.250850934251283
3566 0.250782095320683
3567 0.250713393362635
3568 0.250743004924653
3569 0.250679952183262
3570 0.250710016582041
3571 0.250789406428005
3572 0.250989092869789
3573 0.251045940322141
3574 0.251229477020305
3575 0.251368603781175
3576 0.251299446532315
3577 0.251444764050198
3578 0.251404669536590
3579 0.251368491497575
3580 0.251379215970781
3581 0.251309018003207
3582 0.251386588821594
3583 0.251317111313810
3584 0.251392051733021
3585 0.251328636876367
3586 0.251269085649856
3587 0.251223665353991
3588 0.251205420457505
3589 0.251135428517213
3590 0.251134884299812
3591 0.251211352309899
3592 0.251152958260309
3593 0.251356367875607
3594 0.251378337720306
3595 0.251353187384198
3596 0.251347169335786
3597 0.251414164445858
3598 0.251344866379096
3599 0.251276906911395
3600 0.251208805558172
3601 0.251210448410081
3602 0.251140708529297
3603 0.251096062158066
3604 0.251209553482660
3605 0.251139871066485
3606 0.251200868159951
3607 0.251364524115261
3608 0.251294861829930
3609 0.251333419135006
3610 0.251434144333187
3611 0.251515128541264
3612 0.251686254612435
3613 0.251617834581198
3614 0.251705801637332
3615 0.251713463728827
3616 0.251645948618808
3617 0.251675688797035
3618 0.251696668583267
3619 0.251739864102421
3620 0.251733198377612
3621 0.251663678417098
3622 0.251611711555218
3623 0.251548997037713
3624 0.251480616483412
3625 0.251442410477258
3626 0.251450700333130
3627 0.251423567634630
3628 0.251433067560986
3629 0.251412410932707
3630 0.251432657117017
3631 0.251408229808114
3632 0.251445756646581
3633 0.251379091902744
3634 0.251443847824429
3635 0.251382726865955
3636 0.251551094260367
3637 0.251538118094524
3638 0.251468976242091
3639 0.251428986564827
3640 0.251360261829558
3641 0.251343220624685
3642 0.251294128781899
3643 0.251387768578677
3644 0.251322782193926
3645 0.251256767306368
3646 0.251321900484505
3647 0.251305340778327
3648 0.251311631460372
3649 0.251402959983528
3650 0.251456403795214
3651 0.251546849539214
3652 0.251524792701006
3653 0.251456023721915
3654 0.251387236485453
3655 0.251331880634808
3656 0.251271118460285
3657 0.251218724726447
3658 0.251338541284364
3659 0.251269851176394
3660 0.251385048985837
3661 0.251341827665404
3662 0.251357005849105
3663 0.251305824536386
3664 0.251256611924823
3665 0.251203759264967
3666 0.251158819493535
3667 0.251109262900625
3668 0.251193450791196
3669 0.251125835174122
3670 0.251256824406229
3671 0.251443860084576
3672 0.251398504996239
3673 0.251332017487539
3674 0.251275192459892
3675 0.251438808556674
3676 0.251371484294131
3677 0.251482224697398
3678 0.251538612656181
3679 0.251470251624716
3680 0.251411219685872
3681 0.251344148568782
3682 0.251276472929119
3683 0.251241282235040
3684 0.251383653120013
3685 0.251362623432701
3686 0.251468725840788
3687 0.251402064306773
3688 0.251554351116669
3689 0.251487754260677
3690 0.251419746515276
3691 0.251459782510004
3692 0.251399624728231
3693 0.251568692542130
3694 0.251579015809938
3695 0.251561350842731
3696 0.251495424502842
3697 0.251629974910980
3698 0.251644974380057
3699 0.251636913561961
3700 0.251578967298687
3701 0.251613662303173
3702 0.251758718121592
3703 0.251690730366047
3704 0.251673675643110
3705 0.251670265971628
3706 0.251613697129993
3707 0.251561338897317
3708 0.251572895039998
3709 0.251565659876038
3710 0.251498010689773
3711 0.251488316212837
3712 0.251445498848160
3713 0.251444045961108
3714 0.251544940507029
3715 0.251499562084438
3716 0.251432394030801
3717 0.251432314081882
3718 0.251369673010567
3719 0.251358894074713
3720 0.251304543674601
3721 0.251237194002783
3722 0.251222113261038
3723 0.251154742324615
3724 0.251182461826316
3725 0.251144424477427
3726 0.251182993993800
3727 0.251353845616943
3728 0.251449115814711
3729 0.251381764362496
3730 0.251433929754652
3731 0.251380076127279
3732 0.251312875241806
3733 0.251267146645293
3734 0.251292861916579
3735 0.251225581664794
3736 0.251158367737483
3737 0.251091619258420
3738 0.251050693401063
3739 0.251010846177221
3740 0.250943745493492
3741 0.250881789618135
3742 0.250817851747741
3743 0.250864106090845
3744 0.250815829718495
3745 0.250838190599097
3746 0.250771512184590
3747 0.250755524279509
3748 0.250713522388543
3749 0.250681695679736
3750 0.250663449401369
3751 0.250619317886655
3752 0.250722000993162
3753 0.250804745671089
3754 0.250979894690684
3755 0.251155551366992
3756 0.251088684193247
3757 0.251029124210284
3758 0.251105074892942
3759 0.251129229481080
3760 0.251069337891044
3761 0.251018374874913
3762 0.250994503646767
3763 0.250929024407302
3764 0.251100999512282
3765 0.251279641179724
3766 0.251310463379231
3767 0.251301916222778
3768 0.251261813210283
3769 0.251200348496625
3770 0.251209524966655
3771 0.251375728233864
3772 0.251552874203689
3773 0.251486204853813
3774 0.251508556012112
3775 0.251451213965403
3776 0.251425092018784
3777 0.251364166080368
3778 0.251349374182102
3779 0.251283186437790
3780 0.251223280968882
3781 0.251328557584965
3782 0.251345897191564
3783 0.251289005773697
3784 0.251223405435937
3785 0.251236133971039
3786 0.251273315478717
3787 0.251219116255007
3788 0.251156523065940
3789 0.251094317611190
3790 0.251028098446645
3791 0.251001078352160
3792 0.250934887103678
3793 0.250880662048351
3794 0.250846543272233
3795 0.250939956441702
3796 0.250876938468598
3797 0.250845720454872
3798 0.250780570205418
3799 0.250775785109207
3800 0.250783077907132
3801 0.250806120566521
3802 0.250814541785233
3803 0.250749183733295
3804 0.250696679705598
3805 0.250640753991656
3806 0.250575098778922
3807 0.250536497241495
3808 0.250471194761382
3809 0.250582972460931
3810 0.250533799556763
3811 0.250636983011855
3812 0.250572073432619
3813 0.250637240007085
3814 0.250576321379571
3815 0.250579086440522
3816 0.250523638084034
3817 0.250483847906651
3818 0.250434093124597
3819 0.250401055924300
3820 0.250341435515640
3821 0.250321834533512
3822 0.250382653970107
3823 0.250531735340275
3824 0.250612670960676
3825 0.250610086139331
3826 0.250570500957323
3827 0.250562303118301
3828 0.250548704593061
3829 0.250493829981878
3830 0.250452872994535
3831 0.250433186348170
3832 0.250391231339163
3833 0.250550793528122
3834 0.250517819363687
3835 0.250452495333124
3836 0.250393058058140
3837 0.250343036337234
3838 0.250277845010722
3839 0.250257324634708
3840 0.250194310255112
3841 0.250165427598625
3842 0.250224969222889
3843 0.250190020580683
3844 0.250357995658979
3845 0.250445738910345
3846 0.250511415050965
3847 0.250446348689890
3848 0.250470474435537
3849 0.250659089391569
3850 0.250667198533008
3851 0.250703481889698
3852 0.250638761458962
3853 0.250599640784102
3854 0.250582100268841
3855 0.250550450909469
3856 0.250569462472400
3857 0.250509793177586
3858 0.250479007192145
3859 0.250658890976166
3860 0.250752334604947
3861 0.250906148369598
3862 0.250841321504032
3863 0.250991904755553
3864 0.250969905452702
3865 0.250904977422115
3866 0.250855828049035
3867 0.250794974568819
3868 0.250763119314763
3869 0.250719304942698
3870 0.250685826032159
3871 0.250681575592727
3872 0.250646647919247
3873 0.250795938979118
3874 0.250732669647907
3875 0.250855968678006
3876 0.250793800123081
3877 0.250793540043947
3878 0.250729279968594
3879 0.250670635092741
3880 0.250706818397365
3881 0.250647533368981
3882 0.250583016499452
3883 0.250519535005475
3884 0.250646648589211
3885 0.250818547072279
3886 0.250864394708074
3887 0.250799859517550
3888 0.250979195375220
3889 0.250968806080169
3890 0.250919381603567
3891 0.250875466638849
3892 0.250871093437013
3893 0.250941434463066
3894 0.251083379001979
3895 0.251226965937197
3896 0.251413839640259
3897 0.251349332043723
3898 0.251291721643096
3899 0.251232302464609
3900 0.251178181218843
3901 0.251178830036151
3902 0.251195284989902
3903 0.251237319342996
3904 0.251173066397493
3905 0.251155075934739
3906 0.251094022216162
3907 0.251076681071209
3908 0.251018148792453
3909 0.251006655046987
3910 0.251124538956182
3911 0.251068348491887
3912 0.251004734727374
3913 0.250943516004071
3914 0.250940475922722
3915 0.250992437508409
3916 0.250977182229669
3917 0.250925775475827
3918 0.250862761990169
3919 0.250944984321839
3920 0.250986711813766
3921 0.251084450769143
3922 0.251021455965845
3923 0.251153704865523
3924 0.251115445737629
3925 0.251113437739520
3926 0.251277652117294
3927 0.251409085282146
3928 0.251434908434151
3929 0.251398823503418
3930 0.251450730794581
3931 0.251619140753303
3932 0.251555163172987
3933 0.251642690507615
3934 0.251631063329919
3935 0.251818841029340
3936 0.251766168794390
3937 0.251806197988577
3938 0.251743147222588
3939 0.251679359561240
3940 0.251676430212407
3941 0.251615323490958
3942 0.251588098529707
3943 0.251681318937845
3944 0.251617681755075
3945 0.251557137186981
3946 0.251493387394577
3947 0.251453313105032
3948 0.251391764601397
3949 0.251517397886409
3950 0.251459467735605
3951 0.251565204392637
3952 0.251515360678406
3953 0.251516366266610
3954 0.251470664242244
3955 0.251407185168334
3956 0.251345992368797
3957 0.251290723127926
3958 0.251266573083315
3959 0.251217308742084
3960 0.251230929871520
3961 0.251281647469384
3962 0.251259697745198
3963 0.251279290049817
3964 0.251226446098952
3965 0.251315132652697
3966 0.251252209215609
3967 0.251193515028620
3968 0.251201588490448
3969 0.251241246005092
3970 0.251385878054643
3971 0.251355255425926
3972 0.251294504671522
3973 0.251258153763106
3974 0.251194928258888
3975 0.251140797289456
3976 0.251098661259060
3977 0.251035980474581
3978 0.251053814529059
3979 0.251019457104788
3980 0.251135145435829
3981 0.251075160561771
3982 0.251066631433270
3983 0.251003625184453
3984 0.250950573390198
3985 0.250887968124561
3986 0.250893596582621
3987 0.250849587344447
3988 0.250864207873332
3989 0.250815995272217
3990 0.250937743220866
3991 0.250962722659607
3992 0.250901506408561
3993 0.250843161733270
3994 0.250798787810779
3995 0.250871919809934
3996 0.250926586466126
3997 0.250907997158069
3998 0.250897746247734
3999 0.250906466017575
4000 0.250843993370931
4001 0.250781311627595
4002 0.250718647797600
4003 0.250656186205413
4004 0.250724200512669
4005 0.250750093430276
4006 0.250689181039799
4007 0.250626647263680
4008 0.250564805128577
4009 0.250502304617708
4010 0.250490464266265
4011 0.250608729541900
4012 0.250582968328967
4013 0.250749880019734
4014 0.250705871674062
4015 0.250646607749539
4016 0.250591006461158
4017 0.250749499623273
4018 0.250691322093018
4019 0.250629379838769
4020 0.250601384838889
4021 0.250539199794974
4022 0.250494056847955
4023 0.250436102106091
4024 0.250462996413717
4025 0.250439933925672
4026 0.250511491782319
4027 0.250494885453940
4028 0.250679801301859
4029 0.250701150427398
4030 0.250639110070969
4031 0.250739315796528
4032 0.250678626431948
4033 0.250627122283106
4034 0.250647019858043
4035 0.250668023002626
4036 0.250623363672448
4037 0.250653338255896
4038 0.250591373107449
4039 0.250723282828334
4040 0.250725045296920
4041 0.250703893627716
4042 0.250761594595375
4043 0.250706462584363
4044 0.250853907165951
4045 0.250792043684386
4046 0.250857580132382
4047 0.250848178795282
4048 0.250791385800652
4049 0.250730873822093
4050 0.250736588623070
4051 0.250791590030274
4052 0.250774382294444
4053 0.250906868306236
4054 0.251025907433873
4055 0.250982428546938
4056 0.251057938199426
4057 0.251001664158825
4058 0.251012190425901
4059 0.250975758021006
4060 0.251094490408940
4061 0.251043576724719
4062 0.250981880603250
4063 0.250920108113063
4064 0.250906163106483
4065 0.251062308786064
4066 0.251000804608272
4067 0.250993452477510
4068 0.250997931366915
4069 0.250948164608729
4070 0.250907136010060
4071 0.250855112011010
4072 0.250829641244472
4073 0.250768338995147
4074 0.250776371766410
4075 0.250775286664216
4076 0.250713762596523
4077 0.250664403930043
4078 0.250602974025107
4079 0.250599813529886
4080 0.250541304600622
4081 0.250510156624418
4082 0.250448787286074
4083 0.250524807186421
4084 0.250466093729272
4085 0.250404812715540
4086 0.250467728523004
4087 0.250600203264237
4088 0.250652721273043
4089 0.250598394384080
4090 0.250537125854947
4091 0.250704259189291
4092 0.250778438704383
4093 0.250717501035568
4094 0.250828451671834
4095 0.250789426015202
4096 0.250804452366353
