1 0.103059916597889
2 0.406434258411752
3 0.320662279603193
4 0.276293926479765
5 0.250957295010200
6 0.310866639124564
7 0.323227967446001
8 0.396229419551906
9 0.424777497290906
10 0.474840115889056
11 0.445458187569123
12 0.471946154095385
13 0.481290176902696
14 0.462093622843325
15 0.482895245846141
16 0.493812173429196
17 0.476301944798180
18 0.485048574916704
19 0.470912658371360
20 0.481407608626030
21 0.498315736309669
22 0.501304904754413
23 0.485965587376254
24 0.470798458365205
25 0.476477253410471
26 0.485776215320581
27 0.495722941431639
28 0.488965327289198
29 0.505767364970477
30 0.518800991468309
31 0.504375369726624
32 0.518952404493310
33 0.531552475999566
34 0.523403142702000
35 0.515812502575673
36 0.507085285582529
37 0.509995968469988
38 0.503758480377453
39 0.501970411972148
40 0.505817053768436
41 0.515812600226122
42 0.503963087142257
43 0.497319627087395
44 0.502766104797743
45 0.508404635373240
46 0.506917996967256
47 0.514163830967019
48 0.506536877481277
49 0.515669200064473
50 0.512351815553832
51 0.502389774261071
52 0.495983946863385
53 0.488810163212908
54 0.493160728757487
55 0.491288348143988
56 0.494276741308455
57 0.493588048460670
58 0.490988421419927
59 0.490759304472304
60 0.483904257996145
61 0.477084897050178
62 0.480639784174321
63 0.475829661200763
64 0.474450788357577
65 0.478477492780546
66 0.472080864829289
67 0.476709752796859
68 0.481881809768015
69 0.483226068297147
70 0.485100127841263
71 0.479345343325023
72 0.475470370388411
73 0.469109122318839
74 0.469147421096112
75 0.463547985326551
76 0.469692468413791
77 0.469050550837350
78 0.471020749407043
79 0.476364396371282
80 0.470590817113603
81 0.474864072554359
82 0.471643139594169
83 0.474656433166661
84 0.469222876615402
85 0.463778798322600
86 0.465331166968305
87 0.466134968959485
88 0.467591584113680
89 0.467842225016348
90 0.469370875324450
91 0.473391948746254
92 0.472347955567389
93 0.475549363983133
94 0.470654294513782
95 0.475936196199996
96 0.475122252350579
97 0.479954400333432
98 0.481017470869647
99 0.484826626451244
100 0.488674052726821
101 0.483959750687155
102 0.485892265082014
103 0.484104480058128
104 0.480381672825311
105 0.476257367534713
106 0.480850591054532
107 0.482309494153068
108 0.481796047072851
109 0.482508681341508
110 0.480472172834521
111 0.483909913425733
112 0.483182195661600
113 0.482155795729387
114 0.479404469964194
115 0.480287258520725
116 0.477883869412834
117 0.475549990032933
118 0.475883990377277
119 0.473021496770351
120 0.476268843691806
121 0.479762946603576
122 0.476743693633172
123 0.476650421898734
124 0.479957274925279
125 0.478807521079841
126 0.482089055195687
127 0.479257272761235
128 0.478478064562771
129 0.480052951303266
130 0.483488892428840
131 0.480858092035763
132 0.482399298154098
133 0.482438226871315
134 0.482771907329440
135 0.486528530355438
136 0.485037114733994
137 0.487825146173467
138 0.488284166767455
139 0.491818307636843
140 0.494656790851860
141 0.496954385552761
142 0.494322307443846
143 0.491156896624000
144 0.494341723834564
145 0.497150835311901
146 0.498303109332243
147 0.495981655954302
148 0.493204370325952
149 0.494482736960411
150 0.492124152243229
151 0.492145394048270
152 0.489514260921099
153 0.492610618304295
154 0.491704473596206
155 0.492630840046146
156 0.492677807156482
157 0.492839112749131
158 0.493611028538192
159 0.491213686124322
160 0.488660686245621
161 0.489926689001424
162 0.492710663742512
163 0.491981992647404
164 0.489967149519192
165 0.488479014303017
166 0.488784242401530
167 0.488648490312442
168 0.490832842728059
169 0.491255312658552
170 0.493510902124910
171 0.492813640572829
172 0.490543104232966
173 0.489342436770565
174 0.487442431126621
175 0.487610053874485
176 0.486128025651415
177 0.488655093579115
178 0.486804569125551
179 0.484390335000058
180 0.481828392272192
181 0.479336887168406
182 0.480575422519068
183 0.479097982852973
184 0.480528043794513
185 0.483128987268279
186 0.485075168942337
187 0.487497777498564
188 0.487559405122534
189 0.486974176791055
190 0.484797149233493
191 0.482326114815618
192 0.482382695965253
193 0.480087238384445
194 0.479049975138556
195 0.480634808518401
196 0.478293972905327
197 0.477922210482260
198 0.479052918497696
199 0.479938690546524
200 0.480974759276034
201 0.480490802987915
202 0.479852813446330
203 0.478168097107814
204 0.480350817255438
205 0.482670107169004
206 0.482401840054183
207 0.484266184770030
208 0.482651965039116
209 0.483769422092762
210 0.485168959338853
211 0.485829508617691
212 0.485857083580553
213 0.484136771365358
214 0.483873761192276
215 0.484242367627451
216 0.483560762943010
217 0.484631351009445
218 0.484767134415806
219 0.485574646714114
220 0.485182752344359
221 0.483229838568810
222 0.483021541557045
223 0.484152789509392
224 0.486093392327523
225 0.484270334008702
226 0.485640366644285
227 0.486853700523861
228 0.488683986394380
229 0.489792902645638
230 0.488991161040685
231 0.488392103579237
232 0.488021686293396
233 0.488262966163117
234 0.489949300102991
235 0.488936182733839
236 0.487474851482553
237 0.487294756313241
238 0.487905528695611
239 0.488418701115833
240 0.489968067141948
241 0.489126073198082
242 0.489587477906001
243 0.488525404977047
244 0.487560932708193
245 0.488060803912951
246 0.488664993479564
247 0.487853730506607
248 0.487085341904935
249 0.486245411062033
250 0.487669659858836
251 0.487061127003384
252 0.488911317647402
253 0.490905070423702
254 0.491511989463907
255 0.490668670775937
256 0.491873075274519
257 0.490685222771860
258 0.491983591225087
259 0.491274228724281
260 0.492223731280975
261 0.492396516257186
262 0.492785986861446
263 0.491272108139124
264 0.490143437930921
265 0.489867424120740
266 0.490132189117862
267 0.489923145438031
268 0.490934761236607
269 0.490420388792484
270 0.491220023072927
271 0.492604764601799
272 0.492982926932687
273 0.493113818188344
274 0.491581691962632
275 0.491877128059922
276 0.490314455319032
277 0.491379373704080
278 0.489866629986018
279 0.488814933035367
280 0.490174409201749
281 0.489368243311217
282 0.488568158172375
283 0.490199341913181
284 0.491342334967438
285 0.490072769966700
286 0.489110930038238
287 0.488974992891911
288 0.489832783730273
289 0.490893545412597
290 0.492179592490939
291 0.493450855194443
292 0.494847467822175
293 0.493207244650268
294 0.494447441560882
295 0.493362654960668
296 0.495022384789172
297 0.495470536312523
298 0.496755317934350
299 0.495551558279634
300 0.494427923235185
301 0.495697203952518
302 0.497241849620604
303 0.498180367558748
304 0.496562167113763
305 0.497398416288760
306 0.495920952883570
307 0.496089299864333
308 0.495757142785750
309 0.494852620603691
310 0.496098449660831
311 0.495030161801974
312 0.495534931948893
313 0.495005295109726
314 0.494437094834276
315 0.494010944958912
316 0.493597372760134
317 0.493691556526208
318 0.494864199128950
319 0.495216910396503
320 0.494450045151232
321 0.493376876700531
322 0.492127150781331
323 0.493248516958663
324 0.493767053868531
325 0.494904482350263
326 0.494798426945358
327 0.493987042228810
328 0.493846247121769
329 0.493998580054830
330 0.495379211263522
331 0.496806023818127
332 0.497416419080854
333 0.496266539438609
334 0.495726752297995
335 0.494772135154345
336 0.494688698162699
337 0.494097014330568
338 0.495421667090401
339 0.494481767164174
340 0.495181605765670
341 0.495960489340830
342 0.496905228981109
343 0.498326758403378
344 0.497525040699823
345 0.496941171499126
346 0.495642508371264
347 0.495227927912830
348 0.494345975568267
349 0.495684515359526
350 0.495590624915228
351 0.496587837094076
352 0.497321697587552
353 0.496933832116321
354 0.496388898993679
355 0.496677326204725
356 0.496416182316296
357 0.495982604306334
358 0.495478604076404
359 0.496808758717492
360 0.496432574545515
361 0.496865800851545
362 0.496113224734745
363 0.494857930710219
364 0.494125228188985
365 0.494355953169269
366 0.493201495089505
367 0.494403163463368
368 0.495366596607917
369 0.495784036804727
370 0.495962109946743
371 0.494824991529386
372 0.495815870655474
373 0.495542996109064
374 0.494535144756553
375 0.494777624968340
376 0.494405676277938
377 0.494186983057145
378 0.493332565240648
379 0.494392365757593
380 0.495022356264190
381 0.493747104066148
382 0.494462024542524
383 0.493706589492825
384 0.493098304457232
385 0.492408499739360
386 0.492985426231549
387 0.494231740126811
388 0.493331100123253
389 0.493236328863564
390 0.492741466966465
391 0.492828248424097
392 0.493662213845317
393 0.493274394079561
394 0.492566240212759
395 0.493214992385011
396 0.494448868683650
397 0.494245020545624
398 0.494950463141608
399 0.495300452219702
400 0.494740555325909
401 0.494988781145514
402 0.493769296045566
403 0.494944911563556
404 0.495511486734525
405 0.495204071710659
406 0.495383528163212
407 0.494426492892002
408 0.494058430838336
409 0.493503889101494
410 0.493476832761322
411 0.492441784891456
412 0.492710276464493
413 0.491571067853718
414 0.491629037916492
415 0.491298640236874
416 0.490817285187718
417 0.490421140157199
418 0.489560776278324
419 0.489380975583855
420 0.490189780625619
421 0.490765059349930
422 0.489862903923735
423 0.490757898319000
424 0.491461827767204
425 0.491634388330478
426 0.492168082796964
427 0.492108562679038
428 0.491924214427838
429 0.492704317262890
430 0.493026469758460
431 0.494006490930555
432 0.493603849996836
433 0.494452288748641
434 0.493839793833701
435 0.494479204309060
436 0.493984458688883
437 0.493359893954346
438 0.492859872574080
439 0.492508899065814
440 0.493484520642394
441 0.494288396885463
442 0.493223245562302
443 0.492466882331425
444 0.491410812975945
445 0.491688440099343
446 0.491280091203353
447 0.490771815673805
448 0.490870671648383
449 0.491694677699894
450 0.490625579916566
451 0.491049074696015
452 0.491981908582081
453 0.491025451055780
454 0.490068794490152
455 0.490956080028271
456 0.491002159050907
457 0.491926498305677
458 0.490979472479298
459 0.491379595448594
460 0.491230741548667
461 0.490640790381487
462 0.491726414034612
463 0.490837913356914
464 0.490303382883467
465 0.490992786853945
466 0.491513790299848
467 0.491986416026327
468 0.492932011171407
469 0.492039671795363
470 0.492308289121663
471 0.491340762428803
472 0.490873082274674
473 0.490335202531237
474 0.490365669878053
475 0.490255055654308
476 0.491267030291596
477 0.490415923581201
478 0.491104157287218
479 0.490846446980712
480 0.491300915004803
481 0.491938610324051
482 0.492794024451067
483 0.493772650757872
484 0.494263599327412
485 0.493491373733800
486 0.493106613221785
487 0.493305814071653
488 0.492822435329747
489 0.492982946896765
490 0.493622282371894
491 0.492639834206361
492 0.492658968264748
493 0.492734039016509
494 0.492561897337964
495 0.492459415685423
496 0.492707236755155
497 0.492993142190687
498 0.493766004091102
499 0.494774610163241
500 0.495758812645775
501 0.496407844909851
502 0.497214532916899
503 0.497378452545998
504 0.497658378708758
505 0.497575456177677
506 0.497539113284128
507 0.496789326308205
508 0.496715348595244
509 0.496323060494096
510 0.496934861187600
511 0.497357004991426
512 0.496677705310297
513 0.497185344428190
514 0.497711898697028
515 0.498226022447101
516 0.497558905445491
517 0.498350560535171
518 0.497504944688656
519 0.498135175244688
520 0.498949269601140
521 0.499280066245013
522 0.499341696087584
523 0.499823620835030
524 0.499413738207150
525 0.498996907017897
526 0.499462686889248
527 0.500227930674639
528 0.501138143743818
529 0.501271516111716
530 0.500927458288218
531 0.501008530912822
532 0.501203036560300
533 0.501389317733080
534 0.500794746315763
535 0.500808454486743
536 0.499964206628405
537 0.500819324668371
538 0.501321032329201
539 0.502196147732344
540 0.502147718767092
541 0.502179221401270
542 0.502122754660205
543 0.502299965780042
544 0.502527960354686
545 0.501934288205622
546 0.502221865623491
547 0.501423983169211
548 0.500547015333337
549 0.501115506657478
550 0.500522560397346
551 0.500059021692546
552 0.500916275456452
553 0.500993783582141
554 0.500159568586907
555 0.499635731173866
556 0.498759532589060
557 0.499362639192639
558 0.500024571689606
559 0.499624522286839
560 0.500449003159124
561 0.500709843081885
562 0.499974211480952
563 0.499538643830276
564 0.500155586869484
565 0.499493162085554
566 0.500049833334836
567 0.499903614886194
568 0.500090904508995
569 0.499675149409100
570 0.499951078539281
571 0.499339033141516
572 0.498638064585932
573 0.499028181985083
574 0.499189575491361
575 0.498673723193079
576 0.499331292948008
577 0.498918369197938
578 0.498592711796017
579 0.498341773292295
580 0.498978255753433
581 0.499508700431705
582 0.499897947892923
583 0.500403494490416
584 0.499974191409093
585 0.499735280414817
586 0.499935663569278
587 0.500052460613590
588 0.499889419281779
589 0.499646733100546
590 0.499481366921740
591 0.500065626205086
592 0.499799875683710
593 0.499681022181184
594 0.500164194181852
595 0.499897935087064
596 0.499430426135038
597 0.499158981077668
598 0.498577603380774
599 0.498939434657387
600 0.499620723842073
601 0.499168398532894
602 0.498846142934716
603 0.499088411590601
604 0.498681012240404
605 0.499230651783429
606 0.498424285922758
607 0.498750715518912
608 0.498535451426320
609 0.497983250234751
610 0.497305473941499
611 0.497926963213900
612 0.497821754430904
613 0.497329445467617
614 0.496538866489409
615 0.496282327415871
616 0.495634900622774
617 0.495919241861627
618 0.496394430279027
619 0.496619210100439
620 0.496532002237344
621 0.497316768535552
622 0.496572756120319
623 0.496827226158043
624 0.497043295760742
625 0.496743762878107
626 0.496627620872718
627 0.496162517313042
628 0.495794848598411
629 0.496420725824863
630 0.497179604410633
631 0.497574607324195
632 0.496851194287726
633 0.496817516176960
634 0.497552423244715
635 0.498274838091230
636 0.498503044952422
637 0.498405961748923
638 0.499063588442887
639 0.498827437708017
640 0.499251930251851
641 0.499997739175415
642 0.500468497969451
643 0.500861275212747
644 0.500792446158222
645 0.500730372466718
646 0.500728452903119
647 0.501355870339794
648 0.501142258741127
649 0.500891506321017
650 0.500226118451049
651 0.499491706049166
652 0.499593438623352
653 0.499900249912209
654 0.500528662762541
655 0.499847923883160
656 0.499978171571549
657 0.500430116189647
658 0.500229213334617
659 0.500016720819186
660 0.500285110840548
661 0.500995212432354
662 0.500372901667298
663 0.500786314258627
664 0.501064810104429
665 0.501006751648818
666 0.500856896575804
667 0.500736245475227
668 0.500489161717065
669 0.500430740860616
670 0.500364496661368
671 0.499787590465369
672 0.500040444009395
673 0.500755292286839
674 0.501431340137826
675 0.501210142177452
676 0.500840302665280
677 0.501106343087527
678 0.500678692160186
679 0.500007836765229
680 0.500345310679386
681 0.500143419913476
682 0.499723152593593
683 0.499359106001580
684 0.499757250033250
685 0.499642264636549
686 0.499760380739328
687 0.500435834060120
688 0.500019418504232
689 0.499777706428783
690 0.500412545801285
691 0.501015716908219
692 0.500973720463074
693 0.501620544357112
694 0.501792813792862
695 0.501548383949677
696 0.502002371238334
697 0.502269277670786
698 0.501713345354135
699 0.502019945656792
700 0.502023793127396
701 0.501714602404820
702 0.501200271325213
703 0.500793952759276
704 0.501485524172857
705 0.501685043917700
706 0.502108076028556
707 0.502093167200281
708 0.502194246532477
709 0.501540490828281
710 0.500908986424157
711 0.501310281549123
712 0.501873987491222
713 0.501317773861444
714 0.501309051194313
715 0.501011867783076
716 0.500495075994272
717 0.500891397097999
718 0.500214850908732
719 0.500058084752322
720 0.500413709027180
721 0.499903732982453
722 0.499374163890988
723 0.498835096250049
724 0.499080411248362
725 0.498896883175358
726 0.498904547845221
727 0.498811597913018
728 0.498811107308653
729 0.498884020537433
730 0.499254909235714
731 0.498637240942782
732 0.499104179766391
733 0.499550861526852
734 0.499686214948675
735 0.499298319181658
736 0.499480407798875
737 0.500031339551285
738 0.500460007374303
739 0.501037619633023
740 0.500726628571619
741 0.501271908114808
742 0.501385371697728
743 0.501689913031784
744 0.501207665653664
745 0.501075701212251
746 0.501020306314974
747 0.500354345981041
748 0.499968248015465
749 0.499498104878990
750 0.499086024101672
751 0.499306793351341
752 0.498810740463889
753 0.498856656480140
754 0.499393910570985
755 0.499229153402127
756 0.498646400339139
757 0.498964407857508
758 0.499173873911377
759 0.498700924733540
760 0.498405280056603
761 0.498216857286526
762 0.498107885009721
763 0.498116012821271
764 0.497613606340041
765 0.497068026531231
766 0.496579857263684
767 0.496013248539507
768 0.496505414252115
769 0.496179347325631
770 0.495617370478412
771 0.495813929774207
772 0.495450695854968
773 0.494819069179634
774 0.495126603168868
775 0.495425934532329
776 0.495619834670069
777 0.495084693917167
778 0.495349368655715
779 0.494776597234112
780 0.495311794687342
781 0.495050407967451
782 0.495360308834064
783 0.495950163602054
784 0.495745331880965
785 0.495591172788100
786 0.495952514656757
787 0.495939618038310
788 0.495808507168108
789 0.496088766447064
790 0.495909719229293
791 0.495306936473674
792 0.495520330955082
793 0.496086459566926
794 0.496643450124071
795 0.496135883253374
796 0.496022321091790
797 0.496170303177930
798 0.496226880433461
799 0.496414527662808
800 0.496956103313360
801 0.497570291620627
802 0.498076285184577
803 0.498034667002844
804 0.497446087823794
805 0.497053541754395
806 0.497600212704647
807 0.497862609041616
808 0.497581486526706
809 0.497401991243355
810 0.496952580526921
811 0.497172123341352
812 0.496814837740126
813 0.496610411128842
814 0.496193849457239
815 0.496166780859277
816 0.496029093077848
817 0.496512476698337
818 0.496903744036961
819 0.496579374934205
820 0.496898293854656
821 0.496358309670263
822 0.496100445845147
823 0.496619284908086
824 0.496324221896557
825 0.496333546797230
826 0.496071553306129
827 0.496620801865283
828 0.496611790856979
829 0.496640165157918
830 0.497130801249852
831 0.496923712392203
832 0.496674879298128
833 0.496563961361533
834 0.496695340219796
835 0.496596018973030
836 0.496082123287663
837 0.495731915061603
838 0.495443199875713
839 0.494956215770312
840 0.494504472603914
841 0.494664084847425
842 0.494397939945681
843 0.494951860528656
844 0.494720374825111
845 0.494532503665243
846 0.494072781297281
847 0.494597064957409
848 0.494163995689121
849 0.494318294827496
850 0.494805567743455
851 0.494400223847122
852 0.494260822363696
853 0.494762697153517
854 0.495124859684297
855 0.495325253489876
856 0.495770768901305
857 0.496345516315119
858 0.496817944971673
859 0.496503304207378
860 0.496949934567350
861 0.496751071091562
862 0.496739540750164
863 0.497261664300000
864 0.496979360738614
865 0.496480643863799
866 0.496293063700896
867 0.496233144144345
868 0.495949356241290
869 0.495610638638495
870 0.496054807188588
871 0.495822410290850
872 0.495759285943403
873 0.495424184574512
874 0.494865828383247
875 0.495421090141838
876 0.495640176615063
877 0.495253435267677
878 0.494961033574254
879 0.495293742689333
880 0.495430225861657
881 0.495847313942441
882 0.496001462942026
883 0.496360279589174
884 0.496338057663371
885 0.495842223746786
886 0.496278199527295
887 0.495775778550137
888 0.495673339976016
889 0.495905399397156
890 0.495356905497885
891 0.494968011990629
892 0.494463502052219
893 0.494311635081133
894 0.494442636530948
895 0.494853191474942
896 0.494513101023867
897 0.495056384641419
898 0.494510423262717
899 0.494981936438691
900 0.494539786926560
901 0.494166444549697
902 0.494335939545118
903 0.494820986717298
904 0.494760995332120
905 0.494595497797761
906 0.494497554417565
907 0.494376719057946
908 0.494533272224255
909 0.495038096075079
910 0.494637646362097
911 0.494771800495577
912 0.494670205488220
913 0.494221592252961
914 0.493938702224294
915 0.493571756115099
916 0.493807003449604
917 0.493518726036065
918 0.493235594454426
919 0.493520992931884
920 0.493665915416574
921 0.493697771818973
922 0.493183970360857
923 0.493470853953654
924 0.493221493648830
925 0.492766498821605
926 0.493076955248871
927 0.492993206196752
928 0.492490635628949
929 0.493034301902373
930 0.493077746522734
931 0.492985401468966
932 0.493108454776095
933 0.493633338327287
934 0.494085026315728
935 0.493593680365409
936 0.493452106836332
937 0.493225826852074
938 0.493749804162148
939 0.494201433737174
940 0.494278614667700
941 0.494752119173422
942 0.495028855150646
943 0.494882961301068
944 0.494708462340061
945 0.495180464587337
946 0.494932835167539
947 0.494806847381600
948 0.494893604092567
949 0.494953512709502
950 0.494586681404089
951 0.494691240507037
952 0.494938307626981
953 0.494703352621061
954 0.495031000882214
955 0.495373000636624
956 0.495544397670768
957 0.495888177841253
958 0.496027644304621
959 0.495967746963113
960 0.495922971395671
961 0.496408629768694
962 0.496883577313133
963 0.496667289207614
964 0.496569494626878
965 0.496755214187559
966 0.496712807242314
967 0.497166199033946
968 0.497134923293302
969 0.497216265518655
970 0.496717551957997
971 0.496570794140412
972 0.496930304622172
973 0.497269724623786
974 0.496793846559186
975 0.496996025592751
976 0.496780883777422
977 0.496517001195125
978 0.496303775700267
979 0.496657196626010
980 0.496576319301288
981 0.496192712922713
982 0.496196026566502
983 0.496332019889984
984 0.496718699263756
985 0.496945168077073
986 0.496612357768993
987 0.496538352053747
988 0.496935214155285
989 0.497056466093425
990 0.496754288793661
991 0.496475082210219
992 0.496330958369362
993 0.496004056953994
994 0.496426319177419
995 0.496577238931695
996 0.496735170488574
997 0.496306953262703
998 0.496550151451501
999 0.496311292505710
1000 0.496170114218068
1001 0.496074425941586
1002 0.495888569952404
1003 0.495757017731880
1004 0.495757072628829
1005 0.495740392977110
1006 0.496190206734395
1007 0.495916528982416
1008 0.495855197369849
1009 0.495820219371904
1010 0.495639693589872
1011 0.495752093722093
1012 0.495667230509511
1013 0.495655934438384
1014 0.495631973828601
1015 0.495792679869861
1016 0.495680272043499
1017 0.495934608686298
1018 0.495517141075766
1019 0.495745573505488
1020 0.496225323589075
1021 0.496021958085908
1022 0.495548295270055
1023 0.495522635414696
1024 0.495975562070065
1025 0.496050745110655
1026 0.495634295422726
1027 0.496095928411425
1028 0.495907782807949
1029 0.496062197077411
1030 0.495756832474657
1031 0.495777639549344
1032 0.495410652004214
1033 0.495126460432610
1034 0.494687681486617
1035 0.494984855905896
1036 0.494802821001063
1037 0.494587678010412
1038 0.494808993876507
1039 0.495137047445581
1040 0.495053606476501
1041 0.494855911852089
1042 0.494626686901374
1043 0.495052509827499
1044 0.494696380988950
1045 0.494653014899557
1046 0.494602421551711
1047 0.494657844226314
1048 0.495123074774160
1049 0.494815686113650
1050 0.494476335752257
1051 0.494407106948879
1052 0.494763028297689
1053 0.494928197257825
1054 0.494921127744488
1055 0.495179272819166
1056 0.494922473984773
1057 0.494687825100243
1058 0.494990402184842
1059 0.494666288767557
1060 0.494254596716993
1061 0.494716698009443
1062 0.495031245954961
1063 0.495346976579798
1064 0.495677766627406
1065 0.495460394544443
1066 0.495024733326915
1067 0.495428439404810
1068 0.495771860855171
1069 0.495927717912165
1070 0.496003924795832
1071 0.496356464821487
1072 0.496823212585866
1073 0.496977471134708
1074 0.496599044610185
1075 0.496501911133716
1076 0.496130089137048
1077 0.496331565529128
1078 0.496411857972764
1079 0.496848469189248
1080 0.497047192104368
1081 0.497171970384075
1082 0.497543699328076
1083 0.497386697607350
1084 0.496941299084697
1085 0.496653342512429
1086 0.496332133577213
1087 0.495880652743995
1088 0.496272042117573
1089 0.496416510714404
1090 0.496829951905181
1091 0.496642591863028
1092 0.496815244835866
1093 0.496511940929583
1094 0.496954332233581
1095 0.496725380186097
1096 0.496273068354800
1097 0.496425918427973
1098 0.496034052658092
1099 0.495613808784482
1100 0.496051815438873
1101 0.496022329156059
1102 0.496050536168592
1103 0.496032257382441
1104 0.496292173478183
1105 0.496604068032670
1106 0.496256381290689
1107 0.496683428485497
1108 0.497096691625968
1109 0.497398411400306
1110 0.497529959795134
1111 0.497905136861893
1112 0.498235333270622
1113 0.498002550209188
1114 0.497810070155829
1115 0.497990711682270
1116 0.498243058683387
1117 0.498179882836914
1118 0.497875755208244
1119 0.497711331038141
1120 0.498131279014667
1121 0.497821550355699
1122 0.497970535515345
1123 0.498238796295051
1124 0.497861645288771
1125 0.498242715359496
1126 0.498028927711122
1127 0.497748871701833
1128 0.497394656161259
1129 0.497061188594169
1130 0.497251501594429
1131 0.496845278954143
1132 0.496443238122732
1133 0.496292061243010
1134 0.496539276107023
1135 0.496718750694073
1136 0.496517050710337
1137 0.496959599268684
1138 0.497250298234776
1139 0.497512861610096
1140 0.497568256510261
1141 0.497149237803098
1142 0.497084372047461
1143 0.497256016054414
1144 0.497317646716895
1145 0.497133513230753
1146 0.497463935475187
1147 0.497630255448002
1148 0.497973925151643
1149 0.497694503776440
1150 0.497849951700864
1151 0.498265018520382
1152 0.498234869699719
1153 0.498046612772883
1154 0.498021067808919
1155 0.497840884518829
1156 0.497928805687343
1157 0.498167216439587
1158 0.498263615756657
1159 0.498248979592732
1160 0.498057649095220
1161 0.497837983465146
1162 0.497520848791687
1163 0.497480797865740
1164 0.497720254260271
1165 0.498085408676689
1166 0.497795493118876
1167 0.498112464624980
1168 0.498507796416149
1169 0.498796602350111
1170 0.499206576196657
1171 0.499522576066819
1172 0.499695248144117
1173 0.499508029948518
1174 0.499456530706212
1175 0.499619647549410
1176 0.499566193753810
1177 0.499677897360811
1178 0.499612043508537
1179 0.499601712770407
1180 0.499686660102143
1181 0.499583597705361
1182 0.499601438391009
1183 0.499882224522653
1184 0.500270605212177
1185 0.500124972902799
1186 0.500067202312518
1187 0.500316271125222
1188 0.500113080037185
1189 0.500300611247317
1190 0.500523793215890
1191 0.500586798241421
1192 0.500326195341920
1193 0.500465102698660
1194 0.500376219441007
1195 0.500217659445242
1196 0.500551366259080
1197 0.500430262695264
1198 0.500141827451965
1199 0.500265440796437
1200 0.500634386749882
1201 0.500799864891394
1202 0.500540171740414
1203 0.500408479143521
1204 0.500666850548275
1205 0.500558302933600
1206 0.500378470387852
1207 0.500413141477189
1208 0.500696859713625
1209 0.500463999466877
1210 0.500125142346001
1211 0.500249511348677
1212 0.500643904372582
1213 0.500709723575300
1214 0.500834723838802
1215 0.500976780784963
1216 0.500933262032220
1217 0.501048334939749
1218 0.500927445074946
1219 0.501144446391742
1220 0.500817460981652
1221 0.500504112858650
1222 0.500605061933991
1223 0.500415033568534
1224 0.500625936921721
1225 0.500696911016433
1226 0.500961274902840
1227 0.500979182542440
1228 0.500736711309791
1229 0.500529179890865
1230 0.500904063251179
1231 0.500810071508282
1232 0.500737757128727
1233 0.500930676026990
1234 0.501128991252688
1235 0.501427985887018
1236 0.501204758698493
1237 0.500874803439833
1238 0.500610406564937
1239 0.500329457250742
1240 0.500144294537271
1241 0.499947019609075
1242 0.500337647229466
1243 0.500006194724714
1244 0.500327580246391
1245 0.500192363382805
1246 0.500575240554418
1247 0.500271687402984
1248 0.500328584540887
1249 0.500115551848577
1250 0.499948898128343
1251 0.499845308583126
1252 0.499799230134040
1253 0.499423677288762
1254 0.499092102547268
1255 0.499193080070736
1256 0.499003950674594
1257 0.498762657110014
1258 0.499008788563275
1259 0.498716401659246
1260 0.498749164316262
1261 0.498394490727987
1262 0.498118020591378
1263 0.497847388707329
1264 0.497993485790901
1265 0.498051084477433
1266 0.497663688910382
1267 0.497668216159269
1268 0.497650298292027
1269 0.497596340636781
1270 0.497354136799528
1271 0.497031150408645
1272 0.496854726667040
1273 0.496869345492475
1274 0.496805098118380
1275 0.496601943987966
1276 0.496340216252698
1277 0.495974132392448
1278 0.496337808148152
1279 0.496339364378115
1280 0.496387196234239
1281 0.496115732497563
1282 0.496484694207484
1283 0.496572930691321
1284 0.496460209323900
1285 0.496644614732268
1286 0.496896539075377
1287 0.496887391095897
1288 0.496720300089703
1289 0.496716758766638
1290 0.496824394072613
1291 0.496450127598738
1292 0.496234811317178
1293 0.495915340662018
1294 0.495816905522019
1295 0.495492160450432
1296 0.495246114849394
1297 0.495610953175787
1298 0.495953589245990
1299 0.496055145005895
1300 0.495760331238985
1301 0.496142119125686
1302 0.496307158490202
1303 0.496555299652635
1304 0.496577475689350
1305 0.496430630078563
1306 0.496369066784540
1307 0.496686122449021
1308 0.496520220036564
1309 0.496694260043398
1310 0.496743944581766
1311 0.496501848926412
1312 0.496410982343297
1313 0.496099808896410
1314 0.496152286470147
1315 0.496320345406232
1316 0.496662787069943
1317 0.496876568555441
1318 0.496879641097601
1319 0.496558047825361
1320 0.496935379169999
1321 0.496566756385189
1322 0.496823723353745
1323 0.496831652515462
1324 0.496690392349158
1325 0.496864020157960
1326 0.496963203647934
1327 0.496837323212761
1328 0.497122525408342
1329 0.496798061448060
1330 0.496637477235440
1331 0.496611615020736
1332 0.496671580510410
1333 0.496541458051352
1334 0.496570006506659
1335 0.496459348638963
1336 0.496448046571894
1337 0.496496313314954
1338 0.496145456115630
1339 0.496010736377557
1340 0.495959961711611
1341 0.495883637860803
1342 0.496245594839555
1343 0.496578929722891
1344 0.496672573625460
1345 0.496914678733717
1346 0.496829568314939
1347 0.496733961469606
1348 0.497072630034184
1349 0.496797622324754
1350 0.497124305277019
1351 0.496932556933424
1352 0.496793005864491
1353 0.497110052606316
1354 0.497127395747827
1355 0.497095031953083
1356 0.496998656852473
1357 0.496909084925721
1358 0.497016738931006
1359 0.496989014773195
1360 0.497174728425841
1361 0.497240363746789
1362 0.497494784304176
1363 0.497571147546448
1364 0.497635481428193
1365 0.497645468908556
1366 0.497422827362887
1367 0.497551341013023
1368 0.497273394473858
1369 0.497348158850779
1370 0.497583753777309
1371 0.497772551995441
1372 0.497452010590053
1373 0.497203188917424
1374 0.497372425853149
1375 0.497596990536795
1376 0.497677746252979
1377 0.497943048219685
1378 0.498230424209639
1379 0.498004937423827
1380 0.497686791460363
1381 0.497964743647884
1382 0.498103466323788
1383 0.498321801563425
1384 0.498213103288455
1385 0.497901266150853
1386 0.497703065617044
1387 0.497468201803639
1388 0.497143553514522
1389 0.497194286524265
1390 0.497370911375003
1391 0.497278739287715
1392 0.497394320513432
1393 0.497459483855297
1394 0.497404882815540
1395 0.497129847378306
1396 0.497184305870356
1397 0.497294737320299
1398 0.497626619839715
1399 0.497722844551086
1400 0.497569155694672
1401 0.497219195918494
1402 0.496996032119511
1403 0.497002294240913
1404 0.497120714494880
1405 0.497445342456038
1406 0.497451280254161
1407 0.497692963468526
1408 0.497481722737596
1409 0.497770709181268
1410 0.497891773553898
1411 0.497580079405867
1412 0.497619079964576
1413 0.497337727285798
1414 0.497409859466601
1415 0.497416207568922
1416 0.497622819250997
1417 0.497490455630391
1418 0.497669802667949
1419 0.497926806846304
1420 0.497684632780587
1421 0.497919807688837
1422 0.498168033375678
1423 0.498229138472012
1424 0.498036629288949
1425 0.497847881934255
1426 0.498101630486040
1427 0.498233084261545
1428 0.498343681847528
1429 0.498436609284968
1430 0.498122900598958
1431 0.498201823416858
1432 0.497953984136264
1433 0.497729809747574
1434 0.497985106350166
1435 0.497886260881041
1436 0.497685837017409
1437 0.497469848497921
1438 0.497400874088578
1439 0.497386633935013
1440 0.497636405952375
1441 0.497664841476707
1442 0.497787659282486
1443 0.497949661887228
1444 0.498121479316005
1445 0.497900773289041
1446 0.498092263935879
1447 0.497821718510356
1448 0.497853148882216
1449 0.498118773113442
1450 0.498147313595774
1451 0.498443209925753
1452 0.498500948782949
1453 0.498666672128027
1454 0.498343889838597
1455 0.498169720942467
1456 0.497950722417390
1457 0.497645121509607
1458 0.497803318373840
1459 0.497682221914408
1460 0.497776856010127
1461 0.497949295170287
1462 0.497949683162523
1463 0.498023771330006
1464 0.497837474402434
1465 0.498171835615108
1466 0.498002129658552
1467 0.497897747311233
1468 0.498054042243541
1469 0.498267743086226
1470 0.498540612882405
1471 0.498765477694722
1472 0.498701746648992
1473 0.498862207211777
1474 0.498839405617571
1475 0.498661845434515
1476 0.498786148054773
1477 0.498672918678600
1478 0.498681548333797
1479 0.498370253402317
1480 0.498221281512440
1481 0.497917148888644
1482 0.497581823905396
1483 0.497735455564275
1484 0.497854751881249
1485 0.497965695065929
1486 0.497689983623269
1487 0.497576126966705
1488 0.497701359999670
1489 0.497563472542298
1490 0.497318632910013
1491 0.497044499442256
1492 0.497071348941145
1493 0.497187307746545
1494 0.497024737998295
1495 0.496797433108708
1496 0.496835653215359
1497 0.496591923858183
1498 0.496877421098192
1499 0.496649958096574
1500 0.496689935060055
1501 0.496614686188114
1502 0.496441380578740
1503 0.496412098324228
1504 0.496100921396690
1505 0.496166628276939
1506 0.496327343317060
1507 0.496391324050285
1508 0.496478761623642
1509 0.496573788414220
1510 0.496679024101293
1511 0.496500157379426
1512 0.496371024824413
1513 0.496499825674721
1514 0.496431201230235
1515 0.496266029728327
1516 0.496262680853088
1517 0.496424898638224
1518 0.496600817095457
1519 0.496685876660757
1520 0.496436577605359
1521 0.496567484845227
1522 0.496342411771778
1523 0.496292587706369
1524 0.496086050489144
1525 0.495893756341231
1526 0.496187175018205
1527 0.496280512231407
1528 0.496212484631524
1529 0.496269312083861
1530 0.496574850322040
1531 0.496705798442331
1532 0.496879176329497
1533 0.496926184013241
1534 0.496940594747069
1535 0.496702706513679
1536 0.497021135048065
1537 0.497264804157995
1538 0.497447957348044
1539 0.497331761921335
1540 0.497563703037510
1541 0.497366864533770
1542 0.497633853506371
1543 0.497632971649087
1544 0.497493839109283
1545 0.497366692907604
1546 0.497482625391301
1547 0.497299753604344
1548 0.497292103364279
1549 0.497332696127163
1550 0.497631081988818
1551 0.497919336454199
1552 0.498142638825539
1553 0.498058343593848
1554 0.498005856518824
1555 0.497983179367787
1556 0.497853267629250
1557 0.497803725906824
1558 0.498020542185339
1559 0.497969702539449
1560 0.497699422973067
1561 0.497835700148647
1562 0.497829781260264
1563 0.497737161649855
1564 0.497548107223592
1565 0.497618707180400
1566 0.497431492531587
1567 0.497205988106849
1568 0.497238096268674
1569 0.497406162677183
1570 0.497267683339992
1571 0.497109009499792
1572 0.496918319601864
1573 0.497118058542927
1574 0.497168503123990
1575 0.496915935099217
1576 0.496807222322308
1577 0.497025536375901
1578 0.497273850526054
1579 0.497033955134236
1580 0.496778659646196
1581 0.496476521050680
1582 0.496517359686310
1583 0.496238330297052
1584 0.496208219231809
1585 0.495979302710247
1586 0.495846398515461
1587 0.496148687248154
1588 0.496249006107643
1589 0.496318978244975
1590 0.496319037960625
1591 0.496244824968380
1592 0.496214569574882
1593 0.496240723814326
1594 0.496539509995868
1595 0.496488078011949
1596 0.496651375164099
1597 0.496488714331566
1598 0.496413864055981
1599 0.496421580974088
1600 0.496521726901527
1601 0.496500745303419
1602 0.496215768968331
1603 0.495994478473743
1604 0.496251363638438
1605 0.496462155324277
1606 0.496310049662992
1607 0.496531882843620
1608 0.496773874682598
1609 0.496477297649725
1610 0.496486255173016
1611 0.496589751198114
1612 0.496735884368808
1613 0.497005010437733
1614 0.496886729483914
1615 0.497118536523506
1616 0.497395428279212
1617 0.497658942290369
1618 0.497469775409296
1619 0.497338285557900
1620 0.497502421445157
1621 0.497526661282783
1622 0.497611721991033
1623 0.497486589008199
1624 0.497418310653667
1625 0.497510464554918
1626 0.497698596161471
1627 0.497504807530982
1628 0.497336263852643
1629 0.497377837288970
1630 0.497284414738503
1631 0.497425866188098
1632 0.497618695620502
1633 0.497320589528017
1634 0.497041689531331
1635 0.497105381687795
1636 0.496976755838115
1637 0.496990529164293
1638 0.497266830859418
1639 0.497202474033257
1640 0.496923268049890
1641 0.496895961710101
1642 0.496803784756658
1643 0.496593662121065
1644 0.496720881456466
1645 0.496911398133219
1646 0.496750178282594
1647 0.496676964855081
1648 0.496654482442256
1649 0.496761399506958
1650 0.496817012006016
1651 0.496990333481593
1652 0.497030532558801
1653 0.497083467536283
1654 0.497171573128715
1655 0.497226533612024
1656 0.497491685229309
1657 0.497327577230003
1658 0.497388704172818
1659 0.497238786395662
1660 0.497156629970290
1661 0.497104901936049
1662 0.496839273439181
1663 0.496850065442483
1664 0.496957083179936
1665 0.497181675367365
1666 0.497128438164886
1667 0.497301461439614
1668 0.497363659089696
1669 0.497363388366484
1670 0.497168550840470
1671 0.496892345728397
1672 0.496952690251787
1673 0.496786637203991
1674 0.496726818791764
1675 0.496603149882735
1676 0.496620755987736
1677 0.496548880776081
1678 0.496360790540466
1679 0.496528820898079
1680 0.496761804657708
1681 0.496611888241921
1682 0.496336841459014
1683 0.496329746391992
1684 0.496445075182667
1685 0.496252564836548
1686 0.496146639263793
1687 0.496405491242305
1688 0.496427239300156
1689 0.496582211230050
1690 0.496746498557365
1691 0.496720227783032
1692 0.496785552992483
1693 0.496843892204327
1694 0.497036154900556
1695 0.496748499227323
1696 0.496984289238263
1697 0.497169696826687
1698 0.497313212533305
1699 0.497270840998689
1700 0.497443513639480
1701 0.497633735750355
1702 0.497590748418917
1703 0.497748833208843
1704 0.497791096292840
1705 0.497685691408136
1706 0.497542074684663
1707 0.497788476685002
1708 0.497579212086296
1709 0.497440588470044
1710 0.497664373000810
1711 0.497614329264048
1712 0.497334442893844
1713 0.497552460935888
1714 0.497789460221599
1715 0.497573062057929
1716 0.497722427888310
1717 0.497457177602150
1718 0.497335776894995
1719 0.497179604034910
1720 0.497372019225197
1721 0.497585498633715
1722 0.497800369151855
1723 0.497518089946321
1724 0.497778489454682
1725 0.497889369481763
1726 0.498107044059151
1727 0.498388623590602
1728 0.498488385551649
1729 0.498513581522555
1730 0.498416274406149
1731 0.498498030195517
1732 0.498473941585053
1733 0.498243273334855
1734 0.498340734836741
1735 0.498528111545223
1736 0.498512477999894
1737 0.498518990417106
1738 0.498504962286861
1739 0.498316303222066
1740 0.498357341410937
1741 0.498314664770108
1742 0.498074026601324
1743 0.498288532678986
1744 0.498366854013386
1745 0.498432440015086
1746 0.498280460540265
1747 0.498181943873132
1748 0.497986537327996
1749 0.498197742773239
1750 0.498271044380243
1751 0.498237540468067
1752 0.498300855464742
1753 0.498462200928343
1754 0.498243478819607
1755 0.498148151604577
1756 0.498115682809413
1757 0.498242022448584
1758 0.498079697506931
1759 0.498101857194878
1760 0.498106726908727
1761 0.498175983002710
1762 0.498320416442083
1763 0.498068933344524
1764 0.498146743644987
1765 0.497978344408942
1766 0.497815550699444
1767 0.497763016856640
1768 0.498038066509974
1769 0.497790423430493
1770 0.497783208992849
1771 0.497815495487889
1772 0.497793241807772
1773 0.497950792991701
1774 0.497816938299338
1775 0.498037499970595
1776 0.497806939289499
1777 0.497719638205954
1778 0.497544873127256
1779 0.497424339828470
1780 0.497678824821104
1781 0.497786070657569
1782 0.497587842905205
1783 0.497752575512545
1784 0.497652792598742
1785 0.497925801958577
1786 0.498084490773503
1787 0.498357635576670
1788 0.498595667100396
1789 0.498505845822577
1790 0.498394791688471
1791 0.498547171295559
1792 0.498674193838778
1793 0.498468552855122
1794 0.498381227921997
1795 0.498504787900301
1796 0.498704978922807
1797 0.498458507104628
1798 0.498487485872608
1799 0.498761409817378
1800 0.498739757291391
1801 0.498948304899276
1802 0.498931164593039
1803 0.498912153591659
1804 0.498653626902720
1805 0.498660460268392
1806 0.498613538294080
1807 0.498583358213774
1808 0.498774322520465
1809 0.498908953303663
1810 0.498997880962615
1811 0.499019158692842
1812 0.498868008157355
1813 0.498972622602254
1814 0.499191374360069
1815 0.499377132378902
1816 0.499474308372627
1817 0.499456042724919
1818 0.499592036983397
1819 0.499527531398129
1820 0.499444894665286
1821 0.499682996956331
1822 0.499432974217570
1823 0.499689439955975
1824 0.499515739507156
1825 0.499587033333517
1826 0.499335136997321
1827 0.499241629093863
1828 0.499513638283013
1829 0.499253797724800
1830 0.499334881409788
1831 0.499485304534547
1832 0.499635328742074
1833 0.499651506882436
1834 0.499795618888809
1835 0.499856475262595
1836 0.500112281770116
1837 0.500184869398620
1838 0.500118048843500
1839 0.500181250387573
1840 0.500179097731041
1841 0.500354566684213
1842 0.500356365825610
1843 0.500234670752261
1844 0.500252799024386
1845 0.500412131415946
1846 0.500334597604819
1847 0.500539931288030
1848 0.500745446910189
1849 0.500551614649660
1850 0.500736820639354
1851 0.500784532332937
1852 0.500678362714525
1853 0.500524139331854
1854 0.500587838648403
1855 0.500715673791407
1856 0.500825199775365
1857 0.501022530329380
1858 0.500821213339757
1859 0.500678573814380
1860 0.500620145226714
1861 0.500543189733880
1862 0.500352078616476
1863 0.500462511887892
1864 0.500208951274277
1865 0.500314120773565
1866 0.500193079090742
1867 0.500400226957621
1868 0.500494864933817
1869 0.500340860651183
1870 0.500204086859010
1871 0.500297961293691
1872 0.500438319330459
1873 0.500419559100671
1874 0.500624848638037
1875 0.500725628146594
1876 0.500912804343326
1877 0.500973004724650
1878 0.501136343592107
1879 0.501012331761416
1880 0.501243135894886
1881 0.501464265697922
1882 0.501436097607746
1883 0.501622398981833
1884 0.501452627454983
1885 0.501582586445923
1886 0.501627512598449
1887 0.501720570251874
1888 0.501854771643517
1889 0.501995465156490
1890 0.501905893980818
1891 0.502053297342428
1892 0.502195423505847
1893 0.502054751407386
1894 0.501804445050289
1895 0.501884209870260
1896 0.501932374507532
1897 0.501911046616293
1898 0.501841221967665
1899 0.501655135313884
1900 0.501645497975312
1901 0.501816971761599
1902 0.501731339181237
1903 0.501945730553886
1904 0.502179470908640
1905 0.502165462676053
1906 0.502044656665652
1907 0.502243623320005
1908 0.502281112814567
1909 0.502125185238590
1910 0.502069644015727
1911 0.501830054015419
1912 0.501855218468034
1913 0.502055805773262
1914 0.502228158147501
1915 0.502112064600658
1916 0.502117210554801
1917 0.502343320010250
1918 0.502522310010040
1919 0.502778198106692
1920 0.502947144597259
1921 0.502783064047513
1922 0.502949001334674
1923 0.502899101687342
1924 0.502868916637374
1925 0.503070826556188
1926 0.502928426972591
1927 0.502756812673335
1928 0.502502377685913
1929 0.502262007271418
1930 0.502415020671797
1931 0.502378223722236
1932 0.502240049361673
1933 0.502355729779577
1934 0.502227250412425
1935 0.502323572114867
1936 0.502256282910836
1937 0.502340682645756
1938 0.502364025102893
1939 0.502531358438410
1940 0.502293897865971
1941 0.502123843330381
1942 0.502072009926647
1943 0.502051182743505
1944 0.501870940534940
1945 0.501706273887854
1946 0.501836562196734
1947 0.501684109173885
1948 0.501916430862986
1949 0.502163787624753
1950 0.502363371464886
1951 0.502429803798065
1952 0.502196271411084
1953 0.502421618108438
1954 0.502452072110008
1955 0.502238421298871
1956 0.502132791819713
1957 0.502034996031775
1958 0.502119178851595
1959 0.502064665869870
1960 0.501930481808238
1961 0.501867844056456
1962 0.501663872882488
1963 0.501452491521916
1964 0.501609727816547
1965 0.501450156480251
1966 0.501428808344812
1967 0.501311661288811
1968 0.501205473302089
1969 0.501179750848565
1970 0.501308884664328
1971 0.501502197637640
1972 0.501304941834059
1973 0.501356734444675
1974 0.501196446135887
1975 0.501380667334584
1976 0.501373538210070
1977 0.501611425813615
1978 0.501775642486726
1979 0.501887740393359
1980 0.501861512264027
1981 0.501755990977951
1982 0.501952826696940
1983 0.501894239260935
1984 0.501897153792011
1985 0.501945756258520
1986 0.501980116124389
1987 0.501995925704268
1988 0.501766788359007
1989 0.501524621473094
1990 0.501390585364407
1991 0.501403424525363
1992 0.501519106893073
1993 0.501353930260103
1994 0.501120991905776
1995 0.501042756995793
1996 0.500808798191284
1997 0.500858351215842
1998 0.501096007634877
1999 0.501268470606141
2000 0.501404527846654
2001 0.501385911560103
2002 0.501620991693545
2003 0.501543792240089
2004 0.501421597168506
2005 0.501336188460356
2006 0.501251793220649
2007 0.501217823160403
2008 0.501131404270198
2009 0.500927875819185
2010 0.500732477476595
2011 0.500935462274812
2012 0.500703811676351
2013 0.500864981773643
2014 0.500657623805862
2015 0.500655171403430
2016 0.500817510262292
2017 0.500836872499943
2018 0.500854798926951
2019 0.500975850219268
2020 0.500884886659575
2021 0.500861662822867
2022 0.500724878707237
2023 0.500703277375000
2024 0.500896326695615
2025 0.501017001591382
2026 0.501013319909370
2027 0.501163597224214
2028 0.501169179481158
2029 0.501282011559327
2030 0.501336471562333
2031 0.501243989914377
2032 0.501020070753489
2033 0.501116485588693
2034 0.501267095615508
2035 0.501302637738382
2036 0.501398038346976
2037 0.501164205449363
2038 0.501157318928063
2039 0.501050937787067
2040 0.501181617097009
2041 0.501343611985543
2042 0.501333106273304
2043 0.501186150927161
2044 0.501338105104497
2045 0.501545723657387
2046 0.501779194603696
2047 0.501650085904481
2048 0.501613054005041
2049 0.501759355360113
2050 0.501675731676651
2051 0.501582303105196
2052 0.501808335884605
2053 0.501760711004337
2054 0.501854076457675
2055 0.502089644550744
2056 0.502014801698830
2057 0.501942508379517
2058 0.501904559523233
2059 0.501831648179547
2060 0.502010827122356
2061 0.502115382732155
2062 0.502004035263315
2063 0.501908496127264
2064 0.502069455415531
2065 0.502142139834218
2066 0.501917250041695
2067 0.501737792485206
2068 0.501529792353707
2069 0.501591984157518
2070 0.501532818945106
2071 0.501506200119883
2072 0.501565248519575
2073 0.501495841838514
2074 0.501376365380430
2075 0.501362584124115
2076 0.501402148987767
2077 0.501208260449000
2078 0.501399231699228
2079 0.501637900178517
2080 0.501406972676736
2081 0.501248498561523
2082 0.501429476333147
2083 0.501207932406011
2084 0.501069212867634
2085 0.500853403050559
2086 0.500745661943168
2087 0.500583891227874
2088 0.500629748648266
2089 0.500565731806904
2090 0.500456386717759
2091 0.500691362768753
2092 0.500884622476572
2093 0.500770715105242
2094 0.500927944033635
2095 0.501137071611446
2096 0.500970402866312
2097 0.500741361869486
2098 0.500913769826283
2099 0.500921465463211
2100 0.500756554198869
2101 0.500811839928083
2102 0.500829767425736
2103 0.500681685559462
2104 0.500648386643395
2105 0.500546951200298
2106 0.500567755970079
2107 0.500458565802100
2108 0.500527466718969
2109 0.500403641789416
2110 0.500311222329891
2111 0.500234049337927
2112 0.500403978917414
2113 0.500198565898383
2114 0.500401664348553
2115 0.500352081274621
2116 0.500140807643364
2117 0.499941695043188
2118 0.500145316217975
2119 0.500021988495379
2120 0.500010520127821
2121 0.500176709840695
2122 0.500133729688025
2123 0.499957347605741
2124 0.499788314884560
2125 0.499801341392817
2126 0.499595875650506
2127 0.499745927771670
2128 0.499547521276915
2129 0.499489986455784
2130 0.499394259100145
2131 0.499592902663855
2132 0.499397463909671
2133 0.499434369435528
2134 0.499296771658748
2135 0.499166466233947
2136 0.499182338011986
2137 0.499371352413024
2138 0.499555490023499
2139 0.499664084351503
2140 0.499542820876198
2141 0.499695804865670
2142 0.499683766246783
2143 0.499705199165650
2144 0.499544181634903
2145 0.499624094449459
2146 0.499482677404244
2147 0.499349006813330
2148 0.499328816434507
2149 0.499267910892690
2150 0.499098664643809
2151 0.499205616950857
2152 0.498974396105280
2153 0.498764972225526
2154 0.498566058597715
2155 0.498677030886837
2156 0.498587907858471
2157 0.498469723186225
2158 0.498313652060229
2159 0.498437039455405
2160 0.498668233644632
2161 0.498619771385830
2162 0.498472728830723
2163 0.498494819006133
2164 0.498560124397270
2165 0.498631233922120
2166 0.498831092590328
2167 0.498714634947403
2168 0.498843518247475
2169 0.498850760330205
2170 0.498918167844285
2171 0.499000794167040
2172 0.498848418313277
2173 0.498882065614178
2174 0.499093709102713
2175 0.498946502672484
2176 0.498837439895177
2177 0.498999808020893
2178 0.498940738724355
2179 0.498816922305809
2180 0.498973332521231
2181 0.499101540463678
2182 0.498879948582309
2183 0.498694752337221
2184 0.498485638967216
2185 0.498364213951715
2186 0.498272853413921
2187 0.498051771032327
2188 0.497920988733315
2189 0.497933297740359
2190 0.497842654852844
2191 0.497974978071219
2192 0.498123995317970
2193 0.497931673794419
2194 0.497858926034604
2195 0.498069008961050
2196 0.497871849290446
2197 0.497773056365367
2198 0.497713738593714
2199 0.497664874644076
2200 0.497576462888695
2201 0.497559909788038
2202 0.497598108094265
2203 0.497546571065510
2204 0.497349575803786
2205 0.497133154312432
2206 0.497085102824372
2207 0.496901078642836
2208 0.496705451183434
2209 0.496634727649430
2210 0.496647166111141
2211 0.496836246178586
2212 0.496766961066536
2213 0.496769785756025
2214 0.496962603579178
2215 0.496978215398477
2216 0.496908431618319
2217 0.496906836734999
2218 0.496858490638798
2219 0.497035833434508
2220 0.497055445320412
2221 0.497231651686931
2222 0.497354725960169
2223 0.497490674634615
2224 0.497575171446440
2225 0.497583263833500
2226 0.497512838070356
2227 0.497298986788849
2228 0.497480546699915
2229 0.497613618973563
2230 0.497726374455794
2231 0.497943761557262
2232 0.498133820915920
2233 0.498028357686200
2234 0.497942001719550
2235 0.497952071080408
2236 0.498099077381817
2237 0.498151598445569
2238 0.497966778829036
2239 0.497945134354982
2240 0.497764282741678
2241 0.497845467947192
2242 0.497795586779931
2243 0.497617493578182
2244 0.497563829837829
2245 0.497570875380289
2246 0.497773334844022
2247 0.497719709770756
2248 0.497675500332714
2249 0.497845268052261
2250 0.497776037901229
2251 0.497561417250984
2252 0.497362980447188
2253 0.497578573724460
2254 0.497444519553255
2255 0.497472896642129
2256 0.497512030107259
2257 0.497585097701212
2258 0.497549217353554
2259 0.497704997410116
2260 0.497652053759073
2261 0.497579683754470
2262 0.497611793322161
2263 0.497484107237066
2264 0.497533682498553
2265 0.497496231509260
2266 0.497664405851730
2267 0.497787268479714
2268 0.497884666527552
2269 0.497982163826407
2270 0.498186662157514
2271 0.498073913323432
2272 0.498230594552730
2273 0.498208957902807
2274 0.498428373693298
2275 0.498604445752501
2276 0.498806490253160
2277 0.498843427916846
2278 0.499016124005588
2279 0.499072805863865
2280 0.499150442802646
2281 0.499133763049953
2282 0.499270633288148
2283 0.499336628778431
2284 0.499418494993404
2285 0.499429317623811
2286 0.499337595135456
2287 0.499281698547368
2288 0.499301514609142
2289 0.499354321368131
2290 0.499565486941758
2291 0.499493086683380
2292 0.499634687659373
2293 0.499680758194475
2294 0.499876226185360
2295 0.499710640673219
2296 0.499746748428321
2297 0.499667344400722
2298 0.499545341324600
2299 0.499612311699332
2300 0.499662233977999
2301 0.499481715529681
2302 0.499393951647056
2303 0.499511401278799
2304 0.499683886032821
2305 0.499576672439018
2306 0.499466826544542
2307 0.499448010228190
2308 0.499376858044720
2309 0.499330471802764
2310 0.499171074239525
2311 0.498985924864979
2312 0.499064215552302
2313 0.499183422501412
2314 0.498997165499494
2315 0.499210207007672
2316 0.499037431589968
2317 0.499225687931373
2318 0.499313731543025
2319 0.499525405956813
2320 0.499612805949193
2321 0.499809856712860
2322 0.499727291711737
2323 0.499816255494239
2324 0.499869818475150
2325 0.500067680153699
2326 0.499930233710082
2327 0.499934850804626
2328 0.499925847879938
2329 0.500088096666121
2330 0.500193564960966
2331 0.500382200747260
2332 0.500560929370426
2333 0.500470911825888
2334 0.500587160148943
2335 0.500642324926839
2336 0.500466979912761
2337 0.500671693336330
2338 0.500792642813323
2339 0.500989277667521
2340 0.500942994875370
2341 0.500821888059018
2342 0.501032242446924
2343 0.501044160240739
2344 0.500987550470242
2345 0.500845010866391
2346 0.500827155344921
2347 0.500791986239216
2348 0.500612619360051
2349 0.500483557869974
2350 0.500450479094381
2351 0.500366879375551
2352 0.500537215816456
2353 0.500553022825247
2354 0.500681061053887
2355 0.500749350830647
2356 0.500623799567039
2357 0.500544504155949
2358 0.500753573761098
2359 0.500607844046152
2360 0.500453022285090
2361 0.500333368211707
2362 0.500451422155135
2363 0.500390205245055
2364 0.500446190399308
2365 0.500502305917351
2366 0.500438364473778
2367 0.500515622370253
2368 0.500571041816882
2369 0.500710324394805
2370 0.500842075949907
2371 0.500836735313643
2372 0.500771347951439
2373 0.500855146605501
2374 0.500653568382841
2375 0.500744672906351
2376 0.500709229701796
2377 0.500721540282467
2378 0.500877899515578
2379 0.500734188192423
2380 0.500691759100206
2381 0.500651754837671
2382 0.500543065192288
2383 0.500428315321168
2384 0.500318295191461
2385 0.500266029593593
2386 0.500238993570073
2387 0.500249215802911
2388 0.500272669258431
2389 0.500228523936448
2390 0.500430333103642
2391 0.500605120904645
2392 0.500588399897764
2393 0.500402759223527
2394 0.500276403399314
2395 0.500434082437355
2396 0.500268580336962
2397 0.500464682198326
2398 0.500450683004826
2399 0.500458355742462
2400 0.500361162207948
2401 0.500412067518983
2402 0.500314012196429
2403 0.500160154262708
2404 0.500042191978205
2405 0.499916307987696
2406 0.500000318142590
2407 0.499882386068556
2408 0.500018594203489
2409 0.500199633535754
2410 0.500286371755613
2411 0.500451218512237
2412 0.500477595560460
2413 0.500490019123167
2414 0.500613038145545
2415 0.500547556909128
2416 0.500378545837474
2417 0.500172860170116
2418 0.500293030140166
2419 0.500488813778477
2420 0.500608540824180
2421 0.500742081589455
2422 0.500841714203303
2423 0.500719024933884
2424 0.500887609765919
2425 0.500772903620570
2426 0.500915653029450
2427 0.500807523190565
2428 0.500973960658587
2429 0.500778951644626
2430 0.500590280157346
2431 0.500752456404859
2432 0.500648550874874
2433 0.500792537265276
2434 0.500934234831265
2435 0.501110787138981
2436 0.501150327101451
2437 0.501034987908427
2438 0.500879858570167
2439 0.500697596336603
2440 0.500653126803635
2441 0.500719122589639
2442 0.500863906962651
2443 0.500984383971047
2444 0.501177257220204
2445 0.501336476573840
2446 0.501406762308629
2447 0.501520471277177
2448 0.501365186052858
2449 0.501512736226990
2450 0.501404226216640
2451 0.501530740665892
2452 0.501421409102334
2453 0.501431833842326
2454 0.501304449928088
2455 0.501222196572683
2456 0.501038731515418
2457 0.501168142501607
2458 0.501046082225893
2459 0.500883051653906
2460 0.500840551998006
2461 0.500904212897137
2462 0.501024378588243
2463 0.501095750334733
2464 0.501095285030762
2465 0.500904271979381
2466 0.500890804472825
2467 0.500735207534799
2468 0.500612711384154
2469 0.500590114184633
2470 0.500422381970748
2471 0.500387820306388
2472 0.500384420169832
2473 0.500226145605214
2474 0.500086682212373
2475 0.500062252694691
2476 0.500260855030362
2477 0.500392904939690
2478 0.500218418818876
2479 0.500352234118268
2480 0.500446717396435
2481 0.500332164171015
2482 0.500425988525661
2483 0.500339713368298
2484 0.500361730683979
2485 0.500554650346828
2486 0.500584926341674
2487 0.500408784944633
2488 0.500503436885974
2489 0.500513232700790
2490 0.500625750785681
2491 0.500588070425307
2492 0.500563660726997
2493 0.500587802899878
2494 0.500545573568219
2495 0.500649797265904
2496 0.500656942748557
2497 0.500777212113964
2498 0.500799910928275
2499 0.500654669664622
2500 0.500726646483959
2501 0.500851779006753
2502 0.500712624745137
2503 0.500883361737222
2504 0.500985341896160
2505 0.500833653167134
2506 0.500994134168075
2507 0.500883253329065
2508 0.500858736450232
2509 0.500695396211489
2510 0.500707755256361
2511 0.500831541556047
2512 0.500845491662143
2513 0.500676198156640
2514 0.500785446012771
2515 0.500771835336116
2516 0.500743597521640
2517 0.500856236331031
2518 0.500934304051551
2519 0.500924049702283
2520 0.500869807561771
2521 0.500888488760476
2522 0.501016262232351
2523 0.500980129465081
2524 0.501087882132988
2525 0.501268979207357
2526 0.501428003085523
2527 0.501421102236370
2528 0.501415381894270
2529 0.501338313718536
2530 0.501433886063004
2531 0.501630305685589
2532 0.501540473910216
2533 0.501427016999006
2534 0.501280226892274
2535 0.501127596002582
2536 0.500954426617500
2537 0.500832619078703
2538 0.500957338978363
2539 0.501013273477123
2540 0.501199733839602
2541 0.501172017195286
2542 0.501080080780871
2543 0.501135835983148
2544 0.501033218332609
2545 0.501091916139859
2546 0.501267251156171
2547 0.501135143313826
2548 0.501031167643115
2549 0.500864970684048
2550 0.500976911180159
2551 0.501001286914215
2552 0.501096917270903
2553 0.501182013595286
2554 0.501262739613456
2555 0.501407435931746
2556 0.501424481776475
2557 0.501512098844343
2558 0.501338620091063
2559 0.501153239433850
2560 0.501003073701735
2561 0.500940001795581
2562 0.500908597023958
2563 0.500868461255285
2564 0.500939043026776
2565 0.500837782227023
2566 0.500837923512149
2567 0.500803905328931
2568 0.500758157590959
2569 0.500590912587416
2570 0.500410011628981
2571 0.500227211184333
2572 0.500383493234310
2573 0.500536210023638
2574 0.500535988103081
2575 0.500611255715614
2576 0.500635414581798
2577 0.500758840939916
2578 0.500805806836781
2579 0.500965108414833
2580 0.500883527547662
2581 0.500794718382208
2582 0.500833731025045
2583 0.500708966882887
2584 0.500537882799064
2585 0.500432384243207
2586 0.500483316218573
2587 0.500653099734507
2588 0.500657324459300
2589 0.500649437701123
2590 0.500787990483444
2591 0.500710419271428
2592 0.500791248612458
2593 0.500890298027335
2594 0.500966341174074
2595 0.500837348145532
2596 0.500939979740831
2597 0.500955570604789
2598 0.500878609737861
2599 0.500815517313350
2600 0.501003058036480
2601 0.500911213755522
2602 0.500951568731209
2603 0.500837143520683
2604 0.500984643103606
2605 0.500918348823976
2606 0.500883580950358
2607 0.500825069056166
2608 0.500856223006569
2609 0.500707618811048
2610 0.500622743544865
2611 0.500615570356467
2612 0.500467753245919
2613 0.500516467906301
2614 0.500404602919766
2615 0.500268394611226
2616 0.500235505845300
2617 0.500240599757793
2618 0.500068091048888
2619 0.499956449357384
2620 0.499914742153061
2621 0.499773688816077
2622 0.499955150104081
2623 0.500077133354527
2624 0.500247306382347
2625 0.500311718088846
2626 0.500205578463921
2627 0.500206534650495
2628 0.500217415180053
2629 0.500118138986782
2630 0.500279040447362
2631 0.500177064532815
2632 0.500170845509403
2633 0.500328858544352
2634 0.500512329838028
2635 0.500529122798252
2636 0.500364625488418
2637 0.500402556457955
2638 0.500264912398409
2639 0.500382052975643
2640 0.500219974976805
2641 0.500306898847886
2642 0.500480905032468
2643 0.500469623573299
2644 0.500371078984325
2645 0.500242114331178
2646 0.500411346515886
2647 0.500321455791665
2648 0.500323564500589
2649 0.500431542385471
2650 0.500373465980123
2651 0.500349945400907
2652 0.500492344535098
2653 0.500445262775559
2654 0.500431061353411
2655 0.500271428583039
2656 0.500418224191820
2657 0.500564300087632
2658 0.500517436686010
2659 0.500523220511202
2660 0.500657704043217
2661 0.500824679585852
2662 0.500778502023589
2663 0.500650488029751
2664 0.500540100461451
2665 0.500585056668373
2666 0.500409469804836
2667 0.500225686067283
2668 0.500078177386604
2669 0.499894117316829
2670 0.499836116003600
2671 0.499892639851591
2672 0.499822631707958
2673 0.499656244505213
2674 0.499598186505952
2675 0.499568634939336
2676 0.499399468078073
2677 0.499350899619056
2678 0.499202762866818
2679 0.499272815933522
2680 0.499409625425508
2681 0.499485693924283
2682 0.499409267490045
2683 0.499398649020371
2684 0.499519167383852
2685 0.499582503574013
2686 0.499510317114332
2687 0.499653517524351
2688 0.499735936139976
2689 0.499609348223526
2690 0.499560470234188
2691 0.499584032985361
2692 0.499615718921929
2693 0.499744104751032
2694 0.499738917284451
2695 0.499696812307147
2696 0.499683625852833
2697 0.499713271058258
2698 0.499538893345968
2699 0.499559939404492
2700 0.499604758068406
2701 0.499572927299651
2702 0.499705216713265
2703 0.499742112306639
2704 0.499877417919224
2705 0.499771232058838
2706 0.499941547986507
2707 0.500126086309136
2708 0.499992440331046
2709 0.499925894681432
2710 0.500016840577868
2711 0.499890387640515
2712 0.499785667052769
2713 0.499854068133723
2714 0.499940398071242
2715 0.500052679037162
2716 0.499892229643446
2717 0.499758238019311
2718 0.499674282786084
2719 0.499572882348663
2720 0.499642801185325
2721 0.499698044476759
2722 0.499766850624859
2723 0.499910424585219
2724 0.499838707004034
2725 0.499793089180254
2726 0.499798987753578
2727 0.499977104917892
2728 0.499838435207142
2729 0.499909756294491
2730 0.499789681394367
2731 0.499789121514491
2732 0.499802510942750
2733 0.499827868523142
2734 0.499958374929889
2735 0.499797067435720
2736 0.499917623538193
2737 0.499782347306512
2738 0.499608230144102
2739 0.499692141564081
2740 0.499782973022500
2741 0.499794376053049
2742 0.499718615623934
2743 0.499754349645563
2744 0.499723645859202
2745 0.499679550308444
2746 0.499507804419663
2747 0.499454554533192
2748 0.499428144156785
2749 0.499589447073945
2750 0.499619173833411
2751 0.499464078594163
2752 0.499570335473460
2753 0.499467467213353
2754 0.499447149014370
2755 0.499293840623719
2756 0.499291913087063
2757 0.499463911038653
2758 0.499559695837360
2759 0.499399714758837
2760 0.499232257235455
2761 0.499063065280107
2762 0.498916136026237
2763 0.498841297253786
2764 0.498970849793734
2765 0.498849784300366
2766 0.498725102765165
2767 0.498859432914720
2768 0.498702741933752
2769 0.498747503258705
2770 0.498711308578143
2771 0.498807710343819
2772 0.498876250179485
2773 0.498774270855108
2774 0.498676429455766
2775 0.498705320992549
2776 0.498709021828417
2777 0.498803637460298
2778 0.498898306330616
2779 0.499034674332480
2780 0.498990911555764
2781 0.499039958695680
2782 0.499183107112871
2783 0.499263495764598
2784 0.499324322836633
2785 0.499480907497982
2786 0.499333594198858
2787 0.499431959605507
2788 0.499399958982964
2789 0.499370197054191
2790 0.499395781740141
2791 0.499238917543309
2792 0.499362524181648
2793 0.499252725052827
2794 0.499387287200997
2795 0.499295602865278
2796 0.499236500625143
2797 0.499083080680559
2798 0.498911569792521
2799 0.499024000827815
2800 0.499164177754970
2801 0.498986978854334
2802 0.498880945641179
2803 0.498784238481620
2804 0.498722430600038
2805 0.498667433221786
2806 0.498683213614111
2807 0.498556096936852
2808 0.498509998496311
2809 0.498472986464971
2810 0.498366651142606
2811 0.498401677353254
2812 0.498523470200754
2813 0.498674371628110
2814 0.498542285846226
2815 0.498395780148084
2816 0.498299588724298
2817 0.498267320641265
2818 0.498095085547227
2819 0.498006343349217
2820 0.497927337671699
2821 0.497835523561231
2822 0.497760587625995
2823 0.497851360514420
2824 0.497881400420979
2825 0.497729968856155
2826 0.497579058964587
2827 0.497629217460553
2828 0.497648623562753
2829 0.497576840958875
2830 0.497430036443823
2831 0.497375583781168
2832 0.497467549943887
2833 0.497539429492255
2834 0.497547565546780
2835 0.497576363492253
2836 0.497434612271681
2837 0.497273178257108
2838 0.497221924904667
2839 0.497218395023626
2840 0.497197900091221
2841 0.497134451277031
2842 0.497309477570453
2843 0.497299560962126
2844 0.497362945434123
2845 0.497337700217483
2846 0.497354011165362
2847 0.497351484894887
2848 0.497347876957675
2849 0.497288552401483
2850 0.497296005391792
2851 0.497201891165871
2852 0.497113673780234
2853 0.497196587571141
2854 0.497257039081965
2855 0.497171074514779
2856 0.497233646474134
2857 0.497237024083720
2858 0.497143330343625
2859 0.497253359917657
2860 0.497402653299355
2861 0.497278972587948
2862 0.497384187030578
2863 0.497233590930573
2864 0.497194691416940
2865 0.497165105473911
2866 0.497259517026888
2867 0.497281511927268
2868 0.497127751904673
2869 0.497235758538964
2870 0.497132242727708
2871 0.496968065791799
2872 0.496819920201431
2873 0.496676833525475
2874 0.496730706080335
2875 0.496785660359052
2876 0.496723969272152
2877 0.496855678903723
2878 0.496934397521319
2879 0.496921791429884
2880 0.496799074088705
2881 0.496915276486798
2882 0.496978424534290
2883 0.496996934684269
2884 0.497056098633480
2885 0.496895449191931
2886 0.496804419199667
2887 0.496874844514863
2888 0.496965034803406
2889 0.496912157026030
2890 0.496885854802144
2891 0.496928161871283
2892 0.496788351528755
2893 0.496647655672759
2894 0.496815365321269
2895 0.496801149290697
2896 0.496935465562245
2897 0.496853622308775
2898 0.496738907040681
2899 0.496626412734165
2900 0.496789679598759
2901 0.496651738657860
2902 0.496676846025287
2903 0.496606943757902
2904 0.496768618270979
2905 0.496756157575098
2906 0.496669629191025
2907 0.496722549581001
2908 0.496574744614376
2909 0.496499752591548
2910 0.496603172141069
2911 0.496773509352257
2912 0.496726663965240
2913 0.496590170192413
2914 0.496615593778098
2915 0.496478304882554
2916 0.496348220787998
2917 0.496444235187043
2918 0.496285288412141
2919 0.496134635998197
2920 0.496253644925534
2921 0.496209023025012
2922 0.496132167515494
2923 0.496256769773555
2924 0.496171502461213
2925 0.496291862089940
2926 0.496431229362246
2927 0.496365467236364
2928 0.496313716845483
2929 0.496307426748317
2930 0.496428386997228
2931 0.496327913455052
2932 0.496303516518605
2933 0.496371049870234
2934 0.496225911347608
2935 0.496135360000790
2936 0.496035809865981
2937 0.495946142004494
2938 0.496080930842404
2939 0.496116930322832
2940 0.496134093843834
2941 0.496144910114512
2942 0.496153945062744
2943 0.496260303724495
2944 0.496187131399835
2945 0.496270708022510
2946 0.496233677335300
2947 0.496251410764661
2948 0.496328990085047
2949 0.496449339517608
2950 0.496411345798101
2951 0.496408618880101
2952 0.496360878977051
2953 0.496408647667431
2954 0.496578667573479
2955 0.496447932434286
2956 0.496566580226084
2957 0.496452405556215
2958 0.496439522665042
2959 0.496411563125592
2960 0.496374975105374
2961 0.496246431076974
2962 0.496121405548953
2963 0.496231628176016
2964 0.496229149331655
2965 0.496212843130893
2966 0.496324673059908
2967 0.496265148433995
2968 0.496225815602155
2969 0.496293913308305
2970 0.496286421999244
2971 0.496217078662554
2972 0.496328623546527
2973 0.496491636657121
2974 0.496549107311664
2975 0.496419422041408
2976 0.496508864471970
2977 0.496493986992426
2978 0.496639711258378
2979 0.496617943777479
2980 0.496547624300717
2981 0.496624900363515
2982 0.496472872065288
2983 0.496602453107665
2984 0.496599041773259
2985 0.496680236888989
2986 0.496831929639109
2987 0.496827442052954
2988 0.496747718247741
2989 0.496841328289125
2990 0.496973735651061
2991 0.496816663027231
2992 0.496721597754489
2993 0.496642421844691
2994 0.496582508947279
2995 0.496654716288253
2996 0.496623124320702
2997 0.496732138223303
2998 0.496752182474553
2999 0.496618003856414
3000 0.496563036620130
3001 0.496489967402405
3002 0.496364560299478
3003 0.496297948268848
3004 0.496365775652759
3005 0.496362846151160
3006 0.496268726244598
3007 0.496206613952524
3008 0.496319356097380
3009 0.496293781319168
3010 0.496455190748528
3011 0.496610232158082
3012 0.496664585769728
3013 0.496786062109467
3014 0.496723273026427
3015 0.496880789965295
3016 0.496855037600020
3017 0.496820767041138
3018 0.496704779390992
3019 0.496812657565805
3020 0.496912027070948
3021 0.496802792947026
3022 0.496839451722378
3023 0.496838443246417
3024 0.496870076707223
3025 0.496796872966692
3026 0.496889754177258
3027 0.496808006695304
3028 0.496908319821387
3029 0.497006605955074
3030 0.497116801037294
3031 0.497119083302822
3032 0.497275212430897
3033 0.497366658026068
3034 0.497511681358721
3035 0.497624198607487
3036 0.497661579704429
3037 0.497622453009313
3038 0.497746783893164
3039 0.497666724759027
3040 0.497628343339558
3041 0.497472325881045
3042 0.497326272248420
3043 0.497228650211229
3044 0.497375114160909
3045 0.497441900183630
3046 0.497465938764643
3047 0.497488474376922
3048 0.497617175159564
3049 0.497778292043708
3050 0.497724701573127
3051 0.497827747004705
3052 0.497888469661665
3053 0.497860000915295
3054 0.497867287141290
3055 0.497925654068561
3056 0.497880652410952
3057 0.497903994208373
3058 0.497909060488423
3059 0.497825818764232
3060 0.497982890335999
3061 0.498004571361603
3062 0.497855433306399
3063 0.497903926273980
3064 0.497970783830180
3065 0.498065639439163
3066 0.498066180018364
3067 0.498161459460727
3068 0.498248121550664
3069 0.498382820989666
3070 0.498362326765079
3071 0.498344556978444
3072 0.498357011398888
3073 0.498289484077979
3074 0.498131487615538
3075 0.498291355914097
3076 0.498435272303594
3077 0.498514065141809
3078 0.498616544312122
3079 0.498587562844944
3080 0.498620114363036
3081 0.498618963524957
3082 0.498466987367191
3083 0.498474043594108
3084 0.498445081188968
3085 0.498547822546050
3086 0.498546800281414
3087 0.498577812965158
3088 0.498693821511755
3089 0.498652044279591
3090 0.498794171101558
3091 0.498867690932851
3092 0.498927280235787
3093 0.498965471831283
3094 0.498981219274207
3095 0.498936760589782
3096 0.499084107801804
3097 0.499169114637473
3098 0.499197739410942
3099 0.499154707224611
3100 0.499276065091186
3101 0.499331238021349
3102 0.499297809447994
3103 0.499370798543915
3104 0.499312966374840
3105 0.499353682022990
3106 0.499223530998746
3107 0.499133189308706
3108 0.499107119310941
3109 0.499009978061800
3110 0.499023268080271
3111 0.498907475347122
3112 0.499059284091321
3113 0.498987429317081
3114 0.498853359170741
3115 0.498970236139155
3116 0.498814228678392
3117 0.498888534449984
3118 0.498838760520005
3119 0.498937843003829
3120 0.499052153483486
3121 0.498901174711840
3122 0.498823968627767
3123 0.498756599965351
3124 0.498899906415461
3125 0.498933637383498
3126 0.498940321062263
3127 0.498841201099363
3128 0.498775928871205
3129 0.498673798502561
3130 0.498733182695435
3131 0.498890510238032
3132 0.498760920591432
3133 0.498737606006557
3134 0.498720518610774
3135 0.498876537597787
3136 0.499029072399077
3137 0.498967335982882
3138 0.499059282763034
3139 0.499175645662165
3140 0.499218270708924
3141 0.499293742006444
3142 0.499341626457590
3143 0.499457361049353
3144 0.499541258997685
3145 0.499475390354399
3146 0.499387698039149
3147 0.499386879602205
3148 0.499470903887660
3149 0.499335987441577
3150 0.499458172784292
3151 0.499311506121184
3152 0.499299259745660
3153 0.499248098557208
3154 0.499402582617226
3155 0.499392918429918
3156 0.499377637325335
3157 0.499397453865252
3158 0.499546949924239
3159 0.499449015195619
3160 0.499495759616428
3161 0.499465688848719
3162 0.499536530170296
3163 0.499645613373357
3164 0.499669267144654
3165 0.499811720905508
3166 0.499731369881991
3167 0.499679021474398
3168 0.499696422830403
3169 0.499617272756415
3170 0.499489374847691
3171 0.499441363713865
3172 0.499492017484847
3173 0.499586383674702
3174 0.499667064455017
3175 0.499778178339910
3176 0.499625934512979
3177 0.499534316137173
3178 0.499422356800483
3179 0.499465434196756
3180 0.499547169077180
3181 0.499411113510405
3182 0.499434956159598
3183 0.499442219995786
3184 0.499434846753339
3185 0.499396375507208
3186 0.499266399269947
3187 0.499327302942531
3188 0.499463077669510
3189 0.499607253132353
3190 0.499602738312485
3191 0.499487247530208
3192 0.499366174205234
3193 0.499419609986837
3194 0.499448539784028
3195 0.499471708525670
3196 0.499385871168041
3197 0.499321213412957
3198 0.499174607460374
3199 0.499096815952562
3200 0.499000793627241
3201 0.499017991031819
3202 0.499074962367051
3203 0.499132213811545
3204 0.499287328275753
3205 0.499132127280647
3206 0.499114716823386
3207 0.499221581168930
3208 0.499334077735054
3209 0.499453075533057
3210 0.499468189313526
3211 0.499405223099087
3212 0.499539200803439
3213 0.499590595677297
3214 0.499500753687490
3215 0.499538395091536
3216 0.499615416861975
3217 0.499573078716522
3218 0.499491091368114
3219 0.499418390625949
3220 0.499298421357301
3221 0.499168318031188
3222 0.499053252385511
3223 0.499063029879717
3224 0.499181475095486
3225 0.499245094993141
3226 0.499365295742312
3227 0.499424291328724
3228 0.499299519795455
3229 0.499146400467038
3230 0.499154275741461
3231 0.499080070237258
3232 0.499122671717005
3233 0.499062283866140
3234 0.499031857855071
3235 0.499166118432315
3236 0.499305961574529
3237 0.499189739517647
3238 0.499334861512752
3239 0.499318901408368
3240 0.499369252906664
3241 0.499447215086608
3242 0.499519056999058
3243 0.499508591302927
3244 0.499648934831136
3245 0.499560038644050
3246 0.499462670215764
3247 0.499352163285646
3248 0.499499377711783
3249 0.499357066630533
3250 0.499430913190104
3251 0.499556541236915
3252 0.499611435042244
3253 0.499530697319331
3254 0.499396052006589
3255 0.499264453590381
3256 0.499338110175033
3257 0.499340448908827
3258 0.499318292488044
3259 0.499207535575097
3260 0.499344504094120
3261 0.499446421087399
3262 0.499500468192920
3263 0.499519637690928
3264 0.499515551744949
3265 0.499406251722457
3266 0.499464756496610
3267 0.499454436721897
3268 0.499402051281790
3269 0.499300822046062
3270 0.499423822328444
3271 0.499331581097131
3272 0.499187061607844
3273 0.499227434778250
3274 0.499123175836484
3275 0.499182208500817
3276 0.499209899877538
3277 0.499297722574903
3278 0.499393690623744
3279 0.499521601858282
3280 0.499526149305926
3281 0.499391215951732
3282 0.499405669499473
3283 0.499361394005226
3284 0.499446374547231
3285 0.499390172860952
3286 0.499340497065465
3287 0.499454018742646
3288 0.499510188243037
3289 0.499591498638741
3290 0.499444362089680
3291 0.499457553020385
3292 0.499443357949565
3293 0.499399022868232
3294 0.499461689209056
3295 0.499361133137500
3296 0.499405665001924
3297 0.499291040464440
3298 0.499248138039443
3299 0.499249138168729
3300 0.499364482564262
3301 0.499219469485284
3302 0.499129902667531
3303 0.499182980464720
3304 0.499073078263225
3305 0.499035963130228
3306 0.499045135566787
3307 0.499080189937730
3308 0.499202119784459
3309 0.499284180075792
3310 0.499207773466999
3311 0.499096107642737
3312 0.499129807585830
3313 0.499256307476009
3314 0.499382045696163
3315 0.499379593786358
3316 0.499402383944603
3317 0.499297003121887
3318 0.499263184639054
3319 0.499151876912572
3320 0.499040001860292
3321 0.499018188290271
3322 0.499156605506440
3323 0.499194884696595
3324 0.499225437074394
3325 0.499101518600878
3326 0.499245202273631
3327 0.499099729025775
3328 0.499104907115176
3329 0.499049178627732
3330 0.498970705574269
3331 0.498964859148713
3332 0.498833250988311
3333 0.498734572276188
3334 0.498661762764627
3335 0.498593622250815
3336 0.498728597346019
3337 0.498868299608672
3338 0.498981949228179
3339 0.499102791683271
3340 0.499228254379013
3341 0.499110513343456
3342 0.499084261784746
3343 0.499185087164433
3344 0.499232259666500
3345 0.499349551273320
3346 0.499259658693491
3347 0.499275952758209
3348 0.499220871880610
3349 0.499142929112149
3350 0.499206712123073
3351 0.499240853872741
3352 0.499151802899504
3353 0.499268149872350
3354 0.499369629797039
3355 0.499312719157087
3356 0.499376883972897
3357 0.499390404205922
3358 0.499293706023290
3359 0.499316516440726
3360 0.499286025060828
3361 0.499345394885145
3362 0.499266016667992
3363 0.499326162363473
3364 0.499342964187295
3365 0.499202609153645
3366 0.499150355317450
3367 0.499020831711862
3368 0.499091404327357
3369 0.499080525487031
3370 0.498976722699665
3371 0.498866922188423
3372 0.498771762692667
3373 0.498853575469561
3374 0.498869872171173
3375 0.498805037500163
3376 0.498920093180928
3377 0.498914023284647
3378 0.498842214121108
3379 0.498951303192642
3380 0.498935128190759
3381 0.498869616159998
3382 0.498795892586096
3383 0.498806264734474
3384 0.498852480735000
3385 0.498814938429694
3386 0.498680105881705
3387 0.498821533598531
3388 0.498869195374467
3389 0.498942641771379
3390 0.498885967282462
3391 0.498872381854502
3392 0.498907402505105
3393 0.499001451938073
3394 0.498921909358511
3395 0.499010589614515
3396 0.498893521419795
3397 0.498840340570700
3398 0.498975897691970
3399 0.498913750651264
3400 0.498906380571284
3401 0.498872813181037
3402 0.498958731177325
3403 0.498832811341156
3404 0.498893324435142
3405 0.499034527626502
3406 0.499131198830862
3407 0.499104225512008
3408 0.498974658712357
3409 0.499088827310825
3410 0.498944073719900
3411 0.498986754347622
3412 0.498915433495041
3413 0.498781009798787
3414 0.498909000173259
3415 0.498841211573270
3416 0.498948046411675
3417 0.499065835085069
3418 0.499075791443805
3419 0.499058570049287
3420 0.499118495365922
3421 0.499177142340710
3422 0.499036990741987
3423 0.499026334023878
3424 0.499140682368691
3425 0.499198334154002
3426 0.499168183008368
3427 0.499165664403714
3428 0.499044736524076
3429 0.498917322055691
3430 0.499021464324082
3431 0.499151214898634
3432 0.499172701265188
3433 0.499305333164562
3434 0.499407772369896
3435 0.499533131262590
3436 0.499643991827587
3437 0.499653156133280
3438 0.499641701391869
3439 0.499535310894750
3440 0.499563488741215
3441 0.499428211835905
3442 0.499454623433485
3443 0.499405316441612
3444 0.499425924715115
3445 0.499303937621067
3446 0.499440050570908
3447 0.499425176686209
3448 0.499401288065993
3449 0.499389150372482
3450 0.499358707031586
3451 0.499226642986161
3452 0.499236152091650
3453 0.499182847308484
3454 0.499249521399523
3455 0.499309807276479
3456 0.499276447812703
3457 0.499287629494174
3458 0.499246950128215
3459 0.499140762324563
3460 0.499121504465118
3461 0.499158968601704
3462 0.499197346364605
3463 0.499053496851548
3464 0.499044601893804
3465 0.499117768550602
3466 0.498994833925156
3467 0.499135330542627
3468 0.499202699361226
3469 0.499330532216928
3470 0.499467348130157
3471 0.499568151753498
3472 0.499634199598879
3473 0.499648338522686
3474 0.499701965697733
3475 0.499844966465211
3476 0.499976406005244
3477 0.500052750284697
3478 0.499980928535157
3479 0.500101976953729
3480 0.500193407265560
3481 0.500267299603552
3482 0.500299418169671
3483 0.500292777879985
3484 0.500416242912724
3485 0.500360364495959
3486 0.500237448167176
3487 0.500133041354656
3488 0.499995551931156
3489 0.500048890047564
3490 0.500121728425889
3491 0.500146215218058
3492 0.500084562515213
3493 0.500050360918254
3494 0.499925459660183
3495 0.499988357779678
3496 0.500001903372945
3497 0.499934362382565
3498 0.499934439756134
3499 0.499839714121277
3500 0.499734915431398
3501 0.499801582945973
3502 0.499940720769821
3503 0.499986183837211
3504 0.499864085277140
3505 0.499812545754270
3506 0.499792476538594
3507 0.499734212866951
3508 0.499871879392114
3509 0.499774204358319
3510 0.499782608711620
3511 0.499657120066974
3512 0.499735794659730
3513 0.499646765286882
3514 0.499680429244053
3515 0.499750919040403
3516 0.499786473811453
3517 0.499793128128006
3518 0.499698224660720
3519 0.499582195063703
3520 0.499581407141298
3521 0.499541253134278
3522 0.499588169784536
3523 0.499694971158731
3524 0.499823346295767
3525 0.499793767679322
3526 0.499725023183758
3527 0.499750846980385
3528 0.499872658104968
3529 0.499962641776676
3530 0.499844024821403
3531 0.499719270791125
3532 0.499691989703111
3533 0.499673967306351
3534 0.499552438982192
3535 0.499655561405792
3536 0.499572225781240
3537 0.499442745646800
3538 0.499437365489225
3539 0.499423660173480
3540 0.499283724723875
3541 0.499199648804551
3542 0.499264380842519
3543 0.499389830467769
3544 0.499416529815463
3545 0.499381673624423
3546 0.499264740757538
3547 0.499357939485289
3548 0.499437092570408
3549 0.499369662493291
3550 0.499284172001774
3551 0.499241402574832
3552 0.499248973299897
3553 0.499290354679061
3554 0.499270678653693
3555 0.499172719551831
3556 0.499217524131085
3557 0.499294235079764
3558 0.499227870876745
3559 0.499195263269131
3560 0.499221435190088
3561 0.499199696024542
3562 0.499278621803087
3563 0.499368648975706
3564 0.499462611515698
3565 0.499551251149945
3566 0.499460274855127
3567 0.499370396258381
3568 0.499429142745724
3569 0.499371901606052
3570 0.499430919382030
3571 0.499518282593356
3572 0.499655001088190
3573 0.499730281679449
3574 0.499861299567465
3575 0.499975463598263
3576 0.499880269047887
3577 0.499996881211989
3578 0.499990230493640
3579 0.499989077547383
3580 0.500034256450643
3581 0.499896478127438
3582 0.499982727962644
3583 0.499880803040268
3584 0.499965684357242
3585 0.499906739745125
3586 0.499860904452209
3587 0.499845715747897
3588 0.499865430466155
3589 0.499730700630416
3590 0.499766784678895
3591 0.499852365865973
3592 0.499809563509895
3593 0.499947096302131
3594 0.500000328278838
3595 0.500012559166576
3596 0.500043822910329
3597 0.500124327930564
3598 0.500020803760129
3599 0.499934404456587
3600 0.499846321594531
3601 0.499884100717865
3602 0.499750730629719
3603 0.499736535160538
3604 0.499839469252821
3605 0.499705377817045
3606 0.499782581416612
3607 0.499905764245810
3608 0.499775091392214
3609 0.499839131022388
3610 0.499936234058321
3611 0.500023835502268
3612 0.500149660070158
3613 0.500056872679362
3614 0.500147866034174
3615 0.500190355962536
3616 0.500106350542099
3617 0.500164618620923
3618 0.500216908486399
3619 0.500283634632598
3620 0.500314098516823
3621 0.500179033448316
3622 0.500151051742522
3623 0.500093055802988
3624 0.499997884955859
3625 0.499993316096912
3626 0.500036169713034
3627 0.500045780694444
3628 0.500089529986134
3629 0.500106288573603
3630 0.500157903420850
3631 0.500170518075712
3632 0.500233571031139
3633 0.500153665717029
3634 0.500232489927795
3635 0.500179655482547
3636 0.500303995879846
3637 0.500328388378633
3638 0.500191929707836
3639 0.500184507571365
3640 0.500076852545684
3641 0.500097209415401
3642 0.500074413580299
3643 0.500167686500197
3644 0.500097465665692
3645 0.500020716666815
3646 0.500099617476709
3647 0.500120381169341
3648 0.500161386264312
3649 0.500253460264794
3650 0.500325802344701
3651 0.500417402112551
3652 0.500432360326503
3653 0.500313929173755
3654 0.500190018075954
3655 0.500153326923276
3656 0.500100737093737
3657 0.500070838527402
3658 0.500175642940913
3659 0.500042029087179
3660 0.500144829627134
3661 0.500132037227320
3662 0.500179664810194
3663 0.500152247360354
3664 0.500128751637714
3665 0.500097635357119
3666 0.500081835896134
3667 0.500057547504401
3668 0.500145921433536
3669 0.500049395968696
3670 0.500158694200655
3671 0.500289090590087
3672 0.500272538668070
3673 0.500188883583804
3674 0.500147768530854
3675 0.500269692914677
3676 0.500176621773235
3677 0.500277206548342
3678 0.500350898347604
3679 0.500224064951079
3680 0.500176367821819
3681 0.500085412629828
3682 0.499984714474216
3683 0.499983501904503
3684 0.500097196884402
3685 0.500112953018512
3686 0.500211369164178
3687 0.500124114247941
3688 0.500241578660381
3689 0.500154898274293
3690 0.500041412115734
3691 0.500105424255458
3692 0.500053523581802
3693 0.500177187670267
3694 0.500220909177703
3695 0.500240102596833
3696 0.500158636927308
3697 0.500268988209190
3698 0.500316149503212
3699 0.500344544295211
3700 0.500299566952887
3701 0.500360092935181
3702 0.500474498952185
3703 0.500340398462417
3704 0.500360121129218
3705 0.500392579268720
3706 0.500351371006689
3707 0.500320529186486
3708 0.500365008567353
3709 0.500394024130549
3710 0.500281717970298
3711 0.500308469569162
3712 0.500295545406616
3713 0.500329569200731
3714 0.500425204618005
3715 0.500407901512644
3716 0.500306586956021
3717 0.500341724439652
3718 0.500278328302865
3719 0.500303959310277
3720 0.500267954668654
3721 0.500157331341925
3722 0.500178781473682
3723 0.500064225746857
3724 0.500119970817118
3725 0.500114141350224
3726 0.500176814220326
3727 0.500300501681345
3728 0.500393360263943
3729 0.500277033453806
3730 0.500347738948270
3731 0.500312706544368
3732 0.500201073926278
3733 0.500182797669726
3734 0.500237088541916
3735 0.500105937949723
3736 0.499985068463752
3737 0.499883332643056
3738 0.499872988589896
3739 0.499864284234812
3740 0.499740755000594
3741 0.499678706903282
3742 0.499605714477534
3743 0.499672938800125
3744 0.499649617699502
3745 0.499701569445885
3746 0.499595399385726
3747 0.499615726377765
3748 0.499603450220483
3749 0.499605792725613
3750 0.499623757294358
3751 0.499607835298887
3752 0.499703868265362
3753 0.499790511559256
3754 0.499915355143694
3755 0.500040345634759
3756 0.499910802169095
3757 0.499857907958123
3758 0.499941111757366
3759 0.499994134175052
3760 0.499939882960577
3761 0.499910697087969
3762 0.499922484256424
3763 0.499833815949097
3764 0.499957361908317
3765 0.500083239449159
3766 0.500140623436772
3767 0.500167894035326
3768 0.500158417015317
3769 0.500097251594225
3770 0.500139320297673
3771 0.500260615532278
3772 0.500385794953173
3773 0.500258769125705
3774 0.500310394942069
3775 0.500264548068604
3776 0.500273649662732
3777 0.500214597575126
3778 0.500235812553746
3779 0.500131760898831
3780 0.500076641030931
3781 0.500173398478867
3782 0.500221417007192
3783 0.500176572983261
3784 0.500082746680303
3785 0.500127371328990
3786 0.500188580278470
3787 0.500151128561427
3788 0.500082894028304
3789 0.500016658685360
3790 0.499897874319393
3791 0.499905726385012
3792 0.499778032936855
3793 0.499740224619198
3794 0.499739027781850
3795 0.499830251199404
3796 0.499758423485226
3797 0.499761016439465
3798 0.499669042556660
3799 0.499699399316325
3800 0.499739750494992
3801 0.499791603979033
3802 0.499832796349811
3803 0.499735861529998
3804 0.499701993218811
3805 0.499658944184114
3806 0.499551608253680
3807 0.499543764919691
3808 0.499444904518934
3809 0.499544220343475
3810 0.499517672829796
3811 0.499613170916459
3812 0.499520771565125
3813 0.499597791742382
3814 0.499535886538149
3815 0.499572487795266
3816 0.499530431801967
3817 0.499520613024775
3818 0.499492612515594
3819 0.499492488266865
3820 0.499435799483489
3821 0.499451602554144
3822 0.499526177957041
3823 0.499640377800574
3824 0.499725270891290
3825 0.499757257032877
3826 0.499747610910892
3827 0.499774576792493
3828 0.499796408112784
3829 0.499755517724504
3830 0.499743593026670
3831 0.499759159820446
3832 0.499745542630055
3833 0.499863454728700
3834 0.499863186330069
3835 0.499734265843209
3836 0.499677532764886
3837 0.499648455397717
3838 0.499531758784377
3839 0.499546361217459
3840 0.499468959505436
3841 0.499473869434189
3842 0.499547506694830
3843 0.499544393636088
3844 0.499665223943951
3845 0.499753124796375
3846 0.499829971053039
3847 0.499715273816748
3848 0.499767372740487
3849 0.499895281287139
3850 0.499935743196826
3851 0.499995708094301
3852 0.499894950923617
3853 0.499885638619131
3854 0.499903244727604
3855 0.499904494311022
3856 0.499952944630209
3857 0.499894193796613
3858 0.499896509077895
3859 0.500021231130712
3860 0.500111567182403
3861 0.500226862858164
3862 0.500118485311224
3863 0.500232547048802
3864 0.500245315974495
3865 0.500123251560181
3866 0.500095651261274
3867 0.500030853142081
3868 0.500031728074150
3869 0.500014431485241
3870 0.500013089540371
3871 0.500043163123244
3872 0.500039772871528
3873 0.500153200699528
3874 0.500070180468407
3875 0.500173336795584
3876 0.500099673730391
3877 0.500133122430038
3878 0.500034271471752
3879 0.499978938123393
3880 0.500038550984772
3881 0.499980366704806
3882 0.499866460000943
3883 0.499778894210176
3884 0.499883540172869
3885 0.500005075984971
3886 0.500070485999971
3887 0.499948331407706
3888 0.500072412894205
3889 0.500096805283640
3890 0.500068157118940
3891 0.500050398652573
3892 0.500080215270361
3893 0.500158942442319
3894 0.500269260251605
3895 0.500380181036684
3896 0.500506635664555
3897 0.500385969381589
3898 0.500334356208679
3899 0.500275202712808
3900 0.500234734454636
3901 0.500268783686995
3902 0.500315021073229
3903 0.500377983290582
3904 0.500268588112928
3905 0.500285313763446
3906 0.500216931329764
3907 0.500234304719808
3908 0.500178361618300
3909 0.500201513532111
3910 0.500301953272990
3911 0.500254666039716
3912 0.500160092115707
3913 0.500089882223005
3914 0.500120677044127
3915 0.500189300642598
3916 0.500208698281290
3917 0.500174807856044
3918 0.500087793749087
3919 0.500172137511899
3920 0.500234750221032
3921 0.500326292557157
3922 0.500239261078827
3923 0.500345368769363
3924 0.500336549663700
3925 0.500368113710282
3926 0.500486204362855
3927 0.500591896465000
3928 0.500644350790484
3929 0.500638751251867
3930 0.500707128002302
3931 0.500826582401244
3932 0.500709127708149
3933 0.500795766660153
3934 0.500818568903118
3935 0.500944621473391
3936 0.500907381860839
3937 0.500968748998866
3938 0.500880135002529
3939 0.500772902132231
3940 0.500803560114385
3941 0.500732667406667
3942 0.500738698030358
3943 0.500827862670645
3944 0.500723350640183
3945 0.500655672889438
3946 0.500530747230292
3947 0.500518853149310
3948 0.500443686439476
3949 0.500546779146591
3950 0.500491733624826
3951 0.500586445029435
3952 0.500555763069578
3953 0.500589657098731
3954 0.500567685301440
3955 0.500459917373611
3956 0.500386623346311
3957 0.500340935821011
3958 0.500350445828113
3959 0.500320831452709
3960 0.500364499680939
3961 0.500431944347601
3962 0.500443880413795
3963 0.500491781640651
3964 0.500453076922167
3965 0.500539917178725
3966 0.500444156754511
3967 0.500384569210463
3968 0.500423967880586
3969 0.500484846376439
3970 0.500595064759862
3971 0.500596500962186
3972 0.500524806291329
3973 0.500518270238640
3974 0.500392326624991
3975 0.500349527820113
3976 0.500333662619234
3977 0.500238539710454
3978 0.500285085603474
3979 0.500281337223600
3980 0.500379940607300
3981 0.500312288279821
3982 0.500337581031495
3983 0.500224091584872
3984 0.500184120989455
3985 0.500087127926826
3986 0.500124479664669
3987 0.500105014893293
3988 0.500149164931916
3989 0.500121124133269
3990 0.500222124554772
3991 0.500273472786079
3992 0.500195112387516
3993 0.500135394077046
3994 0.500115105258082
3995 0.500194128020406
3996 0.500263429489323
3997 0.500278642685194
3998 0.500302165108616
3999 0.500341768245404
4000 0.500241814437687
4001 0.500126251973507
4002 0.500003462825515
4003 0.499900575890687
4004 0.499976944668002
4005 0.500028807503439
4006 0.499951128968584
4007 0.499838542614966
4008 0.499748844536922
4009 0.499625773810824
4010 0.499647746130111
4011 0.499747133367807
4012 0.499754192381125
4013 0.499872053188886
4014 0.499852160647840
4015 0.499785867435111
4016 0.499736443032850
4017 0.499851248830029
4018 0.499790830087696
4019 0.499696431146511
4020 0.499700704818522
4021 0.499596873658308
4022 0.499574623216869
4023 0.499514784047148
4024 0.499567214302599
4025 0.499577308683006
4026 0.499655304042930
4027 0.499672374976228
4028 0.499796200822461
4029 0.499844820436740
4030 0.499742594052435
4031 0.499834015825982
4032 0.499755215955407
4033 0.499718142419546
4034 0.499765724870704
4035 0.499814057433485
4036 0.499792536840060
4037 0.499846826179605
4038 0.499741848662204
4039 0.499846354780927
4040 0.499880175252051
4041 0.499892270927291
4042 0.499962833264915
4043 0.499914156426943
4044 0.500024499660956
4045 0.499921920584928
4046 0.499996594684006
4047 0.500020571799272
4048 0.499965150185749
4049 0.499885990282601
4050 0.499922909393868
4051 0.499991911179978
4052 0.500008135749558
4053 0.500112636888219
4054 0.500211732085694
4055 0.500192244367786
4056 0.500271808757201
4057 0.500218345113586
4058 0.500258884394472
4059 0.500251172567602
4060 0.500350040525907
4061 0.500313984351889
4062 0.500209453028487
4063 0.500087896306701
4064 0.500107348648494
4065 0.500220563632868
4066 0.500122019954687
4067 0.500147730117681
4068 0.500183510488210
4069 0.500150207613390
4070 0.500134909149698
4071 0.500095441274138
4072 0.500102276501656
4073 0.500005181552691
4074 0.500043698474254
4075 0.500074824820567
4076 0.499955747521088
4077 0.499923165244264
4078 0.499813697600515
4079 0.499843031035142
4080 0.499776451566494
4081 0.499775990053903
4082 0.499655522777147
4083 0.499735124173019
4084 0.499666781898455
4085 0.499556964866507
4086 0.499629916721381
4087 0.499734037354237
4088 0.499801346599906
4089 0.499753826514432
4090 0.499636924165800
4091 0.499753755756609
4092 0.499832365461308
4093 0.499737319287638
4094 0.499832642793990
4095 0.499820430778196
4096 0.499864050462541
