1 0.000000123489066
2 0.045389917626976
3 0.030260491591741
4 0.022695677229049
5 0.018156877343084
6 0.020393532266591
7 0.017703767487618
8 0.078726732285323
9 0.075614453778955
10 0.126172066343390
11 0.114702046096988
12 0.117725276173674
13 0.110662837554277
14 0.102759748532506
15 0.107015126940007
16 0.103649111717758
17 0.097552762028667
18 0.094414091762213
19 0.089446101169820
20 0.088363477788118
21 0.097800375221304
22 0.094180843517358
23 0.090086093476014
24 0.086332522965424
25 0.084176802196534
26 0.084732009003347
27 0.086741298990991
28 0.083652472657189
29 0.109905229274858
30 0.121789456489843
31 0.117860764656406
32 0.139580624809079
33 0.154246908517277
34 0.149712267275307
35 0.145436932143428
36 0.141397393739571
37 0.138472938973903
38 0.134831886180998
39 0.131449051025896
40 0.129467514235987
41 0.139470229140732
42 0.136149509399301
43 0.132983791062609
44 0.132644761050895
45 0.132848110809475
46 0.130029537899775
47 0.133943011771170
48 0.131152564870217
49 0.143155386991132
50 0.140305095720868
51 0.137554015412616
52 0.134908822508145
53 0.132363378286862
54 0.131838341837555
55 0.129466312799863
56 0.128114568908184
57 0.125937796040285
58 0.123776047488477
59 0.121774038514736
60 0.119744471539395
61 0.117781447525144
62 0.117177030905604
63 0.115317166503886
64 0.113535864581219
65 0.113592184605334
66 0.111871090926358
67 0.112875693671641
68 0.115153134427332
69 0.113784094836264
70 0.112630791540647
71 0.111044442580184
72 0.109502338605454
73 0.108002306569763
74 0.106613284698228
75 0.105191774244876
76 0.111756348319830
77 0.110335039739648
78 0.109386057511008
79 0.113741371360355
80 0.112319604218352
81 0.113925510909436
82 0.112536400587617
83 0.112409718227388
84 0.111071507296118
85 0.109764783680869
86 0.108803775211371
87 0.107697849363860
88 0.106771618387730
89 0.105648031828835
90 0.104805416890500
91 0.106771265487743
92 0.105622548997246
93 0.106213709067741
94 0.105083775992554
95 0.112633293688871
96 0.111476449858397
97 0.117206106136114
98 0.116246918077077
99 0.118533811159436
100 0.121107965608657
101 0.119908876840255
102 0.119399753100403
103 0.118242743751968
104 0.117105795065946
105 0.115990501784671
106 0.122149242267845
107 0.121405189729764
108 0.120304976227124
109 0.119358669435768
110 0.118274291667609
111 0.120396214554536
112 0.119336503960884
113 0.118288394552547
114 0.117250810892435
115 0.116425391322696
116 0.115421840402299
117 0.114435458192849
118 0.113547051190327
119 0.112592881245450
120 0.114618403597155
121 0.117595057835871
122 0.116631165665894
123 0.115721318936913
124 0.118263571748866
125 0.117321350205330
126 0.119964111601602
127 0.119019515548335
128 0.118098535337339
129 0.117713058680237
130 0.121323156070852
131 0.120397032705413
132 0.120017213610047
133 0.119164083474327
134 0.118359218773847
135 0.124382572729638
136 0.123469082499937
137 0.125255692422378
138 0.124460017161278
139 0.129789180643078
140 0.132001817656674
141 0.132812858577422
142 0.131877559790130
143 0.130955339093822
144 0.134887350701504
145 0.137298592305205
146 0.136753692664949
147 0.135823411466096
148 0.134905685928545
149 0.134468863553336
150 0.133572411738434
151 0.132736276443736
152 0.131863011840131
153 0.136030416409047
154 0.135151542765600
155 0.134549047540468
156 0.133736604130745
157 0.132948520527759
158 0.132317204583171
159 0.131485022335031
160 0.130663241111265
161 0.130325971399863
162 0.133552261074568
163 0.132739194015776
164 0.131929826195437
165 0.131130567379433
166 0.130420394567344
167 0.129668057851432
168 0.130894503207760
169 0.130225057766009
170 0.131763567512500
171 0.130999037244518
172 0.130237415615801
173 0.129485434955788
174 0.128741280387035
175 0.128061860514059
176 0.127334411544441
177 0.130102902672607
178 0.129372002089300
179 0.128649253482416
180 0.127934535407534
181 0.127227714770071
182 0.127003095155771
183 0.126309188262543
184 0.126297173191513
185 0.129727060095029
186 0.130685034679851
187 0.133405285514739
188 0.132736708659120
189 0.132040119855547
190 0.131345171916368
191 0.130657500859215
192 0.130013958554585
193 0.129340311101692
194 0.128674284366245
195 0.128982706781947
196 0.128324631747357
197 0.127682318916086
198 0.127460944412342
199 0.127081249473203
200 0.126807537504749
201 0.126182745995685
202 0.125561368489771
203 0.124942844241861
204 0.127137367029530
205 0.130072122655587
206 0.129453352669405
207 0.130625985683786
208 0.129997983796642
209 0.129838467123171
210 0.130039326373235
211 0.129598682252834
212 0.129020132965121
213 0.128414406268497
214 0.127826603324302
215 0.127315581001643
216 0.126728443128475
217 0.126588473796900
218 0.126051409944995
219 0.125729217791815
220 0.125165085336924
221 0.124598727490463
222 0.124051178661661
223 0.124015976149583
224 0.125930969690192
225 0.125371276556093
226 0.125696051704973
227 0.125793855493398
228 0.127408726434310
229 0.127396301191534
230 0.126843481387003
231 0.126297194753540
232 0.125760181448023
233 0.125281136504543
234 0.126532418145295
235 0.125994255930664
236 0.125460387421608
237 0.124945551603881
238 0.124591024952972
239 0.124202056958351
240 0.125137395799449
241 0.124618819777591
242 0.124220606954019
243 0.123709557696690
244 0.123202824704875
245 0.122828274501200
246 0.122501384757912
247 0.122006097675805
248 0.121514965250792
249 0.121027467961429
250 0.121746605853575
251 0.121263443202108
252 0.123621699689576
253 0.126904772529453
254 0.126588117017067
255 0.126092177144154
256 0.126411661526341
257 0.125919818002470
258 0.126445679244995
259 0.125958493181845
260 0.125933254473010
261 0.125500295915408
262 0.125121389372721
263 0.124645642903553
264 0.124173538517289
265 0.123713232924286
266 0.123313313691824
267 0.122862384003011
268 0.122955641441552
269 0.122501074676588
270 0.122372195278686
271 0.123273824846292
272 0.122918206533705
273 0.122510262102490
274 0.122063144399129
275 0.121692870256400
276 0.121251954070667
277 0.121479122728676
278 0.121042147499255
279 0.120608345139343
280 0.121519185747497
281 0.121087048189337
282 0.120657976291446
283 0.122702760186680
284 0.123110310784586
285 0.122678346926828
286 0.122249475876496
287 0.121836559008054
288 0.121819799360334
289 0.122101339930263
290 0.122918129404287
291 0.123712114091283
292 0.124942587944475
293 0.124516162729648
294 0.125255275113684
295 0.124830697618656
296 0.127440481543004
297 0.127141273803208
298 0.128067964394877
299 0.127639646447201
300 0.127214189321548
301 0.128111728847767
302 0.130215581176931
303 0.130373991480219
304 0.129945129666139
305 0.129963384891531
306 0.129538667948719
307 0.129164815666535
308 0.128750216576131
309 0.128333620801798
310 0.129249101814821
311 0.128833520046802
312 0.128582026082466
313 0.128172575541953
314 0.127765397833266
315 0.127362290832044
316 0.126961890182841
317 0.126595348915874
318 0.127351434926682
319 0.127047807589538
320 0.126650972966624
321 0.126256426962502
322 0.125864326417704
323 0.126503075858322
324 0.126283256397269
325 0.126995499556307
326 0.126619378813355
327 0.126232266060325
328 0.125858420826883
329 0.125518706964225
330 0.127248398594039
331 0.129263973187317
332 0.129121335801971
333 0.128733584817922
334 0.128349096483121
335 0.127965980423480
336 0.127599489750497
337 0.127221437180167
338 0.128789908913822
339 0.128410013603854
340 0.128364897890661
341 0.128421037663756
342 0.128768622435433
343 0.131006474961112
344 0.130625720752339
345 0.130247673768939
346 0.129871235407046
347 0.129498888017342
348 0.129126788903307
349 0.130933545796483
350 0.130572446725340
351 0.131081273639015
352 0.131105810454082
353 0.130736643389177
354 0.130368009082672
355 0.130078515424297
356 0.129718035836649
357 0.129356201288850
358 0.128995741278009
359 0.130936318239983
360 0.130574842219965
361 0.130353123834805
362 0.129993111564709
363 0.129635003819839
364 0.129278952108778
365 0.128984054221469
366 0.128631638799718
367 0.129973367854067
368 0.130483783371533
369 0.130262167321160
370 0.129957769470845
371 0.129607479020133
372 0.130220803968509
373 0.129875640420517
374 0.129528380232730
375 0.129245845995822
376 0.128903994024954
377 0.128567414728429
378 0.128227300703995
379 0.129102671110342
380 0.129064376193219
381 0.128725624549667
382 0.128796868667817
383 0.128460624318960
384 0.128126301310546
385 0.127793587705561
386 0.127710252267600
387 0.129549375506297
388 0.129215488800402
389 0.128893929899545
390 0.128563996562962
391 0.128263936591959
392 0.128571269472069
393 0.128245487335995
394 0.127920043791095
395 0.127930435673010
396 0.129828432007131
397 0.129506616520720
398 0.129603184364639
399 0.129382238847642
400 0.129059053992590
401 0.128802492276881
402 0.128482088067237
403 0.130132904801287
404 0.130068498188524
405 0.129749730485619
406 0.129477166507906
407 0.129159041157956
408 0.128843879377689
409 0.128529095740902
410 0.128230439939422
411 0.127918443751669
412 0.127678371067620
413 0.127369222469400
414 0.127084956636124
415 0.126780423667956
416 0.126476088369500
417 0.126173719261600
418 0.125871869824695
419 0.125576453477107
420 0.125918557018096
421 0.125887924582129
422 0.125589612428049
423 0.126173470574678
424 0.126325708844856
425 0.126071611297497
426 0.126008822548679
427 0.125725022611984
428 0.125436078004947
429 0.125758250894325
430 0.125558653214418
431 0.126517163638203
432 0.126225096339981
433 0.126743529074621
434 0.126451568531142
435 0.126536510469007
436 0.126246589194684
437 0.125957754410895
438 0.125670446724596
439 0.125385348232111
440 0.126385508926440
441 0.126813928082321
442 0.126527018742777
443 0.126241410291794
444 0.125957082791146
445 0.125748771390091
446 0.125467434310764
447 0.125186946917050
448 0.124935536105624
449 0.125437551404578
450 0.125158801290345
451 0.125032862266689
452 0.125923385264037
453 0.125645408701430
454 0.125368656704037
455 0.126094539816646
456 0.125838234580168
457 0.126723777142601
458 0.126447087677789
459 0.126310175199472
460 0.126040847488004
461 0.125767492861555
462 0.127544303340449
463 0.127268829729829
464 0.126994650714537
465 0.127217255481846
466 0.127190054206800
467 0.127116777413765
468 0.128175279168384
469 0.127901984357040
470 0.127703345613264
471 0.127432213244845
472 0.127162454805450
473 0.126893699782003
474 0.126643607944319
475 0.126383482184542
476 0.127839506639015
477 0.127571499356394
478 0.127823428687212
479 0.127558469748627
480 0.127480327864062
481 0.127643842991106
482 0.128404594785410
483 0.129757669135329
484 0.129720890458218
485 0.129453425432116
486 0.129187583182486
487 0.128973483848484
488 0.128709347398614
489 0.128486764440495
490 0.128676527004592
491 0.128414456684827
492 0.128169792993418
493 0.127933537489036
494 0.127678352623993
495 0.127427057124844
496 0.127237525310605
497 0.127065096192830
498 0.127616829376451
499 0.129324217722789
500 0.130888909247162
501 0.131129167703619
502 0.131830900087417
503 0.131612530542375
504 0.131437199296521
505 0.131185018800074
506 0.130937224974384
507 0.130678966754174
508 0.130430201000997
509 0.130174353923067
510 0.130361284529886
511 0.130288864309103
512 0.130034397139497
513 0.130058852730485
514 0.130111952274036
515 0.130150255061790
516 0.129898029865193
517 0.130622303910807
518 0.130370137306551
519 0.130618420086327
520 0.131452021782018
521 0.131317625303590
522 0.131088997798538
523 0.131096902551195
524 0.130847009408376
525 0.130598037750373
526 0.130589642998866
527 0.131268992544229
528 0.132674213651799
529 0.132461141127438
530 0.132211847593291
531 0.131989405246105
532 0.131796740588898
533 0.131602289515762
534 0.131355856595538
535 0.131126679523573
536 0.130882040197246
537 0.132029133355229
538 0.132084032942505
539 0.133370866481450
540 0.133134143201277
541 0.132906851307072
542 0.132671204377662
543 0.132477442734791
544 0.132303423466742
545 0.132060675685463
546 0.131917611966868
547 0.131676446324020
548 0.131436160838031
549 0.131623082546314
550 0.131383776988076
551 0.131145427405666
552 0.132406400244532
553 0.132192390391605
554 0.131953775968756
555 0.131716053257708
556 0.131479153881345
557 0.131749886865117
558 0.132182932833021
559 0.131946690081327
560 0.133066046646368
561 0.132913250655382
562 0.132676750278057
563 0.132441213651905
564 0.132763163103533
565 0.132528184940506
566 0.132714452022662
567 0.132484264045625
568 0.132304030423926
569 0.132071665274968
570 0.131932616559148
571 0.131701564247625
572 0.131471316913675
573 0.131420663372570
574 0.131235929164529
575 0.131007717111871
576 0.131475422939623
577 0.131247705863733
578 0.131021117153559
579 0.130796015168491
580 0.131207981034492
581 0.131366357561118
582 0.131323387274095
583 0.131441289322518
584 0.131216322231516
585 0.130993365896726
586 0.130828022751488
587 0.130637839810141
588 0.130418663550655
589 0.130198493141109
590 0.129980697384179
591 0.130280296549870
592 0.130061167001362
593 0.129846372837419
594 0.129941697256040
595 0.129724222707606
596 0.129506608178016
597 0.129290512561199
598 0.129074310753288
599 0.129018802918794
600 0.129650001652084
601 0.129434330778610
602 0.129219733035344
603 0.129082402755001
604 0.128868800077721
605 0.129108932000154
606 0.128895880957249
607 0.128814616533401
608 0.128604249928439
609 0.128393081963631
610 0.128182601551989
611 0.128626059009172
612 0.128420589491175
613 0.128211112389957
614 0.128002299503328
615 0.127794998281431
616 0.127587539004291
617 0.127480087736054
618 0.127583413148528
619 0.127444952406951
620 0.127244758281722
621 0.128476926260988
622 0.128270371717255
623 0.128147599281360
624 0.128006528966363
625 0.127802157086772
626 0.127601938192163
627 0.127398450602020
628 0.127195733996721
629 0.127693798757876
630 0.128815990851841
631 0.128816432876692
632 0.128612609407227
633 0.128418116744943
634 0.129424772486953
635 0.130372656646825
636 0.130239444040287
637 0.130039738462669
638 0.130696877793713
639 0.130493314803466
640 0.130541325308536
641 0.131666245388963
642 0.131794229591033
643 0.131802788414716
644 0.131604544222816
645 0.131407341037620
646 0.131215931725643
647 0.131791577631714
648 0.131589475631223
649 0.131387501424464
650 0.131185366817652
651 0.130983853197353
652 0.130811435599122
653 0.130737154528230
654 0.131332783146262
655 0.131132275082611
656 0.130968245400469
657 0.131079561239083
658 0.130881747449034
659 0.130684334543859
660 0.130585244491526
661 0.131607075623112
662 0.131408273461022
663 0.131462129123132
664 0.131371494586353
665 0.131180746003014
666 0.130986290247993
667 0.130793387466176
668 0.130598308001497
669 0.130409748879776
670 0.130221230872542
671 0.130027160840068
672 0.129923579759515
673 0.131030940939151
674 0.131922592891028
675 0.131728146397605
676 0.131533375638585
677 0.131439367532182
678 0.131245531766415
679 0.131052239378517
680 0.131021184551214
681 0.130830005479272
682 0.130638202295555
683 0.130447023234768
684 0.130494566486459
685 0.130307485061199
686 0.130149979951684
687 0.131084987026641
688 0.130894486340547
689 0.130705174539781
690 0.131440396393295
691 0.132040462045576
692 0.131857189029162
693 0.132668863048852
694 0.132529118587414
695 0.132339067758079
696 0.132499590576552
697 0.132414214690068
698 0.132224509874981
699 0.132173394950556
700 0.131996494118732
701 0.131808416072819
702 0.131620656347790
703 0.131433460001450
704 0.132548972567155
705 0.132424823209054
706 0.132535199396183
707 0.132357547873657
708 0.132199478022537
709 0.132013018956398
710 0.131827085128574
711 0.131902876610712
712 0.132403454385574
713 0.132217755492310
714 0.132042788063869
715 0.131858347321019
716 0.131674188542179
717 0.131745954363527
718 0.131562464176391
719 0.131381309015234
720 0.131395059179428
721 0.131212820158929
722 0.131031085380634
723 0.130849853160617
724 0.130758633178742
725 0.130579490438493
726 0.130411080296761
727 0.130235518404376
728 0.130067124853989
729 0.129910118064591
730 0.129951268897902
731 0.129773496984998
732 0.130000808209582
733 0.130182935326845
734 0.130043226160031
735 0.129866325102765
736 0.129745398049037
737 0.130246696495225
738 0.130397717499509
739 0.131019165221901
740 0.130842256999358
741 0.131335533360781
742 0.131190306362365
743 0.131159119419689
744 0.130982831916021
745 0.130809329060225
746 0.130639801403032
747 0.130464915457379
748 0.130290522474459
749 0.130116571901031
750 0.129943095250232
751 0.129846554149966
752 0.129673886540649
753 0.129517988347607
754 0.130000287812160
755 0.129829483307280
756 0.129657751189668
757 0.129646049738847
758 0.129545272884763
759 0.129374595404034
760 0.129204518275884
761 0.129035669729122
762 0.128869122194532
763 0.128711097401327
764 0.128542627711694
765 0.128374598160993
766 0.128207007861955
767 0.128039854010137
768 0.128380367502749
769 0.128213493354393
770 0.128046982329443
771 0.127942569668514
772 0.127776868816716
773 0.127611568857056
774 0.127593374457431
775 0.127567379097360
776 0.127463419132864
777 0.127299373574952
778 0.127242668394965
779 0.127079327358121
780 0.127590370986065
781 0.127427230209470
782 0.127415875126564
783 0.128193541130860
784 0.128030637490707
785 0.127868862929422
786 0.127928871172909
787 0.127774432807138
788 0.127614107725058
789 0.127575754257873
790 0.127415159060111
791 0.127254077948785
792 0.127165496907636
793 0.127850440699896
794 0.128496081373664
795 0.128334451159044
796 0.128175501153580
797 0.128055939929861
798 0.127912536320499
799 0.127811305457476
800 0.128401829735118
801 0.129396305787033
802 0.129847186241477
803 0.129691307505650
804 0.129529999909257
805 0.129369101120558
806 0.129999301618281
807 0.129950199090100
808 0.129789501516653
809 0.129629903262252
810 0.129469867271761
811 0.129388950201149
812 0.129229624297155
813 0.129071201370033
814 0.128912640197940
815 0.128761074294238
816 0.128604782528099
817 0.128992831961391
818 0.129131074815657
819 0.128973448790251
820 0.128991650353624
821 0.128834535068500
822 0.128677985109187
823 0.129215630201125
824 0.129058896730367
825 0.128912477003610
826 0.128756571683960
827 0.129447171994226
828 0.129298928104510
829 0.129155382097348
830 0.129593596722272
831 0.129438109020209
832 0.129282741173177
833 0.129129658811182
834 0.129010869520139
835 0.128858851870320
836 0.128704714494934
837 0.128550962369341
838 0.128397641187160
839 0.128244604710552
840 0.128091932888362
841 0.127985808047482
842 0.127833931980178
843 0.128582518476652
844 0.128430426103136
845 0.128279009227664
846 0.128127379366293
847 0.128731188367264
848 0.128579383361372
849 0.128471894532951
850 0.128921726272222
851 0.128770233876245
852 0.128620333568674
853 0.129135363753759
854 0.129238554031676
855 0.129155703951542
856 0.129469803268042
857 0.130393537960843
858 0.130806385532804
859 0.130654143666161
860 0.130979717638004
861 0.130828044372824
862 0.130683788294361
863 0.131325782372813
864 0.131173862483701
865 0.131022216405942
866 0.130871456386418
867 0.130724453562131
868 0.130573919483608
869 0.130423677385239
870 0.130751172710874
871 0.130601272655736
872 0.130455207555401
873 0.130305790722073
874 0.130156699428341
875 0.131005205147763
876 0.130938393050202
877 0.130789093053609
878 0.130640180564096
879 0.130705071073603
880 0.130594527791571
881 0.130850584216451
882 0.130747791472941
883 0.130865217629852
884 0.130723509510342
885 0.130575799332459
886 0.130897504630919
887 0.130749931345939
888 0.130604696511572
889 0.130552265953534
890 0.130405578014260
891 0.130259221158120
892 0.130113190641542
893 0.129968345221149
894 0.129858700166178
895 0.130108370544772
896 0.129963170334707
897 0.130798875030038
898 0.130653219267199
899 0.131120895311141
900 0.130975205517545
901 0.130829841777117
902 0.130737443284819
903 0.131270789618532
904 0.131129143617569
905 0.130984892163731
906 0.130842319377220
907 0.130699440866748
908 0.130602125156523
909 0.131246255807436
910 0.131102029865938
911 0.130995423274317
912 0.130853652059613
913 0.130710329365447
914 0.130567364415124
915 0.130424670550299
916 0.130380659057121
917 0.130238513833664
918 0.130096683168319
919 0.130108014880794
920 0.130007931750437
921 0.129878394328684
922 0.129737528391236
923 0.129752704975484
924 0.129612374318397
925 0.129472252843867
926 0.129522551518144
927 0.129385133280395
928 0.129245709645405
929 0.130164735889122
930 0.130037989914763
931 0.129900304943049
932 0.129793756419433
933 0.130604046151130
934 0.131041370837703
935 0.130901219639010
936 0.130762222887541
937 0.130622817974919
938 0.131440701979111
939 0.131885068519636
940 0.131764746426379
941 0.132313068683586
942 0.132321661191385
943 0.132182131981237
944 0.132042561498407
945 0.132592898401399
946 0.132452823810556
947 0.132314072169028
948 0.132196975244920
949 0.132074076512627
950 0.131935052690836
951 0.131823763202471
952 0.131801224777988
953 0.131663036103957
954 0.131759242499368
955 0.131885984787394
956 0.131804625843222
957 0.131937654666012
958 0.131840820172006
959 0.131706597886652
960 0.131573480164070
961 0.132233691371043
962 0.132840037652982
963 0.132702266840971
964 0.132566380947128
965 0.132495710160474
966 0.132362781398232
967 0.132872625084761
968 0.132740356120763
969 0.132625066131790
970 0.132488339259489
971 0.132352614543648
972 0.132535588474733
973 0.132671713765350
974 0.132535500506915
975 0.132479027696989
976 0.132343455391393
977 0.132208041927684
978 0.132073027847537
979 0.132245374163352
980 0.132112682183246
981 0.131978011114512
982 0.131851508236143
983 0.131757392976308
984 0.132028436020223
985 0.131996023379710
986 0.131862157132810
987 0.131731036467222
988 0.132040617605127
989 0.131941470300743
990 0.131808208097123
991 0.131675228060382
992 0.131543186360883
993 0.131410720314788
994 0.131821760070306
995 0.131736764201942
996 0.131655809721340
997 0.131523757763820
998 0.131512601074057
999 0.131381032852312
1000 0.131250364241345
1001 0.131120892852286
1002 0.130990307305853
1003 0.130860551976889
1004 0.130737549238181
1005 0.130613218440094
1006 0.131168669978338
1007 0.131038438350788
1008 0.130911321460893
1009 0.130785934236350
1010 0.130656737814911
1011 0.130558330885669
1012 0.130431240876491
1013 0.130308645410610
1014 0.130185234256305
1015 0.130110009083284
1016 0.129983107511161
1017 0.129991960377341
1018 0.129864266908456
1019 0.129843472703755
1020 0.130598712815670
1021 0.130470963546842
1022 0.130343301155896
1023 0.130220789149470
1024 0.130823822458637
1025 0.130715984713317
1026 0.130588581226537
1027 0.131246642826765
1028 0.131119197415615
1029 0.131041932136949
1030 0.130914713268428
1031 0.130797337807388
1032 0.130670596492614
1033 0.130544113483214
1034 0.130417861922988
1035 0.130498524484746
1036 0.130372805355096
1037 0.130247189632037
1038 0.130222470816481
1039 0.130371028532074
1040 0.130247492553602
1041 0.130122537627445
1042 0.129997729111983
1043 0.130489114955997
1044 0.130364125796195
1045 0.130242916811358
1046 0.130121539088595
1047 0.130012293410694
1048 0.130729821781390
1049 0.130605202863371
1050 0.130480817886799
1051 0.130358925743491
1052 0.130590273589971
1053 0.130523027293844
1054 0.130405397777417
1055 0.130430166202217
1056 0.130306679583143
1057 0.130183452760592
1058 0.130285791080999
1059 0.130162765644166
1060 0.130039970584391
1061 0.130762551036563
1062 0.130892294737641
1063 0.131025846912527
1064 0.131197379183520
1065 0.131074273472050
1066 0.130951314491333
1067 0.131374830698828
1068 0.131583481142684
1069 0.131512725233766
1070 0.131409829384034
1071 0.131649632327198
1072 0.132438388763547
1073 0.132367077610888
1074 0.132243830843935
1075 0.132122140702843
1076 0.131999350681265
1077 0.131963869590589
1078 0.131862660719361
1079 0.132475954132154
1080 0.132438732747586
1081 0.132353445688421
1082 0.132671053562018
1083 0.132548923489065
1084 0.132426645884371
1085 0.132304600385580
1086 0.132182774365154
1087 0.132061171076870
1088 0.132459235351450
1089 0.132384391060827
1090 0.132889897359738
1091 0.132768259352536
1092 0.132711601180473
1093 0.132590184686031
1094 0.133265290793406
1095 0.133143637478184
1096 0.133022156057128
1097 0.132952744969363
1098 0.132831658685736
1099 0.132710792754316
1100 0.133364928315036
1101 0.133247977184606
1102 0.133137321545623
1103 0.133021628272916
1104 0.133064549748536
1105 0.133213268625416
1106 0.133092822832747
1107 0.133697216205122
1108 0.134228394339317
1109 0.134355586205111
1110 0.134275671977601
1111 0.134635738404573
1112 0.134840726134631
1113 0.134719615632051
1114 0.134598814790215
1115 0.134551388476141
1116 0.134587670171004
1117 0.134469522737652
1118 0.134349248098484
1119 0.134229454480119
1120 0.134820944945158
1121 0.134700678075238
1122 0.134631872415342
1123 0.134697473203516
1124 0.134577635605047
1125 0.134979182078304
1126 0.134859373836601
1127 0.134739717531931
1128 0.134620267505769
1129 0.134501029339486
1130 0.134464182984891
1131 0.134345293344861
1132 0.134226613757295
1133 0.134108482859855
1134 0.134140501219983
1135 0.134095051063579
1136 0.133977096118924
1137 0.134736892240578
1138 0.134852509412318
1139 0.134912372853455
1140 0.134809304632755
1141 0.134691154497232
1142 0.134575335686988
1143 0.134524938960063
1144 0.134423971229824
1145 0.134306708708175
1146 0.134534371148712
1147 0.134480844114338
1148 0.134755593809669
1149 0.134638317770861
1150 0.134577604126681
1151 0.135191487376454
1152 0.135078124968926
1153 0.134961091852572
1154 0.134848438516963
1155 0.134731835645299
1156 0.134639354372070
1157 0.134666517437059
1158 0.134577301546465
1159 0.134466348668898
1160 0.134350535394013
1161 0.134234858850880
1162 0.134119338839057
1163 0.134007277302971
1164 0.134037996594569
1165 0.134413283460146
1166 0.134298008508217
1167 0.134500265781215
1168 0.135027817516843
1169 0.135156694419850
1170 0.135775071541767
1171 0.135979329602077
1172 0.135934916367380
1173 0.135819145106572
1174 0.135706134532145
1175 0.135654735986265
1176 0.135541961294284
1177 0.135460657869082
1178 0.135347692441435
1179 0.135238438510077
1180 0.135147508685043
1181 0.135034007026052
1182 0.134928541690180
1183 0.135047317756754
1184 0.135566654270382
1185 0.135452594468992
1186 0.135340737467121
1187 0.135396871537706
1188 0.135282966782785
1189 0.135256115050153
1190 0.135272353666805
1191 0.135176343463888
1192 0.135062947975792
1193 0.134998473810303
1194 0.134886651642593
1195 0.134774010718658
1196 0.135059160991792
1197 0.134946930172024
1198 0.134834288442556
1199 0.134761999623573
1200 0.135202287279580
1201 0.135157855603171
1202 0.135045418537851
1203 0.134933617295608
1204 0.135014009037191
1205 0.134902750052267
1206 0.134791012982582
1207 0.134690755723960
1208 0.134830010900174
1209 0.134718509064307
1210 0.134607171494433
1211 0.134536820536852
1212 0.135133205654103
1213 0.135040110485442
1214 0.134970337622134
1215 0.134910950693735
1216 0.134802985489905
1217 0.134728745231334
1218 0.134618700263284
1219 0.134634572037148
1220 0.134524215926160
1221 0.134414040747447
1222 0.134334145014605
1223 0.134224386776288
1224 0.134232799467473
1225 0.134142958487541
1226 0.134245367771180
1227 0.134144673662661
1228 0.134035446987332
1229 0.133926430370707
1230 0.134435803997722
1231 0.134327617611404
1232 0.134220213227304
1233 0.134208615621278
1234 0.134203713854681
1235 0.134401469687057
1236 0.134292754636935
1237 0.134184191424130
1238 0.134075807378068
1239 0.133967596007649
1240 0.133859643585886
1241 0.133751836250401
1242 0.134369016637965
1243 0.134260916095210
1244 0.134536903885561
1245 0.134429199090341
1246 0.135004505174306
1247 0.134896242061334
1248 0.134804064129005
1249 0.134696165522808
1250 0.134588552692502
1251 0.134481731926151
1252 0.134376957272732
1253 0.134269713092960
1254 0.134162639979336
1255 0.134085694384396
1256 0.133979005095078
1257 0.133872427519573
1258 0.133945355345000
1259 0.133838965593583
1260 0.133743370217773
1261 0.133637308862297
1262 0.133531416912546
1263 0.133425693130233
1264 0.133374714929266
1265 0.133284897261213
1266 0.133179616931622
1267 0.133080968469285
1268 0.132980314400798
1269 0.132877636471718
1270 0.132773015449208
1271 0.132668552051717
1272 0.132564340862587
1273 0.132467801094663
1274 0.132365487792830
1275 0.132261705434293
1276 0.132158054418929
1277 0.132054563381809
1278 0.132542452005538
1279 0.132444789004492
1280 0.132354403927975
1281 0.132251084021101
1282 0.132774205341184
1283 0.132695126892415
1284 0.132592301582691
1285 0.132577949214540
1286 0.132669728727085
1287 0.132571557678148
1288 0.132468738672950
1289 0.132371395861597
1290 0.132301256417489
1291 0.132198776745593
1292 0.132096473974179
1293 0.131994311215887
1294 0.131893019947675
1295 0.131791172066395
1296 0.131689485483618
1297 0.132203941380318
1298 0.132603000064952
1299 0.132530533492446
1300 0.132428587106930
1301 0.133055806960480
1302 0.133024176416461
1303 0.133112807108128
1304 0.133019210221428
1305 0.132917467693392
1306 0.132817344880293
1307 0.133113424142494
1308 0.133011757818888
1309 0.132990063866152
1310 0.132902024986980
1311 0.132800654998916
1312 0.132700264364635
1313 0.132599197933550
1314 0.132512282513405
1315 0.132485702374172
1316 0.132903959770986
1317 0.132934296900992
1318 0.132839441110869
1319 0.132738728881620
1320 0.133367750251484
1321 0.133266790561665
1322 0.133382365014454
1323 0.133288083894717
1324 0.133187620013977
1325 0.133167911566909
1326 0.133096658849517
1327 0.132996680553870
1328 0.133193625867497
1329 0.133093404934116
1330 0.132993444612297
1331 0.132896910999365
1332 0.132813024569669
1333 0.132713666358645
1334 0.132623538992260
1335 0.132524666405721
1336 0.132429953402787
1337 0.132343980199341
1338 0.132245068405478
1339 0.132146538061823
1340 0.132049883732835
1341 0.131952504049204
1342 0.132508637029557
1343 0.132907080407084
1344 0.132835123004618
1345 0.132925379338759
1346 0.132827511112360
1347 0.132729580366076
1348 0.133161740546400
1349 0.133063029476045
1350 0.133437072621194
1351 0.133338335592824
1352 0.133239908195007
1353 0.133572137922784
1354 0.133481141528170
1355 0.133385532739043
1356 0.133287819732233
1357 0.133190372278904
1358 0.133125795509391
1359 0.133031011677179
1360 0.133030941932021
1361 0.132950737386983
1362 0.133076665290037
1363 0.132999949473690
1364 0.132919698670186
1365 0.132829011352659
1366 0.132731779399489
1367 0.132680474632924
1368 0.132583486205507
1369 0.132506998360439
1370 0.132592414042440
1371 0.132599056050697
1372 0.132502409509993
1373 0.132405905373628
1374 0.132389738986481
1375 0.132454373320198
1376 0.132380618384629
1377 0.132543384081735
1378 0.132778279352154
1379 0.132681999295903
1380 0.132585852921397
1381 0.132789414336093
1382 0.132747035412187
1383 0.132802769551233
1384 0.132707259346280
1385 0.132611441834581
1386 0.132515782491838
1387 0.132420244396221
1388 0.132324840762287
1389 0.132243240993274
1390 0.132237780968976
1391 0.132143385962153
1392 0.132086889512383
1393 0.132009548079074
1394 0.131916540940254
1395 0.131821977288049
1396 0.131742103976006
1397 0.131683445841641
1398 0.132131751345475
1399 0.132066169626024
1400 0.131971939361808
1401 0.131877740975397
1402 0.131783682126117
1403 0.131695787305405
1404 0.131642206639112
1405 0.132057473008666
1406 0.131969572008310
1407 0.132081175861867
1408 0.131987377384444
1409 0.132245667406804
1410 0.132194178167262
1411 0.132100489878152
1412 0.132018085200108
1413 0.131924654213041
1414 0.131850999131241
1415 0.131763852889150
1416 0.131806394131420
1417 0.131713570650246
1418 0.131716416075728
1419 0.131873531283579
1420 0.131780664048812
1421 0.131881919715713
1422 0.132016286871169
1423 0.131940014748982
1424 0.131847380175266
1425 0.131754878924490
1426 0.131905864446247
1427 0.131863369260960
1428 0.131807702945442
1429 0.131743379940512
1430 0.131651251703325
1431 0.131581483000321
1432 0.131489597356199
1433 0.131397842843745
1434 0.131556495758470
1435 0.131465325176066
1436 0.131373788081599
1437 0.131282371450850
1438 0.131192181933611
1439 0.131104912267322
1440 0.131249757554016
1441 0.131167800882481
1442 0.131121007372103
1443 0.131107849651672
1444 0.131106143882128
1445 0.131015417093661
1446 0.131040727924111
1447 0.130950167750395
1448 0.130869386243800
1449 0.131067319939786
1450 0.130986103262148
1451 0.131302748092613
1452 0.131227949119195
1453 0.131220708277886
1454 0.131130460197928
1455 0.131040372512221
1456 0.130950376349302
1457 0.130860499633296
1458 0.130845287780636
1459 0.130755847646405
1460 0.130695070803601
1461 0.130696733035851
1462 0.130612570895335
1463 0.130543889188064
1464 0.130454739982894
1465 0.130991536078224
1466 0.130902223971981
1467 0.130813388271669
1468 0.130797633524693
1469 0.130867010482937
1470 0.131101807556516
1471 0.131196096399949
1472 0.131108181803028
1473 0.131097889198941
1474 0.131012150262175
1475 0.130923356887264
1476 0.130881213487833
1477 0.130792898761036
1478 0.130710597359438
1479 0.130622219673678
1480 0.130534047887852
1481 0.130445908760696
1482 0.130357888579346
1483 0.130341268361836
1484 0.130296357526737
1485 0.130246378156010
1486 0.130158729208204
1487 0.130071475051498
1488 0.130031099225565
1489 0.129943894112723
1490 0.129856683933186
1491 0.129769590277167
1492 0.129691255844419
1493 0.129645067799322
1494 0.129558336689269
1495 0.129471677181587
1496 0.129395834757191
1497 0.129309398459594
1498 0.129607730542447
1499 0.129521269240795
1500 0.129445957311038
1501 0.129360533874425
1502 0.129274435749374
1503 0.129191006490473
1504 0.129105108214890
1505 0.129036864107343
1506 0.129030506812877
1507 0.128961945635016
1508 0.128902043174297
1509 0.128845726366984
1510 0.128794828122281
1511 0.128709610167983
1512 0.128624633685142
1513 0.128589462382324
1514 0.128505478396802
1515 0.128420692486381
1516 0.128340532588327
1517 0.128337827179459
1518 0.128352885268036
1519 0.128293133941999
1520 0.128208730770904
1521 0.128176217409206
1522 0.128092003110512
1523 0.128009423423719
1524 0.127925432001433
1525 0.127841555735590
1526 0.128194420821332
1527 0.128138867920372
1528 0.128055943825190
1529 0.127987182418765
1530 0.128408234549441
1531 0.128376590049755
1532 0.128390450754202
1533 0.128319286973469
1534 0.128242251930707
1535 0.128158706939374
1536 0.128664328250862
1537 0.128829124322672
1538 0.128858503330144
1539 0.128774991230303
1540 0.128907413383698
1541 0.128823768359055
1542 0.129072943119749
1543 0.128994097322572
1544 0.128910645644652
1545 0.128827353401614
1546 0.128786010166554
1547 0.128702774831681
1548 0.128623738243362
1549 0.128551875110918
1550 0.128953145365449
1551 0.129303005407668
1552 0.129417047683017
1553 0.129334294084801
1554 0.129252466345799
1555 0.129172267571050
1556 0.129089379440805
1557 0.129007968841767
1558 0.129107737301908
1559 0.129026371355196
1560 0.128943662152469
1561 0.128919569972639
1562 0.128841290368737
1563 0.128759295869996
1564 0.128676977746041
1565 0.128614389452856
1566 0.128532269744966
1567 0.128450246144649
1568 0.128377737203009
1569 0.128390062971560
1570 0.128308371789864
1571 0.128226735451111
1572 0.128145173696170
1573 0.128210540278559
1574 0.128142533872275
1575 0.128061173594070
1576 0.127980162592408
1577 0.128087833670389
1578 0.128284470545690
1579 0.128203226630025
1580 0.128122085387384
1581 0.128041046750201
1582 0.127971176409537
1583 0.127890335490445
1584 0.127811902695683
1585 0.127731264744970
1586 0.127650824762632
1587 0.128100368853428
1588 0.128052431403444
1589 0.127991047792577
1590 0.127915222361472
1591 0.127835519329801
1592 0.127757498532813
1593 0.127685475814545
1594 0.128121499964146
1595 0.128042491114036
1596 0.128051611267367
1597 0.127971454875103
1598 0.127892048429058
1599 0.127817582893530
1600 0.127770600329143
1601 0.127693639467106
1602 0.127613930578651
1603 0.127534321847821
1604 0.127772151620336
1605 0.127868242779805
1606 0.127788664085961
1607 0.127913270906117
1608 0.128099529098794
1609 0.128019914723966
1610 0.127946042364721
1611 0.127901656947806
1612 0.127892275468897
1613 0.128188373466989
1614 0.128109106686783
1615 0.128265745647117
1616 0.128601533513245
1617 0.128876277423941
1618 0.128796631686723
1619 0.128717171868804
1620 0.128730850461594
1621 0.128659358770273
1622 0.128605844175265
1623 0.128526723030530
1624 0.128448375776256
1625 0.128398590179777
1626 0.128452501126292
1627 0.128373554732321
1628 0.128294718104082
1629 0.128227252506017
1630 0.128148943097640
1631 0.128136812551350
1632 0.128201066502386
1633 0.128122560031779
1634 0.128044149652454
1635 0.127983193426105
1636 0.127905061349192
1637 0.127833167591144
1638 0.128180120209872
1639 0.128102778410004
1640 0.128024666959843
1641 0.127949003721608
1642 0.127871439265628
1643 0.127793612362832
1644 0.127768921158460
1645 0.127830463992384
1646 0.127752824391111
1647 0.127675904513824
1648 0.127601060779218
1649 0.127561585853586
1650 0.127499096036535
1651 0.127531133319095
1652 0.127464842253168
1653 0.127401836437198
1654 0.127352228416771
1655 0.127289985338495
1656 0.127594099262243
1657 0.127517114114653
1658 0.127456828798439
1659 0.127380036741674
1660 0.127303781795782
1661 0.127228336428392
1662 0.127151785083759
1663 0.127081086791434
1664 0.127043055486908
1665 0.127194984297705
1666 0.127119775925723
1667 0.127154261501623
1668 0.127095018769245
1669 0.127023350648389
1670 0.126947291426868
1671 0.126871320576267
1672 0.126811755937030
1673 0.126735971428754
1674 0.126661185750153
1675 0.126585669080049
1676 0.126516797469256
1677 0.126441989700013
1678 0.126366640688233
1679 0.126394581573699
1680 0.126578395348578
1681 0.126503127184978
1682 0.126427917240191
1683 0.126356514751509
1684 0.126325943795862
1685 0.126250975559364
1686 0.126176287202210
1687 0.126465830013828
1688 0.126398160212665
1689 0.126408586192455
1690 0.126432460365100
1691 0.126359983338535
1692 0.126303298444902
1693 0.126244391242308
1694 0.126320241352089
1695 0.126245716135952
1696 0.126446023459400
1697 0.126508219020473
1698 0.126505860850191
1699 0.126432883829865
1700 0.126472293343331
1701 0.126545763832270
1702 0.126472871314438
1703 0.126490143492684
1704 0.126427351540953
1705 0.126353393793885
1706 0.126279368215520
1707 0.126527618572982
1708 0.126453539799520
1709 0.126379594943788
1710 0.126544893584714
1711 0.126472112454271
1712 0.126398238556810
1713 0.126546101712027
1714 0.126759608184667
1715 0.126685696181737
1716 0.126692522500052
1717 0.126618735358376
1718 0.126545131864467
1719 0.126471535452136
1720 0.126553306712407
1721 0.126689919215620
1722 0.126831218675338
1723 0.126757607985451
1724 0.127078663832335
1725 0.127047746484657
1726 0.127199112422068
1727 0.127644131593060
1728 0.127605622848274
1729 0.127539772014414
1730 0.127466296853851
1731 0.127418049120062
1732 0.127346877521037
1733 0.127273394089932
1734 0.127233952598409
1735 0.127308571215925
1736 0.127238215999657
1737 0.127170118303504
1738 0.127100047371727
1739 0.127026961764298
1740 0.126965154609028
1741 0.126893644399402
1742 0.126820800757046
1743 0.126967913735917
1744 0.126918950664851
1745 0.126864817505910
1746 0.126792178645283
1747 0.126719826372567
1748 0.126647333514686
1749 0.126786121814674
1750 0.126735314276584
1751 0.126664747451419
1752 0.126610217158298
1753 0.126639224342188
1754 0.126567024250293
1755 0.126495154033643
1756 0.126424969305656
1757 0.126410156149044
1758 0.126338261753801
1759 0.126273764160478
1760 0.126206888264565
1761 0.126155233403541
1762 0.126161299173305
1763 0.126089738596074
1764 0.126041944473251
1765 0.125970540096130
1766 0.125899219464069
1767 0.125828980452765
1768 0.126263216202558
1769 0.126191840728609
1770 0.126124113286107
1771 0.126062051307899
1772 0.125993309740973
1773 0.126018797644772
1774 0.125947806997458
1775 0.126124699515454
1776 0.126053683379876
1777 0.125983059375776
1778 0.125912207257200
1779 0.125841512254953
1780 0.126164318989463
1781 0.126134734760013
1782 0.126063952820345
1783 0.126102207803548
1784 0.126031714215577
1785 0.126464999315475
1786 0.126493734136863
1787 0.126930655109819
1788 0.127181177483715
1789 0.127110367992459
1790 0.127039477993471
1791 0.127059222191854
1792 0.127047739160290
1793 0.126976881874719
1794 0.126906407077137
1795 0.126891681161060
1796 0.127011695222928
1797 0.126941015371209
1798 0.126878942307643
1799 0.127331211730815
1800 0.127262885535934
1801 0.127409107358895
1802 0.127341134357091
1803 0.127273100661547
1804 0.127202550162310
1805 0.127137117444110
1806 0.127067873006072
1807 0.126999437975728
1808 0.127097713164871
1809 0.127096114860072
1810 0.127055992857287
1811 0.126992994903565
1812 0.126922926647658
1813 0.126893384552323
1814 0.127078585169612
1815 0.127166262040201
1816 0.127131704075644
1817 0.127064373761301
1818 0.127065668768350
1819 0.126996469702546
1820 0.126927038820460
1821 0.127195368037218
1822 0.127125557187761
1823 0.127489438012121
1824 0.127419546234926
1825 0.127371221461789
1826 0.127301467233252
1827 0.127232015293928
1828 0.127696100888758
1829 0.127626283447050
1830 0.127582656116218
1831 0.127604489412689
1832 0.127625944150378
1833 0.127562666152860
1834 0.127575918773097
1835 0.127523812194573
1836 0.127892901657838
1837 0.127845560603969
1838 0.127776596662253
1839 0.127725488467391
1840 0.127660098723591
1841 0.127729926730072
1842 0.127665047666946
1843 0.127595843748018
1844 0.127533333735672
1845 0.127572252179605
1846 0.127503547379981
1847 0.127655051339801
1848 0.127807704831349
1849 0.127738582862477
1850 0.127833322220722
1851 0.127777554735156
1852 0.127708690409385
1853 0.127639781870828
1854 0.127589637519463
1855 0.127584963028403
1856 0.127562396771676
1857 0.127692433153267
1858 0.127623707695251
1859 0.127555077598509
1860 0.127487264316172
1861 0.127419159907333
1862 0.127350729277889
1863 0.127329339650674
1864 0.127261029919108
1865 0.127235364507211
1866 0.127167241206867
1867 0.127330392587669
1868 0.127297188434916
1869 0.127229089174324
1870 0.127161080219910
1871 0.127127538901861
1872 0.127140084808086
1873 0.127074725492972
1874 0.127234052798237
1875 0.127205742193873
1876 0.127311465034846
1877 0.127261147015990
1878 0.127312820973897
1879 0.127245118357864
1880 0.127509540724813
1881 0.127732034976348
1882 0.127666102775858
1883 0.127771719292048
1884 0.127703903388478
1885 0.127704640604528
1886 0.127649557636858
1887 0.127616534180983
1888 0.127623071753890
1889 0.127638650777753
1890 0.127571355860388
1891 0.127597323425566
1892 0.127615445981303
1893 0.127548053065871
1894 0.127480709848842
1895 0.127440142617905
1896 0.127386560371144
1897 0.127321758196036
1898 0.127255170498376
1899 0.127188159660683
1900 0.127124462233348
1901 0.127197491942943
1902 0.127130886488754
1903 0.127335043441972
1904 0.127626874857350
1905 0.127562763944055
1906 0.127495894651499
1907 0.127645866223202
1908 0.127589696015596
1909 0.127522868001165
1910 0.127456902214312
1911 0.127390205771673
1912 0.127331535998379
1913 0.127488267907575
1914 0.127565770146305
1915 0.127499226466163
1916 0.127437493991797
1917 0.127698288363383
1918 0.127792949226126
1919 0.128224458660460
1920 0.128295652742460
1921 0.128228871154915
1922 0.128293766142243
1923 0.128228012596952
1924 0.128163157063804
1925 0.128329159615088
1926 0.128262546776927
1927 0.128195988369105
1928 0.128129496673893
1929 0.128063073917781
1930 0.128103098614963
1931 0.128038197447643
1932 0.127971945836205
1933 0.127960657866842
1934 0.127894529282914
1935 0.127866376876496
1936 0.127800839897567
1937 0.127764783545888
1938 0.127706474203554
1939 0.127776854286646
1940 0.127710989928882
1941 0.127645195752281
1942 0.127580332531583
1943 0.127516969378955
1944 0.127451375179407
1945 0.127385850828168
1946 0.127392415184439
1947 0.127326992896541
1948 0.127631488719583
1949 0.128024355427713
1950 0.128187952803266
1951 0.128142885379239
1952 0.128077238409514
1953 0.128349425373615
1954 0.128292793970983
1955 0.128227171074549
1956 0.128161716149570
1957 0.128096370253234
1958 0.128060902050773
1959 0.127996301822327
1960 0.127931020355600
1961 0.127866356539260
1962 0.127801185160974
1963 0.127736080144025
1964 0.127787788607452
1965 0.127722760886336
1966 0.127659994369388
1967 0.127595148082122
1968 0.127530405859270
1969 0.127467551030362
1970 0.127474209224210
1971 0.127620750136085
1972 0.127556033847103
1973 0.127506159570280
1974 0.127441570533955
1975 0.127560554422452
1976 0.127499301261166
1977 0.127848474053704
1978 0.127916952790312
1979 0.127904810535865
1980 0.127842098076148
1981 0.127777657141068
1982 0.127939681869151
1983 0.127875804843776
1984 0.127815732267868
1985 0.127765178525665
1986 0.127710711315819
1987 0.127652620307197
1988 0.127588408727801
1989 0.127524261714867
1990 0.127460198938252
1991 0.127401847505703
1992 0.127394336977838
1993 0.127330418350243
1994 0.127266561570776
1995 0.127203060660901
1996 0.127139331672620
1997 0.127089646142569
1998 0.127447351625942
1999 0.127538562934147
2000 0.127557536824430
2001 0.127496109370097
2002 0.127841922148759
2003 0.127778399297834
2004 0.127714674237233
2005 0.127651189506132
2006 0.127587776632970
2007 0.127525628839926
2008 0.127462322114167
2009 0.127398876486845
2010 0.127335494047478
2011 0.127527043787118
2012 0.127463660564591
2013 0.127529714262783
2014 0.127466392670649
2015 0.127406784443183
2016 0.127475858033451
2017 0.127419284431661
2018 0.127362525241771
2019 0.127362685548304
2020 0.127299794766650
2021 0.127238771809884
2022 0.127175858742210
2023 0.127115052428399
2024 0.127273261442969
2025 0.127273468691380
2026 0.127214170115600
2027 0.127260072475697
2028 0.127201899180946
2029 0.127193709855585
2030 0.127146863451782
2031 0.127084406927179
2032 0.127021865388560
2033 0.126998706792578
2034 0.127046292504438
2035 0.126993900531051
2036 0.126970204803154
2037 0.126907872842036
2038 0.126848795843027
2039 0.126786658091739
2040 0.126801502332447
2041 0.126874376376952
2042 0.126815114367638
2043 0.126753047890977
2044 0.126804690852829
2045 0.127027992048150
2046 0.127387873427687
2047 0.127325662749508
2048 0.127264731303504
2049 0.127306217063552
2050 0.127244325827912
2051 0.127182419993829
2052 0.127501311898534
2053 0.127440063152139
2054 0.127415590910868
2055 0.127794307059450
2056 0.127732452213656
2057 0.127670689805396
2058 0.127609847487883
2059 0.127548194648677
2060 0.127670801421397
2061 0.127656353349298
2062 0.127594498484971
2063 0.127532768239494
2064 0.127607098784100
2065 0.127569601661751
2066 0.127507854516757
2067 0.127446167437311
2068 0.127384539701433
2069 0.127342052951912
2070 0.127281078886091
2071 0.127221325919531
2072 0.127177675461339
2073 0.127116687216089
2074 0.127055429242162
2075 0.126996742179416
2076 0.126946661557264
2077 0.126885541398218
2078 0.127051177291861
2079 0.127463013369040
2080 0.127401733074152
2081 0.127340513781697
2082 0.127472607637749
2083 0.127411410994698
2084 0.127350282352460
2085 0.127289203080785
2086 0.127228241012061
2087 0.127167280223007
2088 0.127119220268925
2089 0.127058796993589
2090 0.126998056060708
2091 0.127388748046766
2092 0.127565509808747
2093 0.127504602173280
2094 0.127573310112895
2095 0.127819769105617
2096 0.127758787277482
2097 0.127697862724656
2098 0.127806174090698
2099 0.127749992778171
2100 0.127689160453820
2101 0.127644570894625
2102 0.127590092167622
2103 0.127529425812518
2104 0.127470117993206
2105 0.127409638547663
2106 0.127355866116537
2107 0.127295472244734
2108 0.127257285394277
2109 0.127196966644747
2110 0.127136801154221
2111 0.127076811075490
2112 0.127180211403013
2113 0.127120022001341
2114 0.127343550794101
2115 0.127284057175065
2116 0.127223904029530
2117 0.127163807720855
2118 0.127390457691112
2119 0.127330360401659
2120 0.127272899393967
2121 0.127367175620004
2122 0.127308055199863
2123 0.127248089321363
2124 0.127188180194678
2125 0.127133672864638
2126 0.127073873396654
2127 0.127130092428145
2128 0.127070350851275
2129 0.127011174325679
2130 0.126951637233321
2131 0.127159273283062
2132 0.127099630109359
2133 0.127050161415524
2134 0.126990632584537
2135 0.126931164290805
2136 0.126877465971155
2137 0.127047374615283
2138 0.127199859692587
2139 0.127192957764269
2140 0.127133543335179
2141 0.127197820719302
2142 0.127140944356546
2143 0.127088332930903
2144 0.127029057635597
2145 0.126998375467683
2146 0.126939201559696
2147 0.126880086682987
2148 0.126822925778231
2149 0.126764339820261
2150 0.126705380050028
2151 0.126697418424179
2152 0.126638544159112
2153 0.126579724584767
2154 0.126520959628363
2155 0.126517426189023
2156 0.126458862571289
2157 0.126400259016911
2158 0.126341687481921
2159 0.126353998171192
2160 0.126751433901636
2161 0.126693461179853
2162 0.126634863970321
2163 0.126583027756307
2164 0.126544815580666
2165 0.126509628161094
2166 0.126732219311369
2167 0.126673762010324
2168 0.126695007776465
2169 0.126640999004301
2170 0.126604070355744
2171 0.126576183678533
2172 0.126517909092827
2173 0.126468901948860
2174 0.126753855579127
2175 0.126695580643039
2176 0.126637395128320
2177 0.126729308676330
2178 0.126671561319876
2179 0.126613443656048
2180 0.126690491274676
2181 0.126711931928438
2182 0.126653860465593
2183 0.126595842237154
2184 0.126537877108030
2185 0.126479982186876
2186 0.126422220028349
2187 0.126364413800627
2188 0.126306669179635
2189 0.126253981463817
2190 0.126196429775697
2191 0.126224758414177
2192 0.126285461770962
2193 0.126227876067985
2194 0.126170574103558
2195 0.126452927366955
2196 0.126395344068955
2197 0.126337875879928
2198 0.126280808360428
2199 0.126224008890651
2200 0.126166741313301
2201 0.126111433640638
2202 0.126064393673858
2203 0.126007729203040
2204 0.125950556913974
2205 0.125893436480000
2206 0.125837002658308
2207 0.125779985462474
2208 0.125723019891558
2209 0.125666346009832
2210 0.125614399778882
2211 0.125799897112761
2212 0.125743281048502
2213 0.125690142933008
2214 0.125892453062827
2215 0.125841029190346
2216 0.125784490384809
2217 0.125730963696018
2218 0.125674892174829
2219 0.125818186287220
2220 0.125767587660408
2221 0.125907634116286
2222 0.125923658238315
2223 0.125960995733733
2224 0.125936312600320
2225 0.125884064590165
2226 0.125827752843220
2227 0.125771251831617
2228 0.125932524987930
2229 0.125965360503170
2230 0.125968207935687
2231 0.126308479529806
2232 0.126505950361357
2233 0.126449336049030
2234 0.126392844019638
2235 0.126340920036747
2236 0.126402397352700
2237 0.126360867090946
2238 0.126304405591274
2239 0.126249650611239
2240 0.126193289186608
2241 0.126166885562548
2242 0.126111180903879
2243 0.126054956609627
2244 0.125999266500027
2245 0.125947328716302
2246 0.126207473091782
2247 0.126151790193012
2248 0.126096380724989
2249 0.126221281492289
2250 0.126165426751201
2251 0.126109378138694
2252 0.126053379303313
2253 0.126391348415406
2254 0.126335278999094
2255 0.126287051871425
2256 0.126241561466756
2257 0.126210426777169
2258 0.126155495980202
2259 0.126240927198325
2260 0.126185556757892
2261 0.126129952316837
2262 0.126082856764797
2263 0.126027149457604
2264 0.125985320984451
2265 0.125930598706620
2266 0.126053347526866
2267 0.126072619544767
2268 0.126060696764183
2269 0.126048963349948
2270 0.126329800080020
2271 0.126274194178083
2272 0.126364493076454
2273 0.126310519190838
2274 0.126686060642990
2275 0.126838972602188
2276 0.127109710103890
2277 0.127063929838594
2278 0.127205773231131
2279 0.127166896710852
2280 0.127139440525420
2281 0.127085645031239
2282 0.127131485364731
2283 0.127097257703425
2284 0.127073015017044
2285 0.127022159749229
2286 0.126966669507690
2287 0.126911579852191
2288 0.126862323109106
2289 0.126822316090548
2290 0.127154016742065
2291 0.127098716318318
2292 0.127155835740295
2293 0.127113361448465
2294 0.127358098156632
2295 0.127302604586781
2296 0.127257083384709
2297 0.127201823099506
2298 0.127146480442205
2299 0.127113317875212
2300 0.127072425843702
2301 0.127017200986851
2302 0.126962113588904
2303 0.126976594173883
2304 0.127124148786132
2305 0.127069025745708
2306 0.127013945917615
2307 0.126960668673009
2308 0.126905865853467
2309 0.126851523440757
2310 0.126796609649828
2311 0.126741743098426
2312 0.126716000878953
2313 0.126733678892975
2314 0.126678910668238
2315 0.127033080786187
2316 0.126978230619016
2317 0.127193509009719
2318 0.127175358170345
2319 0.127522973990725
2320 0.127504326876620
2321 0.127766060821801
2322 0.127711150158569
2323 0.127693953454240
2324 0.127654911486424
2325 0.127922969579494
2326 0.127867975271925
2327 0.127816917904961
2328 0.127764498085071
2329 0.127882069216814
2330 0.127882280180978
2331 0.128105416109826
2332 0.128284605732922
2333 0.128229693686700
2334 0.128244643133725
2335 0.128206476954638
2336 0.128151594067166
2337 0.128465272527862
2338 0.128487814969534
2339 0.128755845013825
2340 0.128701436486842
2341 0.128646469181813
2342 0.128999390555111
2343 0.128949278152863
2344 0.128894658193395
2345 0.128839693981836
2346 0.128786603492189
2347 0.128732685173346
2348 0.128677858655094
2349 0.128623083789430
2350 0.128569377410374
2351 0.128514792152643
2352 0.128665093102366
2353 0.128615936829219
2354 0.128651923717879
2355 0.128620830526253
2356 0.128566244091190
2357 0.128511824435528
2358 0.128862575961640
2359 0.128807951024331
2360 0.128753371734468
2361 0.128698848223007
2362 0.128718180663457
2363 0.128664013757700
2364 0.128626763484516
2365 0.128589624699708
2366 0.128535543447893
2367 0.128510624675252
2368 0.128473315133396
2369 0.128534144953692
2370 0.128578935383094
2371 0.128527492471192
2372 0.128473556138961
2373 0.128453991396415
2374 0.128399882722702
2375 0.128386847973907
2376 0.128333728670656
2377 0.128284679010808
2378 0.128392651918642
2379 0.128338683829484
2380 0.128285445445378
2381 0.128232323013764
2382 0.128178509386042
2383 0.128124733741649
2384 0.128071008364273
2385 0.128017752534363
2386 0.127965349220476
2387 0.127916323198966
2388 0.127869657533671
2389 0.127816759078288
2390 0.128133186006038
2391 0.128309990288849
2392 0.128258187906204
2393 0.128204590670056
2394 0.128151043176555
2395 0.128265366022069
2396 0.128211832952206
2397 0.128496216106883
2398 0.128444648256002
2399 0.128395327290062
2400 0.128341869748142
2401 0.128303516956078
2402 0.128250139759798
2403 0.128196769184705
2404 0.128143452039357
2405 0.128090174776416
2406 0.128071871736401
2407 0.128018672801369
2408 0.128076192765886
2409 0.128284578086887
2410 0.128268804723803
2411 0.128410511109730
2412 0.128364805922361
2413 0.128316506371088
2414 0.128348311766368
2415 0.128295394286745
2416 0.128242291911921
2417 0.128189233454366
2418 0.128216164462557
2419 0.128506675016459
2420 0.128533088722718
2421 0.128586452880994
2422 0.128584514417988
2423 0.128531452086580
2424 0.128690579621998
2425 0.128637522553503
2426 0.128713498358678
2427 0.128660482444828
2428 0.128812143607955
2429 0.128759112671933
2430 0.128706125382867
2431 0.128842170140504
2432 0.128789216035377
2433 0.128869097125806
2434 0.128943249433379
2435 0.129138965313468
2436 0.129097104084122
2437 0.129044140560971
2438 0.128991210405620
2439 0.128938323481223
2440 0.128886064831844
2441 0.128856030198981
2442 0.128939240499568
2443 0.128968755785464
2444 0.129252272443421
2445 0.129380981552228
2446 0.129353719803689
2447 0.129372418239598
2448 0.129319570188123
2449 0.129412004602250
2450 0.129359199852818
2451 0.129400967724000
2452 0.129348209494094
2453 0.129300080784292
2454 0.129247394753410
2455 0.129194835944020
2456 0.129142232183804
2457 0.129190268887974
2458 0.129137715207135
2459 0.129085198893949
2460 0.129033349679757
2461 0.129002506045656
2462 0.129032897983680
2463 0.129006922392813
2464 0.128957734092314
2465 0.128905418581535
2466 0.128855130386441
2467 0.128802899000277
2468 0.128750714724529
2469 0.128699963447941
2470 0.128647858214005
2471 0.128596653389753
2472 0.128547454370812
2473 0.128495474074855
2474 0.128443536602835
2475 0.128392922531265
2476 0.128722329185494
2477 0.128777487767300
2478 0.128725519453728
2479 0.128784866483777
2480 0.128779516902408
2481 0.128727619518836
2482 0.128721650840312
2483 0.128669873012103
2484 0.128624605868362
2485 0.128921610988520
2486 0.128878195193665
2487 0.128826374449210
2488 0.128821573181306
2489 0.128774226691250
2490 0.128793488294513
2491 0.128742524412024
2492 0.128692138391782
2493 0.128647509991669
2494 0.128596531616130
2495 0.128604004394579
2496 0.128556515956439
2497 0.128589733535270
2498 0.128544955404018
2499 0.128493517224792
2500 0.128469177397506
2501 0.128512232302099
2502 0.128460869273512
2503 0.128646463116744
2504 0.128651579122856
2505 0.128600221358679
2506 0.128744261872180
2507 0.128692918902893
2508 0.128642866770201
2509 0.128591594225386
2510 0.128545149783249
2511 0.128586278853367
2512 0.128540141547982
2513 0.128488991477278
2514 0.128504874017247
2515 0.128455691923302
2516 0.128405711943439
2517 0.128427193510856
2518 0.128408064988277
2519 0.128359258330857
2520 0.128308659607799
2521 0.128263648006339
2522 0.128314308713798
2523 0.128264220866417
2524 0.128278710378481
2525 0.128521964935587
2526 0.128664842267299
2527 0.128616387989253
2528 0.128568079734956
2529 0.128517342717631
2530 0.128516017295047
2531 0.128856408588019
2532 0.128805563430044
2533 0.128754720593255
2534 0.128703909973248
2535 0.128653139301000
2536 0.128602408569221
2537 0.128551721610208
2538 0.128597109376393
2539 0.128564354184022
2540 0.128842606290881
2541 0.128792984060817
2542 0.128742356581373
2543 0.128709574513543
2544 0.128658999196200
2545 0.128627794867937
2546 0.128846538195967
2547 0.128795951922555
2548 0.128745420160734
2549 0.128694911960057
2550 0.128717326817119
2551 0.128673911431020
2552 0.128673427003058
2553 0.128661688876090
2554 0.128646005707504
2555 0.128744455031025
2556 0.128699671310988
2557 0.128690697932332
2558 0.128640388825300
2559 0.128590119036783
2560 0.128539888636882
2561 0.128489900235405
2562 0.128440655129001
2563 0.128391159375762
2564 0.128367806260558
2565 0.128317778851208
2566 0.128270868077798
2567 0.128221704283078
2568 0.128172247261733
2569 0.128122355382375
2570 0.128072502325834
2571 0.128022688050338
2572 0.128162058462138
2573 0.128288698449487
2574 0.128241891912096
2575 0.128222307689587
2576 0.128179478561959
2577 0.128225409290602
2578 0.128189617057972
2579 0.128342833143315
2580 0.128293155508195
2581 0.128243491057842
2582 0.128204859026713
2583 0.128155227176250
2584 0.128105631501020
2585 0.128056086520356
2586 0.128022165803021
2587 0.128222812134543
2588 0.128176810808005
2589 0.128129578024187
2590 0.128213897697729
2591 0.128164497384615
2592 0.128150216607646
2593 0.128156051470603
2594 0.128137810783309
2595 0.128088433402336
2596 0.128099394300091
2597 0.128055320345141
2598 0.128006116570115
2599 0.127957054050728
2600 0.128262344192267
2601 0.128213064170353
2602 0.128175312579253
2603 0.128126076676004
2604 0.128240068510305
2605 0.128190997830137
2606 0.128142558453805
2607 0.128093643921330
2608 0.128053208721590
2609 0.128004127475405
2610 0.127955134398954
2611 0.127908439490791
2612 0.127859470049288
2613 0.127825241195033
2614 0.127776347415497
2615 0.127727485063791
2616 0.127679459523312
2617 0.127634271614596
2618 0.127585519028281
2619 0.127536810033815
2620 0.127488662104838
2621 0.127440021117675
2622 0.127712163078781
2623 0.127758444890702
2624 0.127969316303708
2625 0.127943492907275
2626 0.127894781079211
2627 0.127849185279329
2628 0.127804936075382
2629 0.127756339611225
2630 0.127925237293711
2631 0.127876628748268
2632 0.127830400780698
2633 0.127987698543229
2634 0.128277242748213
2635 0.128233964066156
2636 0.128185316889351
2637 0.128147370526457
2638 0.128098793403318
2639 0.128136490783527
2640 0.128087954237975
2641 0.128081199010929
2642 0.128317208648000
2643 0.128270594700910
2644 0.128222098165385
2645 0.128173621984073
2646 0.128385296971230
2647 0.128336827201042
2648 0.128291564704041
2649 0.128313321451133
2650 0.128265127758712
2651 0.128217911027559
2652 0.128321220219647
2653 0.128273249263315
2654 0.128226629419127
2655 0.128178333142692
2656 0.128296817293516
2657 0.128413102120354
2658 0.128365189927291
2659 0.128320571992792
2660 0.128401278691601
2661 0.128605904363571
2662 0.128558006060774
2663 0.128509731432125
2664 0.128461498069800
2665 0.128426561260390
2666 0.128378389256931
2667 0.128330253377944
2668 0.128282153641734
2669 0.128234089889901
2670 0.128186280158767
2671 0.128156802781285
2672 0.128108949637378
2673 0.128061022608534
2674 0.128013346387664
2675 0.127966360658926
2676 0.127918540643918
2677 0.127871106848244
2678 0.127823358160106
2679 0.127802571017845
2680 0.127891096164175
2681 0.127875154866786
2682 0.127827547492304
2683 0.127781818272857
2684 0.127829387390830
2685 0.127804251556922
2686 0.127756762795948
2687 0.127866576680677
2688 0.127856759156181
2689 0.127809212056426
2690 0.127762039931426
2691 0.127721222355102
2692 0.127682475347661
2693 0.127749627376584
2694 0.127704576574769
2695 0.127657666875563
2696 0.127612037435430
2697 0.127572872135244
2698 0.127525587897987
2699 0.127484450809170
2700 0.127450361582112
2701 0.127403942155879
2702 0.127482465044237
2703 0.127445590019454
2704 0.127533119402468
2705 0.127485979491379
2706 0.127717874913039
2707 0.128038781881227
2708 0.127991500559804
2709 0.127944379851006
2710 0.127944787798157
2711 0.127897593989526
2712 0.127850442169309
2713 0.127829497177865
2714 0.127824751523997
2715 0.127858205193576
2716 0.127811129272861
2717 0.127764088317423
2718 0.127717121739832
2719 0.127670160042651
2720 0.127650530012298
2721 0.127621625392109
2722 0.127601271395498
2723 0.127717767378679
2724 0.127670970478721
2725 0.127624505244270
2726 0.127581254483577
2727 0.127865591086452
2728 0.127818719680292
2729 0.127800431224376
2730 0.127753619517917
2731 0.127709632192001
2732 0.127667561176445
2733 0.127627922502185
2734 0.127705052794452
2735 0.127658359905834
2736 0.127710580685524
2737 0.127663920121264
2738 0.127617293415596
2739 0.127610818980494
2740 0.127612316088844
2741 0.127570104085044
2742 0.127523645716651
2743 0.127487094203227
2744 0.127441413069081
2745 0.127395393119357
2746 0.127349000041023
2747 0.127302890514144
2748 0.127257504836198
2749 0.127452160397581
2750 0.127413973750076
2751 0.127367658241987
2752 0.127392330694091
2753 0.127346064756400
2754 0.127301050009130
2755 0.127254842737319
2756 0.127211273320990
2757 0.127465659839213
2758 0.127474349162699
2759 0.127428146064870
2760 0.127381976446767
2761 0.127335840272768
2762 0.127289737528746
2763 0.127243733857602
2764 0.127320458640110
2765 0.127274412623094
2766 0.127228399477680
2767 0.127319217271348
2768 0.127273220446097
2769 0.127240359807776
2770 0.127195000668183
2771 0.127204859675684
2772 0.127185507935787
2773 0.127139650197365
2774 0.127093828912913
2775 0.127055876297982
2776 0.127013294598881
2777 0.127021006098511
2778 0.127028877855300
2779 0.127127746678180
2780 0.127082409339891
2781 0.127051747093109
2782 0.127174397566226
2783 0.127165773394918
2784 0.127141550758603
2785 0.127320906167328
2786 0.127275205929817
2787 0.127288967512591
2788 0.127244012602083
2789 0.127199167260569
2790 0.127160647881445
2791 0.127115086919596
2792 0.127179140104661
2793 0.127133608677624
2794 0.127228902868731
2795 0.127183400656106
2796 0.127138079029280
2797 0.127092623873508
2798 0.127047201205934
2799 0.127086124324379
2800 0.127200602951504
2801 0.127155190383510
2802 0.127109815107597
2803 0.127064478692443
2804 0.127019301246943
2805 0.126974223186357
2806 0.126933929177951
2807 0.126888709095076
2808 0.126843853243849
2809 0.126799226810602
2810 0.126754107033521
2811 0.126718610407544
2812 0.126779261323623
2813 0.126937087771493
2814 0.126891978832141
2815 0.126846901765117
2816 0.126801867908209
2817 0.126757516066931
2818 0.126712534691464
2819 0.126667605656659
2820 0.126622730469729
2821 0.126577860462113
2822 0.126533062469729
2823 0.126537324136877
2824 0.126500591762237
2825 0.126455812794643
2826 0.126411065518116
2827 0.126381801509795
2828 0.126342669806932
2829 0.126298078010086
2830 0.126253449722869
2831 0.126209051359469
2832 0.126215171577770
2833 0.126200011404239
2834 0.126159137590982
2835 0.126122349474008
2836 0.126077877585202
2837 0.126033437022129
2838 0.125989262847731
2839 0.125947179839898
2840 0.125903938920824
2841 0.125859735227411
2842 0.126154130214063
2843 0.126111515305932
2844 0.126090225282018
2845 0.126046793526778
2846 0.126007443073240
2847 0.125965571092904
2848 0.125923625301187
2849 0.125879570442845
2850 0.125838938641572
2851 0.125794811690646
2852 0.125750723015540
2853 0.125746750560886
2854 0.125723865688204
2855 0.125679851804918
2856 0.125658404931708
2857 0.125617431460705
2858 0.125573490264577
2859 0.125610780360752
2860 0.125768280416111
2861 0.125724321302448
2862 0.125752650209574
2863 0.125708726826891
2864 0.125665278503258
2865 0.125622124767715
2866 0.125633153067985
2867 0.125595380748033
2868 0.125551588774896
2869 0.125585519922546
2870 0.125541766384340
2871 0.125498038844676
2872 0.125454341759266
2873 0.125410675101515
2874 0.125384374654471
2875 0.125358700580497
2876 0.125315230528606
2877 0.125408882036313
2878 0.125401331011914
2879 0.125359302378931
2880 0.125315775278376
2881 0.125367728490772
2882 0.125347294768745
2883 0.125309120533442
2884 0.125286169942985
2885 0.125242743194322
2886 0.125199359924528
2887 0.125184554145390
2888 0.125190690774026
2889 0.125147555326257
2890 0.125105061413655
2891 0.125073858540177
2892 0.125030610338181
2893 0.124987392030745
2894 0.125248488167981
2895 0.125206633203032
2896 0.125311134825971
2897 0.125267906944840
2898 0.125224682424481
2899 0.125181488056255
2900 0.125417138568270
2901 0.125373906213929
2902 0.125337399848510
2903 0.125294289732942
2904 0.125521657589633
2905 0.125479962058504
2906 0.125436800835891
2907 0.125410607143176
2908 0.125367481076759
2909 0.125324429243655
2910 0.125351837203831
2911 0.125634562154595
2912 0.125591689413356
2913 0.125548575237108
2914 0.125512255026431
2915 0.125469197675639
2916 0.125426169933941
2917 0.125441482426316
2918 0.125398493570118
2919 0.125355534169047
2920 0.125416768713741
2921 0.125374133156244
2922 0.125331263543659
2923 0.125407751240657
2924 0.125364881279946
2925 0.125430027006724
2926 0.125555883031787
2927 0.125513069148223
2928 0.125470400703912
2929 0.125429506884739
2930 0.125496761420247
2931 0.125453949046862
2932 0.125412012539480
2933 0.125395791284648
2934 0.125353052435773
2935 0.125310354470854
2936 0.125267678815639
2937 0.125225039812243
2938 0.125335297510525
2939 0.125302388095745
2940 0.125264725201750
2941 0.125226019726802
2942 0.125187079518269
2943 0.125221717651676
2944 0.125179229905122
2945 0.125178899118441
2946 0.125136850713709
2947 0.125099456107785
2948 0.125092719319719
2949 0.125160122157435
2950 0.125118115150411
2951 0.125077961712275
2952 0.125035834121883
2953 0.125007970702090
2954 0.125300984416027
2955 0.125258581442645
2956 0.125322155011912
2957 0.125279774358773
2958 0.125238858134293
2959 0.125197234392447
2960 0.125155386155468
2961 0.125113118304179
2962 0.125070879068417
2963 0.125114767482162
2964 0.125074808002738
2965 0.125033843570387
2966 0.125081570441209
2967 0.125039527937451
2968 0.124997780855355
2969 0.124982979330642
2970 0.124942708771015
2971 0.124900713115120
2972 0.124948258104816
2973 0.125200255694765
2974 0.125177991186738
2975 0.125135914619676
2976 0.125144267946757
2977 0.125103530059400
2978 0.125264271365116
2979 0.125223161702963
2980 0.125181194415983
2981 0.125175175695610
2982 0.125133198775619
2983 0.125231569117886
2984 0.125191760669753
2985 0.125190131863368
2986 0.125381448033281
2987 0.125341538103633
2988 0.125299615689880
2989 0.125314666299120
2990 0.125423902733199
2991 0.125381968964318
2992 0.125340069740111
2993 0.125298218655992
2994 0.125256476948839
2995 0.125245884405458
2996 0.125204646381439
2997 0.125248447224403
2998 0.125212205919721
2999 0.125170454622836
3000 0.125128878452764
3001 0.125087224719377
3002 0.125045556875930
3003 0.125003983476698
3004 0.124989799942683
3005 0.124950385556918
3006 0.124908825275425
3007 0.124867376386675
3008 0.124920215703597
3009 0.124879458270397
3010 0.125130813466672
3011 0.125344862391990
3012 0.125321420851465
3013 0.125397838583185
3014 0.125356319791683
3015 0.125585911530384
3016 0.125545026040043
3017 0.125503897379083
3018 0.125462312743473
3019 0.125505026121691
3020 0.125531053507380
3021 0.125489501887478
3022 0.125458091386631
3023 0.125418958096606
3024 0.125385960268902
3025 0.125344550114911
3026 0.125360068350368
3027 0.125318674236194
3028 0.125346884011917
3029 0.125371541547911
3030 0.125420402973259
3031 0.125381750442650
3032 0.125607850776937
3033 0.125621617668657
3034 0.125789794817352
3035 0.125844771413572
3036 0.125813805119829
3037 0.125772746837482
3038 0.125860959978452
3039 0.125819567445702
3040 0.125778562695118
3041 0.125737201773483
3042 0.125695868045485
3043 0.125654565728685
3044 0.125831231080002
3045 0.125817153322346
3046 0.125782318013403
3047 0.125747154484305
3048 0.125850750719567
3049 0.126112719959262
3050 0.126071524601241
3051 0.126106566654207
3052 0.126088000542072
3053 0.126047349424961
3054 0.126009447950337
3055 0.125989356196634
3056 0.125948387744348
3057 0.125913522854328
3058 0.125875421945026
3059 0.125834289223171
3060 0.126073771714489
3061 0.126038540782666
3062 0.125997378620492
3063 0.125971635955408
3064 0.125958149954635
3065 0.125978993402937
3066 0.125940442609087
3067 0.125962154262054
3068 0.125970637988212
3069 0.126100109374640
3070 0.126060001669377
3071 0.126020057157252
3072 0.125983205225166
3073 0.125942265701955
3074 0.125901295543952
3075 0.126162877046127
3076 0.126334220725807
3077 0.126332984026752
3078 0.126368834910127
3079 0.126328418629375
3080 0.126296370103044
3081 0.126257744024936
3082 0.126216777852320
3083 0.126179182850635
3084 0.126138891152467
3085 0.126175690256186
3086 0.126137176532113
3087 0.126104796167809
3088 0.126173738867391
3089 0.126133197981561
3090 0.126298864205832
3091 0.126292410586172
3092 0.126274016388102
3093 0.126244203040673
3094 0.126208177761830
3095 0.126167659752063
3096 0.126361123887131
3097 0.126368644285779
3098 0.126335684171263
3099 0.126295200599373
3100 0.126381505746654
3101 0.126360370172446
3102 0.126320124176835
3103 0.126313602512703
3104 0.126273019053321
3105 0.126244448250264
3106 0.126203802925770
3107 0.126163191402935
3108 0.126123317035719
3109 0.126082753586659
3110 0.126046536853281
3111 0.126006020766891
3112 0.126227679098840
3113 0.126187169109210
3114 0.126146646583443
3115 0.126220531021934
3116 0.126180023791183
3117 0.126175129760594
3118 0.126134844760092
3119 0.126166415393828
3120 0.126233547896281
3121 0.126193101389430
3122 0.126152705076055
3123 0.126112363535354
3124 0.126289745428870
3125 0.126258750832669
3126 0.126221642074710
3127 0.126181279737002
3128 0.126141002124246
3129 0.126100690502146
3130 0.126082907562085
3131 0.126343129402404
3132 0.126302789980578
3133 0.126263285166448
3134 0.126224102778155
3135 0.126476638402374
3136 0.126707694207906
3137 0.126667381769069
3138 0.126686869254080
3139 0.126761309539023
3140 0.126733911015200
3141 0.126730905534088
3142 0.126706130803913
3143 0.126779335747761
3144 0.126786997635625
3145 0.126746741889161
3146 0.126706462549987
3147 0.126668573753457
3148 0.126676553190576
3149 0.126636325645226
3150 0.126730279962513
3151 0.126690060895594
3152 0.126651265046549
3153 0.126611256354584
3154 0.126859376783470
3155 0.126820747729009
3156 0.126781769350251
3157 0.126747215038188
3158 0.126965726081568
3159 0.126925537182913
3160 0.126900416181843
3161 0.126860830503011
3162 0.126853516933082
3163 0.126910314772719
3164 0.126876731156424
3165 0.127058159374176
3166 0.127018044234093
3167 0.126978083734834
3168 0.126943109737612
3169 0.126903070614856
3170 0.126863038121201
3171 0.126823222839987
3172 0.126800459607939
3173 0.126825966556042
3174 0.126830339730921
3175 0.126893420317947
3176 0.126853466470240
3177 0.126813543176008
3178 0.126773640005408
3179 0.126747055531444
3180 0.126752990681208
3181 0.126713143782505
3182 0.126679875021512
3183 0.126643418785521
3184 0.126605381872482
3185 0.126565970598677
3186 0.126526244943384
3187 0.126510718707522
3188 0.126662889270224
3189 0.126857502853241
3190 0.126819720270665
3191 0.126779977539337
3192 0.126740259575060
3193 0.126719545008112
3194 0.126687832348206
3195 0.126654564816917
3196 0.126614944901838
3197 0.126575398140829
3198 0.126535818591699
3199 0.126496283038342
3200 0.126456755936598
3201 0.126422257288991
3202 0.126404084494942
3203 0.126386145302193
3204 0.126650427708211
3205 0.126610911194105
3206 0.126572468917502
3207 0.126626427201843
3208 0.126695509070133
3209 0.126784599303650
3210 0.126749724044988
3211 0.126710314354997
3212 0.126857830325825
3213 0.126836185237849
3214 0.126796727345840
3215 0.126768306145357
3216 0.126769337010842
3217 0.126730191167689
3218 0.126690822077210
3219 0.126651493742738
3220 0.126612161054301
3221 0.126572852721594
3222 0.126533568961042
3223 0.126497981513826
3224 0.126586446716729
3225 0.126573864568777
3226 0.126668548748197
3227 0.126652311329408
3228 0.126613075817487
3229 0.126573864583105
3230 0.126538062171436
3231 0.126498922883143
3232 0.126472917380054
3233 0.126433872039966
3234 0.126395289379971
3235 0.126546977495444
3236 0.126726389531923
3237 0.126687240331647
3238 0.126896021085247
3239 0.126857955521629
3240 0.126836082570749
3241 0.126838926166746
3242 0.126834656601445
3243 0.126797008511267
3244 0.126980894687695
3245 0.126941769213791
3246 0.126902664234453
3247 0.126863581519473
3248 0.127087074763183
3249 0.127047959012285
3250 0.127046029553249
3251 0.127163291889821
3252 0.127144455183145
3253 0.127105382791069
3254 0.127066321518941
3255 0.127027284249391
3256 0.127025270646404
3257 0.126988912177379
3258 0.126950731038078
3259 0.126911777444862
3260 0.127080403880963
3261 0.127125845462706
3262 0.127106598385316
3263 0.127073074611942
3264 0.127036110112000
3265 0.126997202023773
3266 0.126981228922326
3267 0.126943816278859
3268 0.126905097452167
3269 0.126866277861004
3270 0.126975477514048
3271 0.126936662573085
3272 0.126897867749563
3273 0.126871310170674
3274 0.126832559753841
3275 0.126817141609322
3276 0.126786018170282
3277 0.126804392945987
3278 0.126837872946455
3279 0.126967789641609
3280 0.126931987002277
3281 0.126893300021146
3282 0.126859091282213
3283 0.126820662482400
3284 0.126834787527801
3285 0.126796270554483
3286 0.126757831349978
3287 0.126836355443248
3288 0.126819114294145
3289 0.126828009003303
3290 0.126789459456494
3291 0.126755154800238
3292 0.126717834929100
3293 0.126679563218974
3294 0.126667599244009
3295 0.126629158029542
3296 0.126605004604667
3297 0.126566604661085
3298 0.126528455511871
3299 0.126492555839192
3300 0.126577953242773
3301 0.126539607907044
3302 0.126501290169270
3303 0.126482209833892
3304 0.126443928554728
3305 0.126405994099353
3306 0.126371282116857
3307 0.126343127574386
3308 0.126452270536083
3309 0.126462882550505
3310 0.126424692890619
3311 0.126386509839368
3312 0.126357916236266
3313 0.126485895034779
3314 0.126610942515820
3315 0.126574832024224
3316 0.126542924416174
3317 0.126504775116380
3318 0.126467040751906
3319 0.126428936980019
3320 0.126390856141949
3321 0.126353572276488
3322 0.126539834133216
3323 0.126513136428476
3324 0.126483571643065
3325 0.126445531482669
3326 0.126662972009125
3327 0.126624900782191
3328 0.126589792265772
3329 0.126551855465539
3330 0.126513864793582
3331 0.126477633579857
3332 0.126439675107279
3333 0.126401740639131
3334 0.126363849305192
3335 0.126325991628223
3336 0.126495721902052
3337 0.126691196878326
3338 0.126773961222168
3339 0.126882019356394
3340 0.127008711550605
3341 0.126970696416628
3342 0.126933300582927
3343 0.126980803788861
3344 0.126958620513743
3345 0.127054541285342
3346 0.127016572854743
3347 0.126983396485997
3348 0.126945559991241
3349 0.126907667467573
3350 0.126897696991759
3351 0.126869603028908
3352 0.126831758020885
3353 0.126925084811029
3354 0.126974953939936
3355 0.126937186605270
3356 0.126927730811525
3357 0.126894162341730
3358 0.126856375206460
3359 0.126824865037811
3360 0.126787581034073
3361 0.126774075043246
3362 0.126736378024550
3363 0.126723559479721
3364 0.126690762397732
3365 0.126653112839816
3366 0.126615595370460
3367 0.126577990502206
3368 0.126575378427786
3369 0.126539150246594
3370 0.126501602027189
3371 0.126464075770076
3372 0.126426573274055
3373 0.126438753038537
3374 0.126406015975328
3375 0.126368602372872
3376 0.126459363062349
3377 0.126423614632050
3378 0.126386210582568
3379 0.126458187076408
3380 0.126421784244221
3381 0.126384429834136
3382 0.126347077917395
3383 0.126313384801952
3384 0.126291375813647
3385 0.126254356677762
3386 0.126217069508112
3387 0.126431926503073
3388 0.126410761590525
3389 0.126412039429629
3390 0.126374825242588
3391 0.126338708688690
3392 0.126311573801277
3393 0.126346582566881
3394 0.126309365854191
3395 0.126333928450397
3396 0.126296727679528
3397 0.126259646091136
3398 0.126442769332451
3399 0.126405617384516
3400 0.126370017027153
3401 0.126333227242541
3402 0.126353126851206
3403 0.126315996931067
3404 0.126304272547009
3405 0.126521571221953
3406 0.126562958362052
3407 0.126526355610305
3408 0.126489229332863
3409 0.126580022972938
3410 0.126542902731597
3411 0.126519350202038
3412 0.126482290413371
3413 0.126445231435860
3414 0.126592196500314
3415 0.126555155675838
3416 0.126623143361393
3417 0.126727628642200
3418 0.126694131988189
3419 0.126658012832623
3420 0.126646039194763
3421 0.126633032012059
3422 0.126596026450396
3423 0.126560366130512
3424 0.126653148725062
3425 0.126639408583469
3426 0.126602889320083
3427 0.126567940833025
3428 0.126531019039048
3429 0.126494118772072
3430 0.126555520486720
3431 0.126713625047258
3432 0.126682605353223
3433 0.126855961374513
3434 0.126913208733270
3435 0.127051449832341
3436 0.127133839055793
3437 0.127100318997079
3438 0.127064622636512
3439 0.127027674728298
3440 0.126998556208534
3441 0.126961648752517
3442 0.126932021942555
3443 0.126895278223047
3444 0.126864135702324
3445 0.126827310124330
3446 0.127022196610964
3447 0.126986400093008
3448 0.126950207596231
3449 0.126914616790779
3450 0.126878259905293
3451 0.126841494254871
3452 0.126808246201509
3453 0.126771611589167
3454 0.126766732488184
3455 0.126755733629470
3456 0.126719412991634
3457 0.126686527519887
3458 0.126650112338450
3459 0.126613497878729
3460 0.126577722633926
3461 0.126552378322087
3462 0.126527459576278
3463 0.126490922625780
3464 0.126455831428269
3465 0.126458792254630
3466 0.126422306743614
3467 0.126647348728856
3468 0.126643541072895
3469 0.126797696110449
3470 0.127000949022491
3471 0.127056230415025
3472 0.127051116164952
3473 0.127018847380781
3474 0.127002853693675
3475 0.127247354927203
3476 0.127421825138122
3477 0.127429448704408
3478 0.127392827665452
3479 0.127517913983228
3480 0.127551859137926
3481 0.127556296206604
3482 0.127528909036935
3483 0.127493911573978
3484 0.127630600727402
3485 0.127594049445733
3486 0.127557447598476
3487 0.127520866990659
3488 0.127484307109068
3489 0.127468278700493
3490 0.127471547342915
3491 0.127441798262366
3492 0.127405346482563
3493 0.127369203312381
3494 0.127332749620601
3495 0.127324948219820
3496 0.127292737726380
3497 0.127256362602796
3498 0.127222222690997
3499 0.127185864197763
3500 0.127149525590237
3501 0.127145724310076
3502 0.127370090456438
3503 0.127349170986518
3504 0.127312827047932
3505 0.127276600210846
3506 0.127241066079750
3507 0.127204840103209
3508 0.127420804423515
3509 0.127384492528531
3510 0.127351515423711
3511 0.127315243275355
3512 0.127327223175306
3513 0.127290980865561
3514 0.127264548016850
3515 0.127265423454253
3516 0.127239794353271
3517 0.127206666848728
3518 0.127170509030441
3519 0.127134370793503
3520 0.127100375252167
3521 0.127064492330934
3522 0.127044706572760
3523 0.127120871052780
3524 0.127286034675326
3525 0.127250355012649
3526 0.127214287090948
3527 0.127185342110816
3528 0.127319201788914
3529 0.127352224734913
3530 0.127316147624044
3531 0.127280090941791
3532 0.127244546542972
3533 0.127209378532744
3534 0.127173382672490
3535 0.127239154772459
3536 0.127203175148711
3537 0.127167211570840
3538 0.127132937537472
3539 0.127098085432675
3540 0.127062182018711
3541 0.127026302701723
3542 0.127021177930784
3543 0.127173505520205
3544 0.127144984681319
3545 0.127109417556879
3546 0.127073571706291
3547 0.127114147520345
3548 0.127127914754445
3549 0.127092116693020
3550 0.127056319213344
3551 0.127020710786434
3552 0.126988092360407
3553 0.126965604928474
3554 0.126930637135796
3555 0.126894932819332
3556 0.126874346050196
3557 0.126884654681298
3558 0.126849017462377
3559 0.126813716481878
3560 0.126785283966975
3561 0.126750347289827
3562 0.126764224734748
3563 0.126798638979981
3564 0.126841972800173
3565 0.126873655030291
3566 0.126838077744152
3567 0.126802520631425
3568 0.126792216841561
3569 0.126756745514891
3570 0.126746732372695
3571 0.126776083612403
3572 0.126997636234490
3573 0.127006453236759
3574 0.127193727661216
3575 0.127300485805129
3576 0.127264887971591
3577 0.127381740191629
3578 0.127347690802285
3579 0.127314168446810
3580 0.127294125435534
3581 0.127258578346611
3582 0.127286281442146
3583 0.127250756610088
3584 0.127275895008901
3585 0.127240439236944
3586 0.127205090223068
3587 0.127170596534237
3588 0.127140640726268
3589 0.127105215638297
3590 0.127080693984351
3591 0.127107425676899
3592 0.127072205049189
3593 0.127303610344044
3594 0.127289174936400
3595 0.127257688032305
3596 0.127231286259146
3597 0.127249124115482
3598 0.127213757641879
3599 0.127178413068157
3600 0.127143087628472
3601 0.127119454613748
3602 0.127084163260441
3603 0.127049906297946
3604 0.127119930814050
3605 0.127084668697320
3606 0.127097314311386
3607 0.127247426762180
3608 0.127212158628381
3609 0.127207784144374
3610 0.127261628121019
3611 0.127293249133744
3612 0.127457851186406
3613 0.127422574536951
3614 0.127461712901717
3615 0.127440571639797
3616 0.127405331239034
3617 0.127395467164089
3618 0.127380701530150
3619 0.127379623418964
3620 0.127353173521701
3621 0.127318002802695
3622 0.127283294664660
3623 0.127248210297117
3624 0.127213098254628
3625 0.127179707393416
3626 0.127158955779273
3627 0.127127350877115
3628 0.127107151193676
3629 0.127076939135108
3630 0.127061923960554
3631 0.127030912387558
3632 0.127026115066078
3633 0.126991155489521
3634 0.127007484059569
3635 0.126972616529496
3636 0.127133009420340
3637 0.127104817350719
3638 0.127069879248094
3639 0.127036419902396
3640 0.127001519835107
3641 0.126972290883154
3642 0.126938030319558
3643 0.126984098679818
3644 0.126949265477697
3645 0.126914444066202
3646 0.126931238736322
3647 0.126902190130572
3648 0.126880799120871
3649 0.126924330480241
3650 0.126931297639644
3651 0.126973889787206
3652 0.126943565383742
3653 0.126908814888589
3654 0.126874083412305
3655 0.126839612029370
3656 0.126804990213173
3657 0.126770696035222
3658 0.126850859421595
3659 0.126816191244656
3660 0.126889949894483
3661 0.126856364413334
3662 0.126839075342457
3663 0.126804893567168
3664 0.126770854774231
3665 0.126736614103010
3666 0.126702944814422
3667 0.126668932990885
3668 0.126704844015557
3669 0.126670310510417
3670 0.126767316164949
3671 0.126967320063387
3672 0.126933605649912
3673 0.126899049802311
3674 0.126864682153670
3675 0.127017706392540
3676 0.126983153826440
3677 0.127051240070061
3678 0.127060854895390
3679 0.127026318104184
3680 0.126991903481729
3681 0.126957405105947
3682 0.126922924714744
3683 0.126890454562502
3684 0.127006098826880
3685 0.126976213129558
3686 0.127038387641142
3687 0.127003933447164
3688 0.127136784455550
3689 0.127102322393303
3690 0.127067877325896
3691 0.127065240274187
3692 0.127030895916032
3693 0.127195196444943
3694 0.127175797008387
3695 0.127146743870423
3696 0.127112346055782
3697 0.127215740817803
3698 0.127198545570805
3699 0.127172211220991
3700 0.127137965486011
3701 0.127131870834647
3702 0.127252735713769
3703 0.127218370945820
3704 0.127189526428963
3705 0.127164768772998
3706 0.127130621253602
3707 0.127096671057917
3708 0.127077945590935
3709 0.127051962711900
3710 0.127017716907630
3711 0.126990994054177
3712 0.126957826892381
3713 0.126933851338583
3714 0.126989990799266
3715 0.126956615835019
3716 0.126922451096853
3717 0.126899009750033
3718 0.126864903209714
3719 0.126837939761622
3720 0.126804081701324
3721 0.126770003754882
3722 0.126741875982556
3723 0.126707833042941
3724 0.126697673194129
3725 0.126665200127496
3726 0.126661903182588
3727 0.126831252405198
3728 0.126880758996062
3729 0.126846733586253
3730 0.126853462440586
3731 0.126819715306412
3732 0.126785733611201
3733 0.126752522010761
3734 0.126741280470941
3735 0.126707347062515
3736 0.126673431819895
3737 0.126639534822920
3738 0.126606843548006
3739 0.126574284343947
3740 0.126540440952441
3741 0.126506641934351
3742 0.126472842890978
3743 0.126475126196244
3744 0.126441886936891
3745 0.126428872236759
3746 0.126395121901078
3747 0.126366987255632
3748 0.126334325659498
3749 0.126302968709806
3750 0.126274310245046
3751 0.126241495904807
3752 0.126300523039823
3753 0.126336107527979
3754 0.126515295439066
3755 0.126695623417728
3756 0.126661891888597
3757 0.126628238159308
3758 0.126656765117901
3759 0.126644816143911
3760 0.126611186972497
3761 0.126577888743496
3762 0.126548002350929
3763 0.126514373732769
3764 0.126687587054549
3765 0.126874633461192
3766 0.126866607895434
3767 0.126840613077980
3768 0.126808187915655
3769 0.126774570352749
3770 0.126755214166896
3771 0.126917329268467
3772 0.127101683735516
3773 0.127067996567816
3774 0.127055100553006
3775 0.127021550019699
3776 0.126991217224480
3777 0.126957628305611
3778 0.126929893950311
3779 0.126896305770075
3780 0.126862782949065
3781 0.126925774314201
3782 0.126910318298391
3783 0.126876884807778
3784 0.126843355334161
3785 0.126825686971888
3786 0.126821893677172
3787 0.126788605343808
3788 0.126755146936390
3789 0.126721709194343
3790 0.126688273387368
3791 0.126657940221858
3792 0.126624538866315
3793 0.126591347580164
3794 0.126559906086575
3795 0.126608240785464
3796 0.126574895944341
3797 0.126543911096185
3798 0.126510592990138
3799 0.126486050444519
3800 0.126466092684900
3801 0.126453810827080
3802 0.126434360929716
3803 0.126401115152138
3804 0.126368140520386
3805 0.126335056245312
3806 0.126301862602638
3807 0.126270011059938
3808 0.126236852030761
3809 0.126309087433701
3810 0.126276353558016
3811 0.126337117584908
3812 0.126303976030141
3813 0.126322660697585
3814 0.126289563035853
3815 0.126267883623104
3816 0.126234929627891
3817 0.126203035779690
3818 0.126170357672468
3819 0.126139337871047
3820 0.126106355104407
3821 0.126077861418820
3822 0.126092712537659
3823 0.126224504745112
3824 0.126259100543797
3825 0.126235516044013
3826 0.126203711366703
3827 0.126178304084477
3828 0.126151347044741
3829 0.126118547304022
3830 0.126086657510972
3831 0.126058218690976
3832 0.126026261475822
3833 0.126177871008642
3834 0.126146965435137
3835 0.126114071832677
3836 0.126081232449055
3837 0.126048718803077
3838 0.126015876510788
3839 0.125987307954733
3840 0.125954502374030
3841 0.125924327169402
3842 0.125938260253922
3843 0.125907194243749
3844 0.126075722810615
3845 0.126118185630404
3846 0.126137720155867
3847 0.126104931562733
3848 0.126093602966857
3849 0.126306597401859
3850 0.126287322223001
3851 0.126283453493368
3852 0.126250669683895
3853 0.126219104885464
3854 0.126191287971400
3855 0.126160717896025
3856 0.126146679157192
3857 0.126114002817417
3858 0.126083602754994
3859 0.126277824987121
3860 0.126327288982250
3861 0.126469226958636
3862 0.126436479883877
3863 0.126572544634002
3864 0.126543706385390
3865 0.126510965452306
3866 0.126478618800732
3867 0.126445927205953
3868 0.126415355292760
3869 0.126383420303286
3870 0.126352639925655
3871 0.126328735910799
3872 0.126297785570498
3873 0.126431797181727
3874 0.126399162691312
3875 0.126489784043239
3876 0.126457155357635
3877 0.126434673177840
3878 0.126402070192584
3879 0.126369523698295
3880 0.126365777354787
3881 0.126333247294840
3882 0.126300703955031
3883 0.126268178063364
3884 0.126364899937546
3885 0.126543445150163
3886 0.126546596666166
3887 0.126514040299646
3888 0.126708602969686
3889 0.126682805061475
3890 0.126650583140537
3891 0.126618743206073
3892 0.126594867163141
3893 0.126619390156309
3894 0.126741087404353
3895 0.126865729307485
3896 0.127077605482097
3897 0.127044996396785
3898 0.127012459106579
3899 0.126979910073429
3900 0.126947492736285
3901 0.126925396247323
3902 0.126910219782493
3903 0.126910664965194
3904 0.126878157113351
3905 0.126850406683326
3906 0.126817940498149
3907 0.126790369010131
3908 0.126757961149614
3909 0.126731951886011
3910 0.126815287799740
3911 0.126782941833564
3912 0.126750533268949
3913 0.126718148666680
3914 0.126694833790855
3915 0.126703013074177
3916 0.126676039427489
3917 0.126643930310274
3918 0.126611607356624
3919 0.126648911846648
3920 0.126649285714974
3921 0.126705123799952
3922 0.126672818201796
3923 0.126778983240679
3924 0.126747885983788
3925 0.126725002682212
3926 0.126889768529601
3927 0.126994758541361
3928 0.126984824584089
3929 0.126953969589291
3930 0.126962264489159
3931 0.127135927288548
3932 0.127103593634644
3933 0.127147223460921
3934 0.127121266988359
3935 0.127337515009196
3936 0.127305341293331
3937 0.127304610245408
3938 0.127272283497040
3939 0.127239972690962
3940 0.127216775557422
3941 0.127184501848536
3942 0.127155008235585
3943 0.127205625434467
3944 0.127173372497736
3945 0.127141145562240
3946 0.127108925302341
3947 0.127077722157581
3948 0.127045537978427
3949 0.127141785478672
3950 0.127109634596592
3951 0.127176613532022
3952 0.127144719180660
3953 0.127123033129562
3954 0.127091407277473
3955 0.127059272917239
3956 0.127027159430290
3957 0.126995143623069
3958 0.126966353244221
3959 0.126934588889267
3960 0.126918366338885
3961 0.126925933407585
3962 0.126897630174616
3963 0.126884452023125
3964 0.126852595849148
3965 0.126898038790560
3966 0.126866042405182
3967 0.126834084623007
3968 0.126815396871333
3969 0.126814659728973
3970 0.126943705909036
3971 0.126913885774988
3972 0.126881939130289
3973 0.126851367347885
3974 0.126819447023942
3975 0.126787650585635
3976 0.126756531116054
3977 0.126724658818303
3978 0.126710664666415
3979 0.126680414732690
3980 0.126762121414881
3981 0.126730288467465
3982 0.126705577464734
3983 0.126673765871249
3984 0.126642104769518
3985 0.126610325130969
3986 0.126590724369738
3987 0.126559576437360
3988 0.126544046757418
3989 0.126512657135950
3990 0.126603756133473
3991 0.126593755899499
3992 0.126562046074543
3993 0.126530371171158
3994 0.126499259687180
3995 0.126527797201194
3996 0.126538968913471
3997 0.126511689561976
3998 0.126486596797117
3999 0.126468418017148
4000 0.126436800938580
4001 0.126405199638698
4002 0.126373614131542
4003 0.126342044415633
4004 0.126365526652113
4005 0.126356171419165
4006 0.126324631827288
4007 0.126293105839974
4008 0.126261595851386
4009 0.126230101315130
4010 0.126204663716410
4011 0.126290868371788
4012 0.126262244177976
4013 0.126436121935185
4014 0.126405197712564
4015 0.126373723953547
4016 0.126342312520169
4017 0.126499174074873
4018 0.126467709429840
4019 0.126436242064168
4020 0.126407242045507
4021 0.126375805284329
4022 0.126344869245390
4023 0.126313482960837
4024 0.126304805459333
4025 0.126276760414083
4026 0.126304002550761
4027 0.126277398145633
4028 0.126491617006604
4029 0.126479796168616
4030 0.126448411613848
4031 0.126509331407122
4032 0.126477956732499
4033 0.126446756261501
4034 0.126434184193966
4035 0.126422219436581
4036 0.126391403231632
4037 0.126384691205821
4038 0.126353392375551
4039 0.126462171512821
4040 0.126441343102429
4041 0.126413761843006
4042 0.126427974997844
4043 0.126396762378999
4044 0.126533342460242
4045 0.126502061048584
4046 0.126523566274606
4047 0.126498983860264
4048 0.126467764001487
4049 0.126436531160706
4050 0.126417339622375
4051 0.126429280333349
4052 0.126402656003141
4053 0.126512868895709
4054 0.126601346527193
4055 0.126570705373865
4056 0.126602501162576
4057 0.126571331385402
4058 0.126554272373501
4059 0.126524322570704
4060 0.126612490970624
4061 0.126581484605755
4062 0.126550322254611
4063 0.126519175239534
4064 0.126493420587569
4065 0.126647601045085
4066 0.126616453109962
4067 0.126592588745381
4068 0.126572973528176
4069 0.126542077663041
4070 0.126511744697503
4071 0.126480795960071
4072 0.126452541702533
4073 0.126421495200106
4074 0.126403423183171
4075 0.126381740361865
4076 0.126350734046761
4077 0.126319963385580
4078 0.126288987426255
4079 0.126266608142997
4080 0.126235668343217
4081 0.126206594408774
4082 0.126175676575749
4083 0.126208303279660
4084 0.126177406399348
4085 0.126146518417587
4086 0.126165919551934
4087 0.126277004024889
4088 0.126287152340144
4089 0.126256328461134
4090 0.126225458943173
4091 0.126403189579448
4092 0.126433964234305
4093 0.126403073992645
4094 0.126480231195877
4095 0.126450254705156
4096 0.126435542609915
