1 0.029348466711237
2 0.300167982527909
3 0.200112293501900
4 0.298953204462493
5 0.245757076580447
6 0.204843069205648
7 0.175588463154174
8 0.209108212950019
9 0.245694276584613
10 0.238121004686349
11 0.256036783684103
12 0.234700396125891
13 0.218831659697298
14 0.217143064551630
15 0.202767131868149
16 0.190104609401386
17 0.178927482400423
18 0.169008307406794
19 0.161869157743264
20 0.156576610088226
21 0.149120581036406
22 0.156247093358155
23 0.168984374055039
24 0.189904728546142
25 0.182380141072329
26 0.175378397367842
27 0.168882901447403
28 0.162876087300439
29 0.157913878964568
30 0.152650841495495
31 0.147946518925359
32 0.144287727757584
33 0.139915373232720
34 0.136057091116658
35 0.160643660912400
36 0.172600953856826
37 0.167936063225364
38 0.164956038975419
39 0.177392155001980
40 0.172957351127485
41 0.168738879170915
42 0.165797969882214
43 0.161942256599432
44 0.158261768798600
45 0.154745040154241
46 0.163851356575453
47 0.180453130879731
48 0.192292220634436
49 0.188367889644420
50 0.184705505611384
51 0.181087214549903
52 0.179610582121359
53 0.178682028783381
54 0.178021277126154
55 0.174811755382677
56 0.171690143078296
57 0.174458373106753
58 0.173699341247291
59 0.170755313773741
60 0.167968303595015
61 0.165296467066406
62 0.171059859389720
63 0.175909289234644
64 0.173169227148840
65 0.170505213127581
66 0.167922155188990
67 0.165512566649152
68 0.163078558330529
69 0.160715102926605
70 0.158419185073446
71 0.156188936573673
72 0.154022327508840
73 0.155096099488399
74 0.153555132255312
75 0.151507730502396
76 0.149516461251654
77 0.147597498559226
78 0.145705303001005
79 0.143861188036864
80 0.143817431220067
81 0.142108935970156
82 0.141926991640757
83 0.140516310012882
84 0.145021629740191
85 0.143315496582521
86 0.143993208744728
87 0.142460854827646
88 0.140902987429910
89 0.145908103449469
90 0.144289403428554
91 0.146410521762869
92 0.145439076836241
93 0.154279111137487
94 0.153822194915908
95 0.158715988985828
96 0.157062831824676
97 0.161087904031651
98 0.159444149920784
99 0.158113479867014
100 0.156534567507269
101 0.156836922848633
102 0.156450841961627
103 0.154932010277034
104 0.154118275645348
105 0.152650594454254
106 0.152469417818335
107 0.151224060342162
108 0.150004795037724
109 0.148629061399958
110 0.147439562128514
111 0.146111277810770
112 0.145384486716207
113 0.144184868588205
114 0.142920099405002
115 0.141760468711213
116 0.140538625351191
117 0.139337442496749
118 0.144459522095062
119 0.143246595444112
120 0.146920073923525
121 0.146013102837737
122 0.151929513742180
123 0.150694380079568
124 0.149479102820862
125 0.148283281677864
126 0.147613874146863
127 0.146654348712280
128 0.145508666605098
129 0.144381547057697
130 0.143270919772638
131 0.142180972148484
132 0.141586080230713
133 0.140521523748758
134 0.139506385076357
135 0.139573888359125
136 0.138547700657170
137 0.137536527821360
138 0.143350557502852
139 0.142987634098539
140 0.147959848071796
141 0.147534996430315
142 0.146496017635637
143 0.145555757394652
144 0.145256549567502
145 0.144254828861423
146 0.143659717744607
147 0.142682440784580
148 0.142081523286285
149 0.141889887169021
150 0.140944325070009
151 0.140348680155018
152 0.139479082167228
153 0.143066872681125
154 0.143316494285130
155 0.142391879751039
156 0.141513961615005
157 0.144248620260812
158 0.144137884728637
159 0.145742437894791
160 0.144832679527442
161 0.143933493263897
162 0.143045015441335
163 0.142666300363431
164 0.141796413031450
165 0.140937040831328
166 0.140089779354544
167 0.143495416718349
168 0.144378153669999
169 0.145329809350485
170 0.144479308979275
171 0.143669090736991
172 0.142882857932291
173 0.143223195226614
174 0.142878219406953
175 0.142283231058588
176 0.144049805110903
177 0.143267082992743
178 0.142463836753746
179 0.141668200129636
180 0.140881293693330
181 0.144829977491009
182 0.144333178842765
183 0.143832034033267
184 0.143050421888590
185 0.144789099538663
186 0.144511198231867
187 0.144297990299841
188 0.143530447832331
189 0.142773027894880
190 0.145404557059511
191 0.145615822587635
192 0.144914984183094
193 0.145909240943072
194 0.145158481606319
195 0.144780845916339
196 0.145091347552142
197 0.144473722105488
198 0.143744890437505
199 0.143810545818812
200 0.143236942970457
201 0.142524322054286
202 0.143387593900597
203 0.144604407335689
204 0.143895575826100
205 0.143237099157189
206 0.142562248720212
207 0.141876664067989
208 0.141194606130502
209 0.140525917347323
210 0.139856746461091
211 0.139193918279469
212 0.140912710806036
213 0.141732611339926
214 0.141070364863600
215 0.140414926101785
216 0.139764856999640
217 0.139143967719472
218 0.139216044207563
219 0.141336542845944
220 0.141531364730350
221 0.140893907669928
222 0.140259594564606
223 0.139632183275238
224 0.140889429127115
225 0.140263254035124
226 0.139843244502804
227 0.139228121696965
228 0.138681559442071
229 0.138761105597890
230 0.138163631834403
231 0.137565593511591
232 0.137003126780361
233 0.140430697057868
234 0.139850598298827
235 0.141179853372416
236 0.143351401044697
237 0.144080669166997
238 0.143477481073561
239 0.143211192515936
240 0.142745267329161
241 0.144737991960829
242 0.147782578943810
243 0.147193437501978
244 0.146994018604167
245 0.146396332150495
246 0.147226323057220
247 0.146682723372407
248 0.149709693153693
249 0.149346275883906
250 0.151436826730791
251 0.151424937625432
252 0.150977053397954
253 0.150380306151322
254 0.150120627772327
255 0.149554812518132
256 0.148974131481524
257 0.150917770596581
258 0.150332818466110
259 0.149801229768603
260 0.149234058022199
261 0.148742032512869
262 0.148300383337433
263 0.147736936757721
264 0.147210215389398
265 0.146684719379872
266 0.146133332296937
267 0.145633855160174
268 0.146251074800685
269 0.146574091398847
270 0.146033446662835
271 0.145714921379601
272 0.145179212946276
273 0.144647421367474
274 0.144119511070513
275 0.143629753842403
276 0.143296147895548
277 0.142795378542191
278 0.142456207557476
279 0.141953262507898
280 0.141446286582663
281 0.140967411702404
282 0.140467734799240
283 0.139971463819472
284 0.139572507378614
285 0.139083235286753
286 0.138597313626319
287 0.138114705879103
288 0.140556341176349
289 0.140077897245985
290 0.139845743863829
291 0.139370605557445
292 0.138901181845480
293 0.138427116378430
294 0.140605630135636
295 0.142746661377225
296 0.142425177320493
297 0.142088960166288
298 0.141612151609563
299 0.141870752742293
300 0.142723868363391
301 0.142255247849270
302 0.141803183988808
303 0.141335491644001
304 0.141738588170668
305 0.142765826645372
306 0.142299277801948
307 0.141835789760004
308 0.141689162640661
309 0.141230676975475
310 0.140832288228912
311 0.142150569050461
312 0.141695244312227
313 0.143303121026614
314 0.143054787445159
315 0.142601316931337
316 0.142382433356836
317 0.141933296631609
318 0.143958141554824
319 0.143702834851554
320 0.143535236999454
321 0.143121872783761
322 0.142682279628107
323 0.143559622786857
324 0.143159971542289
325 0.142719479337852
326 0.142291564825635
327 0.141856826615770
328 0.143022946212969
329 0.142593014501594
330 0.142160914470191
331 0.141976488093460
332 0.141548848069183
333 0.141223622661223
334 0.141148403858009
335 0.140746441772509
336 0.140435465957264
337 0.140019571177241
338 0.139612664712409
339 0.139220348429778
340 0.140247892468232
341 0.139900235657493
342 0.139573204128177
343 0.139166285167027
344 0.138835021621819
345 0.138432601269292
346 0.138032608259948
347 0.137634819763522
348 0.138683654996409
349 0.138537371688508
350 0.138668688354189
351 0.138525555559519
352 0.138185813556278
353 0.137794542794853
354 0.137405396840597
355 0.139787451547888
356 0.139948129443329
357 0.139923049732520
358 0.139532203225441
359 0.139143602746730
360 0.138757722468906
361 0.138875461052959
362 0.138491843870487
363 0.138110386140310
364 0.137731755565400
365 0.137365265903191
366 0.136989951790755
367 0.136617935544437
368 0.136284752082455
369 0.135917253040545
370 0.136235188377052
371 0.135873509968021
372 0.135508314328587
373 0.135199839254850
374 0.135241891331630
375 0.135436556312378
376 0.135076352705916
377 0.134961109936873
378 0.135967354562413
379 0.135609869183238
380 0.135253158056028
381 0.135793705152593
382 0.135726946190132
383 0.135374879451810
384 0.135062398886169
385 0.134791335547882
386 0.134442160662116
387 0.134393808743330
388 0.134047442245271
389 0.133702847282283
390 0.133759307540787
391 0.133887152981777
392 0.134161153084956
393 0.134327128696612
394 0.133992133316840
395 0.133654919723222
396 0.133564462705535
397 0.134608393310575
398 0.134362604207982
399 0.134576312178278
400 0.134301635857636
401 0.133966719059989
402 0.133634899628561
403 0.135207591903315
404 0.134995294551518
405 0.134661998176861
406 0.134330318380718
407 0.134000281896817
408 0.133758546500671
409 0.133431508489795
410 0.133335325599976
411 0.133011346486995
412 0.132924835445529
413 0.132702648227841
414 0.132884974205591
415 0.132683549180059
416 0.132494637490973
417 0.132234811343517
418 0.131918763714147
419 0.131603921991160
420 0.131428847965744
421 0.133302886312903
422 0.133067923152818
423 0.134740067620965
424 0.134431930020798
425 0.134122014566712
426 0.134246430585723
427 0.133932037538299
428 0.133619245930525
429 0.133307779156794
430 0.132997927302594
431 0.133816266656101
432 0.133846405010810
433 0.133537949391728
434 0.135407090001748
435 0.135095811492547
436 0.134786003312162
437 0.134484748184139
438 0.134188348750165
439 0.133882694504720
440 0.133579240997697
441 0.135276574727867
442 0.135072285395299
443 0.135638363377591
444 0.135333487354809
445 0.135029367158660
446 0.136868709512458
447 0.136601004675358
448 0.137303834274320
449 0.136998056476285
450 0.136708161695200
451 0.136405039453506
452 0.136103639543929
453 0.135835057276911
454 0.135592567868918
455 0.135719979241779
456 0.135422403266862
457 0.135290232679923
458 0.134995121396789
459 0.134724240909452
460 0.135495516508782
461 0.135420027001377
462 0.135126910059815
463 0.134914316846564
464 0.134623553236479
465 0.134334110327193
466 0.134372995447592
467 0.135448215526053
468 0.136171567511260
469 0.135881796794551
470 0.135592686588605
471 0.135782109215036
472 0.135494438822479
473 0.135242481552056
474 0.135123686111541
475 0.134839215233333
476 0.134555939571103
477 0.134273851654616
478 0.133993557475090
479 0.133713821581056
480 0.133435381905220
481 0.133162879238612
482 0.133414843230238
483 0.133303708315468
484 0.133028287430801
485 0.132978429584025
486 0.132863473759899
487 0.132590726264213
488 0.132319024359140
489 0.132091701155904
490 0.132757249437772
491 0.132514585872258
492 0.132386542749349
493 0.132118010213484
494 0.132777230481384
495 0.134145255011389
496 0.133886142226598
497 0.133941335096090
498 0.133784067409150
499 0.133517605231906
500 0.133433114834464
501 0.133600768617433
502 0.133449943967404
503 0.133184635933893
504 0.132920380929244
505 0.132930819814845
506 0.133440974239282
507 0.134196340656733
508 0.134676415633353
509 0.134595997288057
510 0.134611846493101
511 0.134348548252390
512 0.134311200059855
513 0.134049622311859
514 0.133789104328679
515 0.134734044583163
516 0.135497703605516
517 0.135260226717897
518 0.136068163359027
519 0.135806380112925
520 0.135545214903404
521 0.135285051416825
522 0.135106265166716
523 0.134847949869342
524 0.134637278481387
525 0.134380826522382
526 0.135043284363546
527 0.136036141208700
528 0.135778497001871
529 0.136725590392635
530 0.136600183108033
531 0.136346734124539
532 0.136179539561217
533 0.137005020783938
534 0.136755868002507
535 0.137701950196461
536 0.137445054551935
537 0.137228739262593
538 0.136973677859742
539 0.136721183482136
540 0.137005610802028
541 0.138468423040692
542 0.138213676128805
543 0.137959138972213
544 0.137706560251669
545 0.137711502968001
546 0.138135907817331
547 0.138254807377776
548 0.138960246759590
549 0.140164999282878
550 0.139910342165766
551 0.141314598440050
552 0.141058757524226
553 0.140803727928369
554 0.140564055543242
555 0.140317880640223
556 0.140127999063106
557 0.139934152866437
558 0.139683374814783
559 0.139457044281367
560 0.139346305050121
561 0.139293997134473
562 0.139536189719152
563 0.139288345754225
564 0.139200122018597
565 0.139060318137440
566 0.138816206548940
567 0.138577172505959
568 0.138335255428297
569 0.138092135471493
570 0.137903074555599
571 0.137667809914337
572 0.138485539585272
573 0.139020699745634
574 0.138778503404617
575 0.138543293854411
576 0.138302767328483
577 0.138665697619213
578 0.138462792260891
579 0.138223906410191
580 0.137985589330310
581 0.137748092618913
582 0.137730703949573
583 0.137494857774573
584 0.137279293999964
585 0.138568309358460
586 0.138343946584721
587 0.138109297336329
588 0.138157633194879
589 0.138367961937393
590 0.138133731538558
591 0.138148665755266
592 0.137926726482708
593 0.137694137486045
594 0.137462329398580
595 0.137233474223981
596 0.137774600209868
597 0.137543821985312
598 0.137316797942423
599 0.137120071368526
600 0.137040574952152
601 0.136812554177922
602 0.136585295379122
603 0.136358789034359
604 0.136133032097706
605 0.135911653572662
606 0.136175053312880
607 0.135960467480664
608 0.136761271849954
609 0.136577287396881
610 0.136356711695412
611 0.136136041120499
612 0.135913846558575
613 0.135838930233453
614 0.135618657043224
615 0.135398220352255
616 0.136075310074700
617 0.135856289166833
618 0.135686929122167
619 0.136055354914444
620 0.135835910795875
621 0.135709524744443
622 0.135590548353952
623 0.135421672398692
624 0.135207807698979
625 0.134991488755615
626 0.134788623664161
627 0.134574103899493
628 0.134359839379681
629 0.134146230732113
630 0.133963562224056
631 0.133751835300707
632 0.133540206978034
633 0.133651074879894
634 0.133903098957390
635 0.133702044638106
636 0.133502694645528
637 0.133323258285921
638 0.133400962488858
639 0.133192198920172
640 0.133842538805444
641 0.134675218326316
642 0.134466987621648
643 0.134257864387205
644 0.134133281063457
645 0.133925322488166
646 0.133718007762088
647 0.133860272779950
648 0.133658129348089
649 0.133453953684773
650 0.133744095756580
651 0.133538651677077
652 0.133340484087689
653 0.133136288218822
654 0.132932724761456
655 0.132729774065268
656 0.132533746887700
657 0.132842620961378
658 0.132640732479681
659 0.132973153983992
660 0.132840515247649
661 0.132717566414939
662 0.133025984893756
663 0.132950256188120
664 0.132928881629716
665 0.132728989111390
666 0.132597957273580
667 0.132403960658076
668 0.133323612467753
669 0.133125192540218
670 0.133420354946213
671 0.133225185300816
672 0.133026933536989
673 0.133679854366876
674 0.133487716165911
675 0.133300837086493
676 0.133103650153343
677 0.133932174611317
678 0.134569807572857
679 0.135833084543777
680 0.135633330023974
681 0.135434162138476
682 0.135235611296048
683 0.135289275615353
684 0.136453177008184
685 0.136254008869917
686 0.136390006775480
687 0.136191484364674
688 0.136049195271664
689 0.135851738559422
690 0.135744167571238
691 0.135547721598024
692 0.135351865000952
693 0.135845883761913
694 0.135650287789424
695 0.135577802254252
696 0.135387574056617
697 0.135193330775109
698 0.135028257550240
699 0.134835084077352
700 0.134664745956930
701 0.134656542209132
702 0.134464723773796
703 0.134274098700680
704 0.134083481910358
705 0.133909496960608
706 0.133803194265376
707 0.133622601927894
708 0.133686763613694
709 0.133510314463160
710 0.133983209649106
711 0.134128759326787
712 0.134346872121476
713 0.134158621384650
714 0.134095588113962
715 0.133908047851392
716 0.133786010886079
717 0.134447083598458
718 0.134286145649385
719 0.134749715870747
720 0.135357438812781
721 0.135169703120463
722 0.134987203349484
723 0.135195027536874
724 0.135624150528899
725 0.135658358169630
726 0.135779116631276
727 0.135592954430773
728 0.135406832818161
729 0.135282361645710
730 0.135148336927084
731 0.134963498356873
732 0.134779263726774
733 0.134819650465667
734 0.134637206416728
735 0.134956290058686
736 0.134819806714503
737 0.134830853261374
738 0.134648155628229
739 0.134465952536643
740 0.134300360746681
741 0.134218991181171
742 0.135368347720342
743 0.135186249878227
744 0.135149267915076
745 0.134967863503225
746 0.134787445911799
747 0.134607019397186
748 0.134430436411287
749 0.134251096915825
750 0.134077005787532
751 0.133898542608571
752 0.133721248230451
753 0.133583755087328
754 0.133407307026123
755 0.133230717131817
756 0.133166223268097
757 0.132990431636223
758 0.132821696760006
759 0.132677354085693
760 0.132502810435198
761 0.132715365024541
762 0.132826611825489
763 0.132652527147216
764 0.132478898482709
765 0.132308944373079
766 0.132439701422503
767 0.132267029060817
768 0.132094806512168
769 0.131964788295198
770 0.131799251242940
771 0.131628888388002
772 0.131460707024209
773 0.131300332501951
774 0.131130730074795
775 0.130961974334373
776 0.130952744861543
777 0.130864819149252
778 0.130696612447411
779 0.130886849048437
780 0.130719600173984
781 0.130552274816799
782 0.130390562905098
783 0.130224063529473
784 0.130622879099345
785 0.130667511797103
786 0.130502344971676
787 0.130336876352462
788 0.130226720901390
789 0.130063262692670
790 0.129898723000015
791 0.129740205868689
792 0.129576644880173
793 0.129484181828083
794 0.129321103727607
795 0.129170424176391
796 0.129008149801042
797 0.128950004631085
798 0.128789878788992
799 0.128916667069709
800 0.128869200660387
801 0.128708315332676
802 0.128547831149609
803 0.128387759944819
804 0.128230266269846
805 0.128816329532398
806 0.128682075456955
807 0.128522618114381
808 0.128875905369346
809 0.128996701469667
810 0.129589336307581
811 0.129429546883469
812 0.129271134743755
813 0.129426524651008
814 0.129297286011284
815 0.129424553053357
816 0.129287393467599
817 0.129151780704553
818 0.129005083539263
819 0.129948738667521
820 0.129891292779027
821 0.129733082480925
822 0.129575261650377
823 0.130366134290219
824 0.130217183588661
825 0.130059344832216
826 0.129917394764540
827 0.129792396454130
828 0.129635647954419
829 0.129513733663562
830 0.129357693037491
831 0.129202057815656
832 0.129050816155065
833 0.128895906480549
834 0.128912240108077
835 0.128840150186922
836 0.128699761302067
837 0.129638054355128
838 0.129483355007175
839 0.129329491331006
840 0.129175529356238
841 0.129045074479156
842 0.129568692202141
843 0.130563246164465
844 0.130420132052305
845 0.130265788700872
846 0.130474131221204
847 0.130320088563387
848 0.130167280129191
849 0.131054761920652
850 0.131114585492977
851 0.130960694456502
852 0.131314467727405
853 0.131169737225970
854 0.131016163471462
855 0.130862928263665
856 0.131015146079548
857 0.130862278051785
858 0.130709757971262
859 0.130557856672315
860 0.130407663324950
861 0.130256203282100
862 0.130638185785045
863 0.130486888074243
864 0.130336125461518
865 0.130857092033438
866 0.130735416690638
867 0.130814973949547
868 0.130861695835383
869 0.130780749181398
870 0.130687067174611
871 0.130537134171617
872 0.130401996203115
873 0.131084826929651
874 0.130934844290301
875 0.130796024711210
876 0.130878959182243
877 0.131179906744958
878 0.131030533841795
879 0.131348225482570
880 0.131199111456115
881 0.131050190784775
882 0.130901615120524
883 0.130753389041618
884 0.130605491771824
885 0.130466206480073
886 0.130320079780513
887 0.130523036634015
888 0.130376194360483
889 0.130698943647359
890 0.130730798737048
891 0.130629560722482
892 0.130611244029118
893 0.130465131980801
894 0.130647090147941
895 0.131092902093982
896 0.130946764288457
897 0.130800931119024
898 0.130672656673297
899 0.130540673156224
900 0.130395629978204
901 0.131197196714227
902 0.131052924671016
903 0.131213176240933
904 0.131068028923018
905 0.131791335240166
906 0.131646020025603
907 0.131559425659181
908 0.131414551439874
909 0.131270553323969
910 0.131251529253861
911 0.131108192645544
912 0.130964842524393
913 0.130904179012190
914 0.130854566216325
915 0.130871267334926
916 0.130773924785007
917 0.130631314481971
918 0.130548904462203
919 0.130406879860893
920 0.130627497926423
921 0.130485682699379
922 0.130366080266286
923 0.130251363804482
924 0.130110413632917
925 0.129969753728119
926 0.130381212528502
927 0.130240576565214
928 0.130101807723066
929 0.129961847648317
930 0.129867830473798
931 0.130218747350426
932 0.130131796319903
933 0.130546595707833
934 0.130406857092210
935 0.130267384517783
936 0.130207939563052
937 0.130099509844975
938 0.130011110068515
939 0.129875365663758
940 0.129857097186850
941 0.129721912621936
942 0.129585121241950
943 0.129451595667846
944 0.129322141395118
945 0.130126886099160
946 0.129990029082978
947 0.130510321736902
948 0.130372664632793
949 0.130236123980930
950 0.130099033336685
951 0.129962263575368
952 0.129843202272458
953 0.129706957637185
954 0.129579351534836
955 0.129443670590029
956 0.129516555434668
957 0.129385583856399
958 0.129250525962963
959 0.129115749769141
960 0.129020929681198
961 0.129260160671319
962 0.129450601947691
963 0.129745125491736
964 0.129610656382513
965 0.129481418522733
966 0.129347394112120
967 0.129513163681717
968 0.129383531061282
969 0.129616764268916
970 0.129483139704767
971 0.129605601176641
972 0.129473608356926
973 0.129340543168409
974 0.129207750414002
975 0.129075233946052
976 0.129140720762545
977 0.129499818946834
978 0.129367406498435
979 0.129352927800239
980 0.129648713673388
981 0.129516589589779
982 0.129417409773589
983 0.129625149470424
984 0.129494669239620
985 0.129472546019644
986 0.129357715589692
987 0.129227725183112
988 0.129106246878138
989 0.128981957714395
990 0.128854088755506
991 0.128768808236072
992 0.129548329773766
993 0.129417868275149
994 0.129287675829752
995 0.129164918481956
996 0.129035234828865
997 0.128955155902176
998 0.128826176321800
999 0.128697350287059
1000 0.128569228958369
1001 0.128572101131211
1002 0.128581897409165
1003 0.128743365125203
1004 0.128615138386815
1005 0.128493102421820
1006 0.128365375679850
1007 0.128247734803575
1008 0.128120523661502
1009 0.127996835331820
1010 0.127870105791889
1011 0.127743629514633
1012 0.127694587518607
1013 0.127673486408661
1014 0.127547692952415
1015 0.127422030367282
1016 0.127297092952572
1017 0.127744240378155
1018 0.127731352442388
1019 0.127606018601223
1020 0.127481606420376
1021 0.127356747662907
1022 0.127591130980222
1023 0.127671277320328
1024 0.127551456667585
1025 0.128097427002398
1026 0.128016299978093
1027 0.128000209912257
1028 0.128331528946731
1029 0.128210918924989
1030 0.128097610183723
1031 0.127973912931362
1032 0.127850654248385
1033 0.127726963760075
1034 0.127610487673269
1035 0.127493005908131
1036 0.127369943171684
1037 0.127250450431097
1038 0.127127858474998
1039 0.127011927490066
1040 0.127027224477068
1041 0.126935195060523
1042 0.126813376255573
1043 0.126691807735595
1044 0.126608714871469
1045 0.126784686971052
1046 0.126663477905089
1047 0.127406117862921
1048 0.127286514764345
1049 0.127291051737316
1050 0.127169822164334
1051 0.127102312532206
1052 0.126981837130963
1053 0.126863138065822
1054 0.126745610816291
1055 0.126647461090284
1056 0.126527529797880
1057 0.126410286385832
1058 0.126290835117748
1059 0.126196004964262
1060 0.126515667375378
1061 0.126815161602569
1062 0.127077509599977
1063 0.126957963495041
1064 0.126845863199822
1065 0.126728163761821
1066 0.126610035680428
1067 0.126616763244379
1068 0.126498208339187
1069 0.126379875122828
1070 0.126261764201047
1071 0.126143872762574
1072 0.126028665628956
1073 0.125912776650049
1074 0.125795548103913
1075 0.126070299636291
1076 0.126024313130671
1077 0.125930750368806
1078 0.126597444599435
1079 0.126486281318762
1080 0.126400154083737
1081 0.126283235854980
1082 0.126170951884431
1083 0.126170852180591
1084 0.126056420459697
1085 0.125940508767215
1086 0.125824542032536
1087 0.126586376864685
1088 0.126681345155789
1089 0.126576063053417
1090 0.127040565484382
1091 0.126924121356562
1092 0.126807890476200
1093 0.127322276431963
1094 0.127206538285806
1095 0.127090949506183
1096 0.127112929428914
1097 0.126997058213593
1098 0.126882012054011
1099 0.126808271099799
1100 0.126693060883115
1101 0.126578042007457
1102 0.126464647542774
1103 0.126350226733986
1104 0.126235804817615
1105 0.126344137476686
1106 0.126234063291693
1107 0.126120037065421
1108 0.126373010927395
1109 0.126943420570419
1110 0.126829057128463
1111 0.126745392404117
1112 0.127226214993114
1113 0.127112000502826
1114 0.126997896373111
1115 0.126887345665381
1116 0.126810122226236
1117 0.126958692252396
1118 0.127467716538308
1119 0.127353804369830
1120 0.127293632731272
1121 0.127180153266594
1122 0.127212059535876
1123 0.127098789605913
1124 0.126985804111113
1125 0.126908252767481
1126 0.127439752407998
1127 0.127326826410684
1128 0.127213949766913
1129 0.127113335272065
1130 0.127005244175840
1131 0.126892952159109
1132 0.126792490035312
1133 0.126680581426768
1134 0.126725301341655
1135 0.126613650897958
1136 0.126502196408528
1137 0.126697971055291
1138 0.126895004644236
1139 0.126783595663738
1140 0.126672390066183
1141 0.127203248231693
1142 0.127091866679630
1143 0.126981498027103
1144 0.126871807165661
1145 0.127459398280309
1146 0.127419110498834
1147 0.127462552834915
1148 0.128085009500063
1149 0.128787128880899
1150 0.129071684642609
1151 0.129022070771423
1152 0.128953726570015
1153 0.128871003087376
1154 0.128856594408577
1155 0.129266673048370
1156 0.129194360742257
1157 0.129636599514006
1158 0.129583160805550
1159 0.129760364075036
1160 0.129699536047059
1161 0.129601283744263
1162 0.129567968377297
1163 0.129456775533027
1164 0.129919478909333
1165 0.129821107544181
1166 0.129709909403508
1167 0.129630902033656
1168 0.129519924596805
1169 0.129418838544353
1170 0.129309267156255
1171 0.129244545688299
1172 0.129166900569496
1173 0.129074848104946
1174 0.128968933281025
1175 0.128970085459078
1176 0.129557225999830
1177 0.129447304969921
1178 0.129344276728119
1179 0.129334802413431
1180 0.129228057237006
1181 0.129250601270753
1182 0.129792102195505
1183 0.130369460261417
1184 0.130383926453579
1185 0.130296249476532
1186 0.130390587163083
1187 0.130280892561999
1188 0.130171229514715
1189 0.130381683203410
1190 0.130282166529516
1191 0.130172777641096
1192 0.130063789904328
1193 0.129954774355780
1194 0.129845934523688
1195 0.129737276848516
1196 0.129633313933791
1197 0.129561494557910
1198 0.129918177851470
1199 0.129895361018576
1200 0.129787791735196
1201 0.129886224071719
1202 0.129778165649053
1203 0.129901641344313
1204 0.129793756737054
1205 0.129895970108685
1206 0.130123133364455
1207 0.130126296302299
1208 0.130070937819881
1209 0.129963390256211
1210 0.129858270277997
1211 0.129751310252163
1212 0.129644254715720
1213 0.129537378826523
1214 0.129430677864412
1215 0.129660522137627
1216 0.130343288644179
1217 0.130236196949693
1218 0.130129270679627
1219 0.130022629937669
1220 0.130043482045785
1221 0.129939154054505
1222 0.129839860495670
1223 0.130020987132183
1224 0.129914760843743
1225 0.129811690076822
1226 0.129721241811239
1227 0.129619528108109
1228 0.129513975245108
1229 0.129409151716785
1230 0.129356717734809
1231 0.129254397052333
1232 0.129192713626498
1233 0.129183167714709
1234 0.129253604887110
1235 0.129181850831931
1236 0.129396059649756
1237 0.129352780454957
1238 0.129250054233593
1239 0.129146631041187
1240 0.129048892132246
1241 0.129134557066187
1242 0.129035654158277
1243 0.128940590784560
1244 0.128948374417496
1245 0.128844809889798
1246 0.128745905722984
1247 0.128644338049005
1248 0.128541800274283
1249 0.128441034718531
1250 0.128338927841141
1251 0.128595759279755
1252 0.128500777263053
1253 0.128423671497056
1254 0.128345615584207
1255 0.128243529185318
1256 0.128747168382369
1257 0.128645115351480
1258 0.128542859315931
1259 0.128445888823974
1260 0.128753509657149
1261 0.128711712492234
1262 0.128623143158435
1263 0.128674230827890
1264 0.128572431609360
1265 0.128470895744832
1266 0.128435054629635
1267 0.128333685211702
1268 0.128289390401604
1269 0.128188301820980
1270 0.128087366166313
1271 0.128018005014732
1272 0.127920458501207
1273 0.127819971102542
1274 0.127764096114411
1275 0.127664448752154
1276 0.127585538752319
1277 0.127728285366796
1278 0.128068956488466
1279 0.127984751747089
1280 0.128107667560316
1281 0.128007777193421
1282 0.128104885705453
1283 0.128005038255418
1284 0.127906406163893
1285 0.127808629088132
1286 0.127925833591874
1287 0.127827132750893
1288 0.128384516016547
1289 0.128523619119424
1290 0.128872382750890
1291 0.128772559551073
1292 0.128857898740909
1293 0.128798649151794
1294 0.128713366519178
1295 0.128729512724249
1296 0.128658781872031
1297 0.128562264637445
1298 0.128543054247012
1299 0.128444098982051
1300 0.128373456102066
1301 0.128274981054354
1302 0.128461044624962
1303 0.128369263757258
1304 0.128279895006688
1305 0.128398060317448
1306 0.128906262767088
1307 0.128984612312256
1308 0.128899983505885
1309 0.128801511714175
1310 0.128708409535186
1311 0.128610803559094
1312 0.128515384716417
1313 0.128532421803438
1314 0.128435999073706
1315 0.129055683972320
1316 0.128958633848677
1317 0.129107155837742
1318 0.129009204319950
1319 0.128911395978598
1320 0.128813736044202
1321 0.129377038251361
1322 0.129425710419471
1323 0.129329093081065
1324 0.129464452566675
1325 0.129366783321144
1326 0.129329557977095
1327 0.129232677121252
1328 0.129135511301189
1329 0.129038375818438
1330 0.129226879359836
1331 0.129264421777299
1332 0.129220487295759
1333 0.129123547696177
1334 0.129159440993061
1335 0.129062692348123
1336 0.129050940617596
1337 0.128954526639672
1338 0.128859288702623
1339 0.129099496205393
1340 0.129042745228602
1341 0.128946516484960
1342 0.128850436659126
1343 0.128870477839621
1344 0.128774596241133
1345 0.128954272038923
1346 0.128858466703042
1347 0.128767098823384
1348 0.128678473213342
1349 0.128963565338958
1350 0.128908134073555
1351 0.128813459740989
1352 0.128719039900674
1353 0.128715009745641
1354 0.128752256344825
1355 0.128657370567826
1356 0.128562490501036
1357 0.128470897900742
1358 0.128905685511342
1359 0.128827214780374
1360 0.128732488926152
1361 0.128675646359201
1362 0.128581171758094
1363 0.128486834893265
1364 0.128672550034470
1365 0.128580039244038
1366 0.128666757223927
1367 0.128572634544837
1368 0.128478648702881
1369 0.128385332254422
1370 0.128800141829627
1371 0.128726233319161
1372 0.128918980612479
1373 0.128836171440301
1374 0.128742404212179
1375 0.128802503136838
1376 0.128708896666594
1377 0.128635107386028
1378 0.129053730561438
1379 0.128978474393935
1380 0.128992737108173
1381 0.128917726865085
1382 0.128824501310023
1383 0.128731567220041
1384 0.128754821098207
1385 0.128661857718720
1386 0.128909866559923
1387 0.128982993084984
1388 0.128890165311747
1389 0.128797520471544
1390 0.128705206653741
1391 0.128614551469410
1392 0.128522155958297
1393 0.128486888840481
1394 0.128404415023634
1395 0.128312368847990
1396 0.128220459469760
1397 0.128130257314603
1398 0.128668620060958
1399 0.128900206843646
1400 0.128814722796499
1401 0.128722777956123
1402 0.128658560173905
1403 0.128993931410899
1404 0.128902072017713
1405 0.128869740781853
1406 0.129269586172226
1407 0.129180811544270
1408 0.129089063808799
1409 0.129499392519707
1410 0.129777858929817
1411 0.129686176396945
1412 0.129594331261527
1413 0.129839413326914
1414 0.130385810745173
1415 0.130579700290523
1416 0.130487590693764
1417 0.130395504146455
1418 0.130303547538567
1419 0.130719829715377
1420 0.130678217826815
1421 0.130690667629821
1422 0.130810854137648
1423 0.131052565446835
1424 0.130960534152452
1425 0.130869218697082
1426 0.130777445054257
1427 0.130697403835475
1428 0.130630411681764
1429 0.130538997817819
1430 0.130447785165609
1431 0.130356701456184
1432 0.130265670271317
1433 0.130175531979549
1434 0.130086715297076
1435 0.130293544985608
1436 0.130252445656182
1437 0.130165755313532
1438 0.130075236707612
1439 0.130072750809483
1440 0.129982422900397
1441 0.130313606324103
1442 0.130898989538104
1443 0.130860362216795
1444 0.130798465553742
1445 0.130898883049151
1446 0.131005773755396
1447 0.130915237635046
1448 0.131223740562633
1449 0.131247758619787
1450 0.131163086211118
1451 0.131143793249426
1452 0.131053489167932
1453 0.131184435869954
1454 0.131097935044045
1455 0.131674825389595
1456 0.131584412089320
1457 0.131529727395263
1458 0.131502304564686
1459 0.131488947389553
1460 0.131398890836046
1461 0.131309051855181
1462 0.131266756957432
1463 0.131177111440256
1464 0.131220190898734
1465 0.131130887845341
1466 0.131041982776698
1467 0.130955936280922
1468 0.130866817701402
1469 0.131053922945688
1470 0.130964783818343
1471 0.130910333763945
1472 0.130821946702826
1473 0.130741729115352
1474 0.130653041298094
1475 0.130609215128306
1476 0.130520779036458
1477 0.130433332455855
1478 0.130502037868659
1479 0.130700489549771
1480 0.130662104710730
1481 0.130573879116771
1482 0.131146677901673
1483 0.131058244734157
1484 0.131227714668709
1485 0.131151592694160
1486 0.131063358385915
1487 0.131040992182272
1488 0.130960308138542
1489 0.130885864973204
1490 0.130802145199043
1491 0.130722427078299
1492 0.130882789261398
1493 0.130795126269371
1494 0.130707596720195
1495 0.130944436235168
1496 0.130880034906695
1497 0.131110204099598
1498 0.131024084409558
1499 0.130978222818674
1500 0.131540249610538
1501 0.131785038699726
1502 0.131705285246396
1503 0.131617662424816
1504 0.131596686236066
1505 0.131611312157014
1506 0.131532954093391
1507 0.131445788700172
1508 0.131358623057798
1509 0.131284882699913
1510 0.131546001075808
1511 0.131459196039447
1512 0.131386660326442
1513 0.131669161561312
1514 0.131603738529253
1515 0.131516871914797
1516 0.131463161756940
1517 0.131699261738722
1518 0.131612503487999
1519 0.131525859314828
1520 0.131884833732472
1521 0.131798124607840
1522 0.131712289136138
1523 0.132105186265124
1524 0.132062213540777
1525 0.132007037132566
1526 0.132197787056535
1527 0.132111214908450
1528 0.132037641059282
1529 0.131951285560615
1530 0.131881942491772
1531 0.131801171760188
1532 0.131906189475662
1533 0.131830971342876
1534 0.132294673148910
1535 0.132208880755720
1536 0.132122816564064
1537 0.132059687243628
1538 0.131973822687553
1539 0.131895486772580
1540 0.132078918356626
1541 0.131993948523031
1542 0.131908349946088
1543 0.131823759146291
1544 0.131755187827624
1545 0.131671696680531
1546 0.131586982160015
1547 0.131614013944622
1548 0.131539775264501
1549 0.131692359389406
1550 0.131607396807593
1551 0.131522543553736
1552 0.131442278775988
1553 0.131357730891599
1554 0.131274313912402
1555 0.131189893131751
1556 0.131127120294868
1557 0.131144121292227
1558 0.131099855956889
1559 0.131015763682407
1560 0.130962445403369
1561 0.131237863381199
1562 0.131452843420375
1563 0.131848521124257
1564 0.131906484274497
1565 0.132000312690956
1566 0.131925171283850
1567 0.131840982062486
1568 0.131904768325501
1569 0.131820699062332
1570 0.131751878286794
1571 0.131668888982447
1572 0.131846693886459
1573 0.131911402631934
1574 0.131831805892767
1575 0.131748103173308
1576 0.131736773326705
1577 0.131665141260156
1578 0.131581719423059
1579 0.131498387112161
1580 0.131430459961236
1581 0.131349911902341
1582 0.131266924713740
1583 0.131209569115930
1584 0.131126736691388
1585 0.131044006896234
1586 0.130971042694847
1587 0.130931168576019
1588 0.130889829788546
1589 0.130813351520619
1590 0.130745921329030
1591 0.130671682017963
1592 0.130790777102005
1593 0.130709257940767
1594 0.130627500819302
1595 0.130545602699784
1596 0.130762483355083
1597 0.130752859985800
1598 0.130671065532551
1599 0.130597736063215
1600 0.130525032993898
1601 0.130443514884374
1602 0.130362214072818
1603 0.130530690698924
1604 0.130449312462827
1605 0.130603191565204
1606 0.131003444133218
1607 0.130922880012940
1608 0.131453979589515
1609 0.131372531305421
1610 0.131290945368325
1611 0.131614004108575
1612 0.131609777911781
1613 0.131565608689785
1614 0.131489550380179
1615 0.131613476213824
1616 0.131992064043798
1617 0.131914648360743
1618 0.131991134664447
1619 0.132447617211171
1620 0.132587142351185
1621 0.132764031524361
1622 0.132704795798698
1623 0.132657892387214
1624 0.132576209848597
1625 0.132496659073456
1626 0.132665242057425
1627 0.132663345547450
1628 0.132581857194094
1629 0.132500519246433
1630 0.132419230585833
1631 0.132350681217738
1632 0.132270648277945
1633 0.132566985338785
1634 0.132485855399562
1635 0.132973872185851
1636 0.132892633792430
1637 0.132821074434905
1638 0.132751144778738
1639 0.132670449455463
1640 0.132590352516646
1641 0.132566748322845
1642 0.132486262637863
1643 0.132408247425290
1644 0.132327707128805
1645 0.132252607621887
1646 0.132441979930852
1647 0.132411972714354
1648 0.132578476485858
1649 0.132505418987899
1650 0.132425127997984
1651 0.132646713489882
1652 0.132566421936404
1653 0.132730243880106
1654 0.132762761651429
1655 0.132683853586107
1656 0.132627300965710
1657 0.132547260999918
1658 0.132477485581458
1659 0.132397631773017
1660 0.132320504109998
1661 0.132242060134023
1662 0.132162492107468
1663 0.132083042544111
1664 0.132004443489223
1665 0.131925259428913
1666 0.131846072629623
1667 0.131831400344259
1668 0.131775418281480
1669 0.131905421878341
1670 0.131826540214551
1671 0.132038866163115
1672 0.132250731461848
1673 0.132233970738250
1674 0.132166556676807
1675 0.132104914147083
1676 0.132027672015289
1677 0.132438980250267
1678 0.132360984889930
1679 0.132282154370158
1680 0.132549151958521
1681 0.132470308013756
1682 0.132465791286927
1683 0.132389484845498
1684 0.132329903670304
1685 0.132255907957264
1686 0.132177464366007
1687 0.132217369158650
1688 0.132139050764250
1689 0.132063544194562
1690 0.131985880122511
1691 0.131907828153220
1692 0.132179866112007
1693 0.132101796791534
1694 0.132023814627331
1695 0.131951804488446
1696 0.131878305183909
1697 0.131800649799135
1698 0.131723031766262
1699 0.131645502050969
1700 0.131568063831423
1701 0.131606555188771
1702 0.131529231180133
1703 0.131451997373573
1704 0.131382894684109
1705 0.131306294031096
1706 0.131596931059274
1707 0.131520408902610
1708 0.131879047063312
1709 0.131801879688332
1710 0.131724802565718
1711 0.131647875363789
1712 0.131570978284937
1713 0.131498202719567
1714 0.131422288343826
1715 0.131368595199714
1716 0.131292042804324
1717 0.131288786754764
1718 0.131216197181448
1719 0.131258948010823
1720 0.131479576738411
1721 0.131404348920707
1722 0.131328141155998
1723 0.131271230972502
1724 0.131201104076120
1725 0.131139477027599
1726 0.131063554141092
1727 0.130989158968851
1728 0.130976400791140
1729 0.131121741494834
1730 0.131046686004190
1731 0.130970980244257
1732 0.130973069970838
1733 0.130897869225213
1734 0.130822380423943
1735 0.131040454634566
1736 0.130965116631752
1737 0.130910090325108
1738 0.130836250592665
1739 0.130849099427865
1740 0.130792789307549
1741 0.130814191103682
1742 0.130845470284432
1743 0.131308351065472
1744 0.131233876894410
1745 0.131159754645610
1746 0.131084636248009
1747 0.131011150130088
1748 0.131134874803137
1749 0.131078645321670
1750 0.131003743238633
1751 0.130930361070420
1752 0.130922166602359
1753 0.131361278975150
1754 0.131286712943420
1755 0.131355220589562
1756 0.131280441882050
1757 0.131224964787393
1758 0.131163862280751
1759 0.131519808035870
1760 0.131445080893552
1761 0.131370438660349
1762 0.131353317845863
1763 0.131320607545370
1764 0.131250585937872
1765 0.131183159750264
1766 0.131108889884267
1767 0.131035044713028
1768 0.130960936170758
1769 0.130891716989861
1770 0.130817766867420
1771 0.130846194177388
1772 0.130773187886843
1773 0.130699429884369
1774 0.130659147082589
1775 0.130585817445434
1776 0.130644498435032
1777 0.130964708305340
1778 0.130891049865849
1779 0.131004448021490
1780 0.130965362375292
1781 0.130891827742160
1782 0.130859763656227
1783 0.130823345572579
1784 0.130790820506081
1785 0.130717552249142
1786 0.130650348420441
1787 0.130605295919839
1788 0.130532250465348
1789 0.130459341818399
1790 0.130386459504548
1791 0.130313658780843
1792 0.130251894168656
1793 0.130585169074321
1794 0.130512382655800
1795 0.130765583440497
1796 0.130693343264491
1797 0.130620911520470
1798 0.130550110458356
1799 0.130478699837580
1800 0.130406221921001
1801 0.130333814246419
1802 0.130362653271891
1803 0.130291785614354
1804 0.130219681522896
1805 0.130147537664592
1806 0.130110697910497
1807 0.130038843744261
1808 0.129967343991736
1809 0.129895499304408
1810 0.129823733849837
1811 0.130025108059505
1812 0.129970264795454
1813 0.129898595023252
1814 0.129830089928637
1815 0.129767611613771
1816 0.129780527665257
1817 0.129709101948325
1818 0.129782826584471
1819 0.129711478231815
1820 0.129640208189202
1821 0.129576771745318
1822 0.129521008239801
1823 0.129721479378284
1824 0.129650363341767
1825 0.129580940118846
1826 0.129594593227556
1827 0.129627451173019
1828 0.129557088062712
1829 0.129576726958014
1830 0.129613738281202
1831 0.129542949857731
1832 0.129472592461071
1833 0.129401959258053
1834 0.129358235565702
1835 0.129330663750039
1836 0.129260453073370
1837 0.129221955367543
1838 0.129272386519214
1839 0.129474315129409
1840 0.129403948653807
1841 0.129612719117293
1842 0.129542372499907
1843 0.129483934715051
1844 0.129446357590001
1845 0.129827121405623
1846 0.129757538968540
1847 0.129687285835626
1848 0.130045172264298
1849 0.129977019482957
1850 0.129906799887729
1851 0.129836622622231
1852 0.129766517075534
1853 0.129698366015593
1854 0.129628513139089
1855 0.129558793335002
1856 0.129772030794211
1857 0.129709322119782
1858 0.129642481995324
1859 0.129572809668728
1860 0.129507172664641
1861 0.129584623269868
1862 0.129515083185929
1863 0.129446796889090
1864 0.129395207112884
1865 0.129610219130907
1866 0.129564737653897
1867 0.129508530137727
1868 0.129442580074428
1869 0.129592948201956
1870 0.129523647162320
1871 0.129454420493418
1872 0.129525065859306
1873 0.129456122029822
1874 0.129391368261937
1875 0.129538430589727
1876 0.129648690757758
1877 0.129579923263553
1878 0.129512332496248
1879 0.129443410532901
1880 0.129374659173924
1881 0.129311972554313
1882 0.129363825563114
1883 0.129539921828634
1884 0.129471576048231
1885 0.129837324390972
1886 0.129768481824699
1887 0.129700038190128
1888 0.129716760776962
1889 0.129648145338594
1890 0.129579696523954
1891 0.129511874468725
1892 0.129511383080909
1893 0.129447947816485
1894 0.129577558362295
1895 0.129509595083591
1896 0.129441288335129
1897 0.129373166578169
1898 0.129380602281132
1899 0.129312471457238
1900 0.129325326679603
1901 0.129309765343002
1902 0.129243600521481
1903 0.129613441489149
1904 0.129613287574032
1905 0.129545730938284
1906 0.129728932796854
1907 0.129774497225659
1908 0.129706483171571
1909 0.129638809608413
1910 0.129584183468431
1911 0.129855256974899
1912 0.129854822564872
1913 0.129786958292232
1914 0.129722580771837
1915 0.129654856401484
1916 0.129631168106714
1917 0.129563546439226
1918 0.129495995060580
1919 0.129428514083477
1920 0.129433221325982
1921 0.129384932881963
1922 0.129317670469318
1923 0.129250422845584
1924 0.129183245057647
1925 0.129246999496807
1926 0.129193571387144
1927 0.129428714704574
1928 0.129366867161402
1929 0.129299945174041
1930 0.129747443493720
1931 0.129680284357850
1932 0.129613164231070
1933 0.129546114973530
1934 0.129845559682111
1935 0.129780267945819
1936 0.129814654570549
1937 0.129747636163474
1938 0.129681928532600
1939 0.129615403565747
1940 0.129563692848286
1941 0.129882428448364
1942 0.130025129498389
1943 0.129958378032610
1944 0.129891717816714
1945 0.129832725252055
1946 0.129766099354139
1947 0.129699453545550
1948 0.129632874830170
1949 0.129811000774607
1950 0.129744431308269
1951 0.129678020678165
1952 0.129793244627987
1953 0.129741644374445
1954 0.129675614961909
1955 0.129612645983167
1956 0.129564193603258
1957 0.129568682396461
1958 0.129504284497476
1959 0.129438177299745
1960 0.129372138722172
1961 0.129650937782906
1962 0.129585298394614
1963 0.129519284488148
1964 0.129495621616341
1965 0.129429776817427
1966 0.129375703381409
1967 0.129316970204263
1968 0.129642687684098
1969 0.129577049746383
1970 0.129511274598423
1971 0.129451395195628
1972 0.129385752191783
1973 0.129320181598708
1974 0.129254762812308
1975 0.129189493935583
1976 0.129124114637036
1977 0.129062636492729
1978 0.128997400119497
1979 0.129008588218473
1980 0.129019360109900
1981 0.128954344617072
1982 0.128889461495145
1983 0.128824470815050
1984 0.128759539163277
1985 0.128694681263244
1986 0.128639208977678
1987 0.128577218241705
1988 0.128512566791956
1989 0.128448098101234
1990 0.128384729057963
1991 0.128625928130158
1992 0.128849193383604
1993 0.128784550504787
1994 0.128889423212311
1995 0.128825850070411
1996 0.128761671913886
1997 0.129150959468054
1998 0.129086585863070
1999 0.129022055329040
2000 0.128957583718032
2001 0.128893163031181
2002 0.128979275422129
2003 0.128915086827371
2004 0.129013325530417
2005 0.128948979738589
2006 0.129020724957637
2007 0.129300838199845
2008 0.129399831616959
2009 0.129335421551043
2010 0.129271133100334
2011 0.129607134413952
2012 0.129545661725750
2013 0.129481507218298
2014 0.129439284364575
2015 0.129432280680996
2016 0.129370054150825
2017 0.129307424984596
2018 0.129481479426088
2019 0.129417347954833
2020 0.129821580178085
2021 0.129760900281371
2022 0.129701919029685
2023 0.129638292212059
2024 0.129690495260234
2025 0.129626450598979
2026 0.129565069185153
2027 0.129502532244679
2028 0.129438675413026
2029 0.129375069403072
2030 0.129311351142172
2031 0.129263327818621
2032 0.129232869877724
2033 0.129260623191907
2034 0.129256791276349
2035 0.129260683216340
2036 0.129224994658613
2037 0.129171124848774
2038 0.129111253538526
2039 0.129047939292144
2040 0.129092029518167
2041 0.129028830507374
2042 0.128967548436186
2043 0.129007555895287
2044 0.128944621640812
2045 0.129302149242526
2046 0.129238951727182
2047 0.129398221379231
2048 0.129645900871838
2049 0.129582715523072
2050 0.129519890927358
2051 0.129456926853965
2052 0.129572021965234
2053 0.129509019278921
2054 0.129509252417897
2055 0.129447720883727
2056 0.129514437195460
2057 0.129465541416792
2058 0.129402642924579
2059 0.129339795605969
2060 0.129277009297528
2061 0.129214365135131
2062 0.129151716737772
2063 0.129100161600936
2064 0.129037627710226
2065 0.129321337026654
2066 0.129331224342280
2067 0.129372566054787
2068 0.129323544307865
2069 0.129296985421585
2070 0.129234591333980
2071 0.129172189319823
2072 0.129310420090788
2073 0.129248041720430
2074 0.129253976018315
2075 0.129191720237942
2076 0.129129574622270
2077 0.129067437242661
2078 0.129030119360441
2079 0.128999686570427
2080 0.128944615966457
2081 0.128960516633821
2082 0.129223090363438
2083 0.129161057194684
2084 0.129273146921920
2085 0.129266361604742
2086 0.129204393111768
2087 0.129142484230092
2088 0.129460836264478
2089 0.129456258199305
2090 0.129394317415984
2091 0.129332708453557
2092 0.129270885939937
2093 0.129400720943173
2094 0.129339307862631
2095 0.129277573568866
2096 0.129438824343174
2097 0.129437943313678
2098 0.129622334437173
2099 0.129563278158476
2100 0.129527982664930
2101 0.129467734785174
2102 0.129406147227616
2103 0.129355419956659
2104 0.129293939258083
2105 0.129238946611340
2106 0.129177583115530
2107 0.129116511792694
2108 0.129055844501801
2109 0.128994652680062
2110 0.128933816463923
2111 0.128872739354198
2112 0.128811782885143
2113 0.128937487139225
2114 0.128901089783436
2115 0.128870117021179
2116 0.129247108724585
2117 0.129278333216934
2118 0.129226909784657
2119 0.129167511001724
2120 0.129106600101975
2121 0.129049378396235
2122 0.128988563424950
2123 0.128927825846561
2124 0.128867140078196
2125 0.128806496743412
2126 0.128762106609487
2127 0.128702353534617
2128 0.128677908507659
2129 0.128617469353762
2130 0.128557088711894
2131 0.128577245366865
2132 0.128664907094691
2133 0.128707390846238
2134 0.128647095575573
2135 0.128629577011865
2136 0.128570291080165
2137 0.128525535080502
2138 0.128521580553530
2139 0.128461495663278
2140 0.128414812048636
2141 0.128387150763783
2142 0.128327214570771
2143 0.128267332708870
2144 0.128207506965982
2145 0.128161574424526
2146 0.128105033968622
2147 0.128132168444078
2148 0.128072536846642
2149 0.128015462399421
2150 0.127955922562620
2151 0.127897004754452
2152 0.127854283578558
2153 0.127992506212455
2154 0.127933089142687
2155 0.127939280810794
2156 0.127883960128574
2157 0.128104379306446
2158 0.128507914058197
2159 0.128448418581596
2160 0.128404147909896
2161 0.128344735895780
2162 0.128295560496453
2163 0.128275146462717
2164 0.128215870810471
2165 0.128253711595475
2166 0.128195205479031
2167 0.128138160535322
2168 0.128244242485580
2169 0.128185250140815
2170 0.128127196651800
2171 0.128068657224323
2172 0.128318379788410
2173 0.128388662636424
2174 0.128329606319696
2175 0.128351652530668
2176 0.128292667572009
2177 0.128577740371268
2178 0.128520432193579
2179 0.128466423956611
2180 0.128422280789241
2181 0.128445515866611
2182 0.128605009568652
2183 0.128863872308361
2184 0.128804869108205
2185 0.128957789792681
2186 0.128900014193564
2187 0.129059194266469
2188 0.129241430967187
2189 0.129183065694496
2190 0.129127992817929
2191 0.129114554211397
2192 0.129080458792889
2193 0.129195230129203
2194 0.129136344480543
2195 0.129077541796167
2196 0.129030942011737
2197 0.128973266954466
2198 0.128946514804766
2199 0.129023401566297
2200 0.128966222168786
2201 0.128926659224235
2202 0.128868121177195
2203 0.128809821333816
2204 0.128752296011520
2205 0.128708245428382
2206 0.128649903797870
2207 0.128591612044759
2208 0.128533388287821
2209 0.128766640749726
2210 0.128714079376397
2211 0.128850059032325
2212 0.128791808648826
2213 0.128776686963646
2214 0.128778864607039
2215 0.128720725629530
2216 0.128739209574703
2217 0.128686548917329
2218 0.128718934824043
2219 0.128687734095368
2220 0.128631275461277
2221 0.128576124362716
2222 0.128518259760629
2223 0.128568849656425
2224 0.128633670124378
2225 0.128575858621613
2226 0.128577909933826
2227 0.128521331584282
2228 0.128463648050074
2229 0.128431943393039
2230 0.128374350630227
2231 0.128453681933472
2232 0.128396131544616
2233 0.128348982781207
2234 0.128291530997688
2235 0.128468680752338
2236 0.128411226065060
2237 0.128353822745407
2238 0.128296948230107
2239 0.128610407714194
2240 0.128555026120140
2241 0.128503913626477
2242 0.128503588198131
2243 0.128619332049368
2244 0.128613783340205
2245 0.128556543921379
2246 0.128546490037961
2247 0.128811597073716
2248 0.128760314812037
2249 0.128790204659471
2250 0.128733034306091
2251 0.128675845043152
2252 0.128618706607819
2253 0.128561623958999
2254 0.128709237775033
2255 0.128657924789972
2256 0.128600895797702
2257 0.128543917120445
2258 0.128491677621607
2259 0.128434811293282
2260 0.128513132073932
2261 0.128461884009401
2262 0.128423567404994
2263 0.128369125985057
2264 0.128669311866905
2265 0.128612505263786
2266 0.128555754155532
2267 0.128499046860817
2268 0.128487838097501
2269 0.128431210579662
2270 0.128409362713194
2271 0.128356660558621
2272 0.128411128222066
2273 0.128427194117313
2274 0.128370717788111
2275 0.128317099573558
2276 0.128263466125651
2277 0.128208909599924
2278 0.128268046903055
2279 0.128212427133233
2280 0.128157394568963
2281 0.128130093998783
2282 0.128287341532237
2283 0.128231149101242
2284 0.128351910990645
2285 0.128301289432290
2286 0.128320088252868
2287 0.128449022902172
2288 0.128399318995937
2289 0.128358983934403
2290 0.128303932793984
2291 0.128269644142295
2292 0.128236409232197
2293 0.128180484064640
2294 0.128124699555409
2295 0.128114736755657
2296 0.128305904118247
2297 0.128250357171784
2298 0.128195066930810
2299 0.128440775060070
2300 0.128392980259136
2301 0.128369423625123
2302 0.128313659780498
2303 0.128283477245195
2304 0.128227904530333
2305 0.128188894432213
2306 0.128139130458446
2307 0.128128412649139
2308 0.128073226250245
2309 0.128017796611587
2310 0.127962377652451
2311 0.127908916019706
2312 0.127855089045350
2313 0.127799816004325
2314 0.127764338115887
2315 0.127754136913614
2316 0.127777475230704
2317 0.127725684858336
2318 0.127749143655018
2319 0.127839365963881
2320 0.127784262815407
2321 0.127811306494220
2322 0.127757684661805
2323 0.127738557053250
2324 0.127694582405485
2325 0.127639660767840
2326 0.127584785606842
2327 0.127542401227131
2328 0.127915062138928
2329 0.127860141880466
2330 0.127835951800139
2331 0.127781877241069
2332 0.127732347167813
2333 0.128014058819282
2334 0.127997918800235
2335 0.127944734491877
2336 0.128116537772424
2337 0.128061716900687
2338 0.128006943062222
2339 0.127962294317746
2340 0.127907927463931
2341 0.127886831539325
2342 0.127832955656242
2343 0.127778396908791
2344 0.127733856808213
2345 0.127679547733524
2346 0.127628934767607
2347 0.127978564240208
2348 0.128025010042324
2349 0.127970508140531
2350 0.128146062151234
2351 0.128093213988905
2352 0.128103463097327
2353 0.128058531273540
2354 0.128014648958520
2355 0.127960741252883
2356 0.127928083303516
2357 0.128070404154098
2358 0.128439002881544
2359 0.128384556567788
2360 0.128330162036310
2361 0.128291901788446
2362 0.128237586953409
2363 0.128186031389080
2364 0.128147765970711
2365 0.128249752359597
2366 0.128196285069290
2367 0.128289683915735
2368 0.128255444906611
2369 0.128201313829276
2370 0.128266809783930
2371 0.128212711597935
2372 0.128161183291887
2373 0.128164949783446
2374 0.128280417883020
2375 0.128228434798929
2376 0.128308719651002
2377 0.128254740396949
2378 0.128204135612452
2379 0.128330379273743
2380 0.128614458024567
2381 0.128560538219193
2382 0.128506568464155
2383 0.128479278285864
2384 0.128432638569992
2385 0.128792553738116
2386 0.128886822440469
2387 0.128859791509783
2388 0.128929650144868
2389 0.128875721599717
2390 0.128821798703696
2391 0.128767936866617
2392 0.128718924705052
2393 0.128699553801933
2394 0.128670697581949
2395 0.128616976901231
2396 0.128690518207043
2397 0.128637442090237
2398 0.128583809886392
2399 0.128721439721454
2400 0.128671291621534
2401 0.128889762590425
2402 0.128861370918516
2403 0.128807748805363
2404 0.128800288920302
2405 0.128747968809641
2406 0.128696848486442
2407 0.128644150701842
2408 0.128590745573345
2409 0.128539501097578
2410 0.128500315076175
2411 0.128447752987451
2412 0.128394524426414
2413 0.128341315392002
2414 0.128294829799032
2415 0.128246027164074
2416 0.128195410329651
2417 0.128142371268765
2418 0.128089408842188
2419 0.128048109179188
2420 0.127995197503618
2421 0.127942363007035
2422 0.127889543349034
2423 0.128212534394677
2424 0.128519685096109
2425 0.128467342545765
2426 0.128414638550346
2427 0.128366149158901
2428 0.128313283323114
2429 0.128266345299361
2430 0.128213562306496
2431 0.128167395790791
2432 0.128117417560851
2433 0.128064840163654
2434 0.128028425698589
2435 0.128209093756460
2436 0.128156462821085
2437 0.128155218785260
2438 0.128102659138869
2439 0.128387518838817
2440 0.128391521026184
2441 0.128341390210353
2442 0.128429428973875
2443 0.128382940946410
2444 0.128351560544577
2445 0.128311222135649
2446 0.128258764564571
2447 0.128594850590131
2448 0.128546924753986
2449 0.128530521626035
2450 0.128551021764747
2451 0.128498574077363
2452 0.128456113490413
2453 0.128572061496118
2454 0.128522387733799
2455 0.128470385487869
2456 0.128424925613312
2457 0.128414078971644
2458 0.128361836375398
2459 0.128311996916675
2460 0.128280740042831
2461 0.128228758765436
2462 0.128176692487991
2463 0.128242490802764
2464 0.128201376436284
2465 0.128149415970964
2466 0.128136210297440
2467 0.128084331608711
2468 0.128044237148179
2469 0.128018428752965
2470 0.127966599430182
2471 0.127914813292163
2472 0.127863657117684
2473 0.127811953378083
2474 0.127760302957387
2475 0.127708811601859
2476 0.127657235941284
2477 0.127637011931930
2478 0.127616545044604
2479 0.127565066021157
2480 0.127546107088096
2481 0.127895185192356
2482 0.127844740843294
2483 0.127793407721965
2484 0.127741961782287
2485 0.127690556773767
2486 0.127834521621139
2487 0.127783484919693
2488 0.127732157315325
2489 0.127705122256544
2490 0.127653835066954
2491 0.127602589048420
2492 0.127551406807391
2493 0.127541602007088
2494 0.127491570384236
2495 0.127492585809522
2496 0.127550324855700
2497 0.127662202586069
2498 0.127843081803606
2499 0.127791968154209
2500 0.127740863962821
2501 0.127689803105933
2502 0.127638768012774
2503 0.127930647444383
2504 0.127879557911441
2505 0.127828950290424
2506 0.127816357601718
2507 0.127801726128790
2508 0.127868904121323
2509 0.127818688820325
2510 0.127769254752534
2511 0.127810392284860
2512 0.128140328152828
2513 0.128304779108912
2514 0.128253748434413
2515 0.128202753097794
2516 0.128265547337933
2517 0.128602310996847
2518 0.128552506446251
2519 0.128886073919781
2520 0.128834928667552
2521 0.128783843810526
2522 0.128732779933788
2523 0.128681793939367
2524 0.128939548817308
2525 0.128940958299154
2526 0.128942922556422
2527 0.128891951722880
2528 0.128840969328411
2529 0.128790023979603
2530 0.128739150560337
2531 0.128855328263690
2532 0.129138749239177
2533 0.129088617232261
2534 0.129037674865685
2535 0.128987664168217
2536 0.128936801524837
2537 0.128886014186034
2538 0.128835406853386
2539 0.128827660270652
2540 0.128790924443161
2541 0.128791205664665
2542 0.128740714813058
2543 0.128690090245847
2544 0.128640331985863
2545 0.128591448438593
2546 0.128540941230029
2547 0.128496436167910
2548 0.128464805852916
2549 0.128417131371824
2550 0.128366771761084
2551 0.128316474466880
2552 0.128266193716754
2553 0.128217227494099
2554 0.128167137613686
2555 0.128116974383008
2556 0.128154641845652
2557 0.128105169917262
2558 0.128055093852178
2559 0.128006311443422
2560 0.127980458997578
2561 0.128231345111524
2562 0.128220422577763
2563 0.128170395254370
2564 0.128245946803311
2565 0.128195959268581
2566 0.128146285227916
2567 0.128098797238683
2568 0.128048914530895
2569 0.128064270458653
2570 0.128014440007608
2571 0.127965034031247
2572 0.127919614132819
2573 0.127905467265741
2574 0.127855974656203
2575 0.127806322087922
2576 0.128049440768631
2577 0.128014217227897
2578 0.127964560975124
2579 0.127925748145703
2580 0.127885185496646
2581 0.127848060659755
2582 0.127971481964524
2583 0.127921938422869
2584 0.127872433141362
2585 0.127823001053481
2586 0.127786541511472
2587 0.127743295430970
2588 0.127759140105015
2589 0.127734953933132
2590 0.127744301064648
2591 0.127695009149875
2592 0.127645796552958
2593 0.127597859386529
2594 0.127548764209491
2595 0.127843549015518
2596 0.127917301993898
2597 0.127888217340985
2598 0.127873018784447
2599 0.127823819840336
2600 0.127774662098999
2601 0.127924920982649
2602 0.128123910039603
2603 0.128091745748588
2604 0.128048887493730
2605 0.127999815428955
2606 0.127952658139064
2607 0.127944431958781
2608 0.127910709767512
2609 0.127862524184688
2610 0.127813574023708
2611 0.127764666939664
2612 0.127733708260268
2613 0.127685106462796
2614 0.127719548513844
2615 0.127685649064848
2616 0.127636967035794
2617 0.127623887182874
2618 0.127575138562995
2619 0.127542239243305
2620 0.127635610429651
2621 0.127595166820404
2622 0.127548124231031
2623 0.127515179381157
2624 0.127466583657307
2625 0.127423637238192
2626 0.127375113385474
2627 0.127328589480383
2628 0.127595533991991
2629 0.127582914757972
2630 0.127534406728394
2631 0.127488514942980
2632 0.127441906076018
2633 0.127416813583831
2634 0.127597967421733
2635 0.127554268344369
2636 0.127540923023460
2637 0.127496120663633
2638 0.127488629690598
2639 0.127700828340002
2640 0.127653441641049
2641 0.127711412789305
2642 0.127668255635929
2643 0.127627739670836
2644 0.127684221668604
2645 0.127676524149414
2646 0.127742022335038
2647 0.127747680562791
2648 0.127717125768359
2649 0.127738845300388
2650 0.127700975332337
2651 0.127653004951517
2652 0.127604870347481
2653 0.127556772069058
2654 0.127508757947504
2655 0.127483108129977
2656 0.127579567050584
2657 0.127531597648357
2658 0.127604050052063
2659 0.127564721150609
2660 0.127516774658320
2661 0.127469432225253
2662 0.127489509706984
2663 0.127442665076938
2664 0.127521476141220
2665 0.127473625681858
2666 0.127425811118772
2667 0.127378032412380
2668 0.127684239341667
2669 0.127636651651619
2670 0.127588847731687
2671 0.127615930330371
2672 0.127568402015843
2673 0.127668813090947
2674 0.127862101015874
2675 0.127817182964014
2676 0.127769419174001
2677 0.127759934495386
2678 0.127712227275635
2679 0.127667911535009
2680 0.127620274286818
2681 0.127574999700907
2682 0.127527479036083
2683 0.127502924389398
2684 0.127456413722565
2685 0.127408970790578
2686 0.127361546225034
2687 0.127314296715081
2688 0.127391702206618
2689 0.127359206405064
2690 0.127396746144446
2691 0.127349534295855
2692 0.127312219514160
2693 0.127296782383704
2694 0.127252810724405
2695 0.127566312558550
2696 0.127519353703438
2697 0.127472071780118
2698 0.127424885898458
2699 0.127377678206517
2700 0.127331078226071
2701 0.127373201408422
2702 0.127338525358756
2703 0.127291450362800
2704 0.127244920922650
2705 0.127203027809375
2706 0.127157671210550
2707 0.127110697560550
2708 0.127071959006158
2709 0.127025254614311
2710 0.126978451135791
2711 0.127092296615975
2712 0.127068994693249
2713 0.127104628326930
2714 0.127057795384280
2715 0.127025136140402
2716 0.127149915356365
2717 0.127103117448628
2718 0.127056419541032
2719 0.127021442621569
2720 0.127258959036196
2721 0.127223859737286
2722 0.127345778417823
2723 0.127324501513493
2724 0.127277759799663
2725 0.127246611144738
2726 0.127200216771352
2727 0.127153574894599
2728 0.127106964346617
2729 0.127091615904643
2730 0.127063860538226
2731 0.127302860504588
2732 0.127472229179010
2733 0.127607471020384
2734 0.127560817785260
2735 0.127514480796365
2736 0.127474590027779
2737 0.127531436888192
2738 0.127484858636584
2739 0.127438324542018
2740 0.127391814629439
2741 0.127354135030080
2742 0.127339773911339
2743 0.127455863379364
2744 0.127409810583081
2745 0.127414658838217
2746 0.127368258743957
2747 0.127321898718220
2748 0.127278013497000
2749 0.127232764957719
2750 0.127188816769053
2751 0.127146351988917
2752 0.127100154781330
2753 0.127053994721144
2754 0.127007860423124
2755 0.126983852963081
2756 0.126974044138701
2757 0.126927992778913
2758 0.126882142894899
2759 0.126836154441512
2760 0.126851138558846
2761 0.127085748570405
2762 0.127039736850794
2763 0.126994034155757
2764 0.126956337988511
2765 0.126922992376118
2766 0.126877105538671
2767 0.126831251879641
2768 0.126912020992470
2769 0.126915307924199
2770 0.127018868514155
2771 0.126973029875213
2772 0.127023903741265
2773 0.126979608208728
2774 0.126933852244857
2775 0.126891761596150
2776 0.126846056672679
2777 0.126800529285542
2778 0.126754884747974
2779 0.126710033289424
2780 0.126664460035250
2781 0.126620484227431
2782 0.126653729294282
2783 0.126608219510664
2784 0.126568619802014
2785 0.126524411802289
2786 0.126480137386440
2787 0.126434807002666
2788 0.126391238516546
2789 0.126346308075082
2790 0.126302089941720
2791 0.126258022333702
2792 0.126233361683490
2793 0.126302863367951
2794 0.126310895426052
2795 0.126266092377588
2796 0.126221229555331
2797 0.126440295807790
2798 0.126548967918376
2799 0.126504747166076
2800 0.126459617259991
2801 0.126414537028106
2802 0.126431562567496
2803 0.126387753843388
2804 0.126358372403432
2805 0.126567050036902
2806 0.126703021888297
2807 0.126716025693171
2808 0.126670899723146
2809 0.126629832689104
2810 0.126584785824829
2811 0.126539773195881
2812 0.126494773276813
2813 0.126449805427942
2814 0.126404890766563
2815 0.126359994019144
2816 0.126315121862227
2817 0.126270358078390
2818 0.126394787892969
2819 0.126353599043181
2820 0.126308989585994
2821 0.126264217622275
2822 0.126239058066769
2823 0.126197419528149
2824 0.126176410037178
2825 0.126132026778265
2826 0.126090272758255
2827 0.126045670610127
2828 0.126001135319276
2829 0.126156152203962
2830 0.126272098935364
2831 0.126228104905313
2832 0.126277482902036
2833 0.126234471023963
2834 0.126264893576154
2835 0.126223036952005
2836 0.126185998331957
2837 0.126141519661669
2838 0.126124919560958
2839 0.126097720362714
2840 0.126053333151950
2841 0.126009192096454
2842 0.125969903619122
2843 0.125955118365522
2844 0.125910830349219
2845 0.125867037754397
2846 0.125909432237816
2847 0.126211976452238
2848 0.126184413669787
2849 0.126201155364900
2850 0.126159076005885
2851 0.126115244008137
2852 0.126071214804079
2853 0.126038974415947
2854 0.125994812196460
2855 0.125950685110294
2856 0.125993217679056
2857 0.125951717442264
2858 0.125907974172020
2859 0.125863994339292
2860 0.125820059768506
2861 0.125779237683246
2862 0.125735289661696
2863 0.126039761910518
2864 0.125998427134793
2865 0.125954471779209
2866 0.126152297173846
2867 0.126108297283004
2868 0.126079344193025
2869 0.126120676713504
2870 0.126087554803819
2871 0.126043637834797
2872 0.126000790637816
2873 0.126029067911605
2874 0.126274756500500
2875 0.126293573505501
2876 0.126249660650044
2877 0.126205837126026
2878 0.126165235435131
2879 0.126122059276541
2880 0.126078670729563
2881 0.126180597722260
2882 0.126136819079404
2883 0.126223531880083
2884 0.126181412972188
2885 0.126159747108358
2886 0.126118296725167
2887 0.126077874934581
2888 0.126034219170736
2889 0.125990619349717
2890 0.125947296833217
2891 0.125903733893047
2892 0.125861568412328
2893 0.125854212049538
2894 0.125810773165856
2895 0.125767324195813
2896 0.125723962539326
2897 0.125701481466804
2898 0.125658115213809
2899 0.125616587781038
2900 0.125662676834062
2901 0.125619362666954
2902 0.125592441185555
2903 0.125549225429656
2904 0.125557819157703
2905 0.125646446622719
2906 0.125607136156073
2907 0.125566228039587
2908 0.125523189740761
2909 0.125562575998252
2910 0.125519581315169
2911 0.125477586000918
2912 0.125434511596771
2913 0.125402598363813
2914 0.125359563841389
2915 0.125618509703879
2916 0.125608112078123
2917 0.125565306520744
2918 0.125522275243941
2919 0.125480634942695
2920 0.125439487438890
2921 0.125412081357787
2922 0.125371071107750
2923 0.125356755842439
2924 0.125353153898646
2925 0.125316440803881
2926 0.125293042976686
2927 0.125250237019645
2928 0.125207467638070
2929 0.125196381826232
2930 0.125165518801455
2931 0.125123349389293
2932 0.125080674599840
2933 0.125038030962019
2934 0.125073486619594
2935 0.125030872143760
2936 0.124988293957686
2937 0.124952404194849
2938 0.124909879897495
2939 0.124952248423864
2940 0.124930589759310
2941 0.125156909628819
2942 0.125114410404817
2943 0.125071897898754
2944 0.125029423461863
2945 0.125256114806468
2946 0.125528800270489
2947 0.125519990245464
2948 0.125477412244518
2949 0.125454360486789
2950 0.125491805118053
2951 0.125449279938413
2952 0.125718235006853
2953 0.125692921895655
2954 0.125683589701854
2955 0.125745129225738
2956 0.125702590622631
2957 0.125660080446570
2958 0.125617600443403
2959 0.125579653492892
2960 0.125537256003491
2961 0.125495238208965
2962 0.125452870176516
2963 0.125641508455344
2964 0.125605933441045
2965 0.125636280862848
2966 0.125593922065621
2967 0.125552265177972
2968 0.125575977267207
2969 0.125686654535951
2970 0.125644335797050
2971 0.125659142298564
2972 0.125616861629458
2973 0.125616792988654
2974 0.125574754429953
2975 0.125532965010985
2976 0.125490929771499
2977 0.125677943315578
2978 0.125635741189769
2979 0.125593567400840
2980 0.125559557441403
2981 0.125526567853858
2982 0.125503588089346
2983 0.125461521152128
2984 0.125432345379257
2985 0.125390381405285
2986 0.125348388655115
2987 0.125317378512162
2988 0.125295634264904
2989 0.125253715444815
2990 0.125283563337823
2991 0.125255804078633
2992 0.125214881413941
2993 0.125193498987411
2994 0.125215139748261
2995 0.125173331823102
2996 0.125131551933752
2997 0.125089799664376
2998 0.125051123352709
2999 0.125010125865553
3000 0.124970863077807
3001 0.125028880680935
3002 0.125201538892151
3003 0.125160093702954
3004 0.125155772054108
3005 0.125114123321036
3006 0.125076977715122
3007 0.125035445685242
3008 0.124999949350459
3009 0.124963553238199
3010 0.124922087095944
3011 0.124880598527441
3012 0.124839143857928
3013 0.124797711075408
3014 0.124770855678005
3015 0.124729472309623
3016 0.124688591059082
3017 0.124652315640338
3018 0.124617912332576
3019 0.124576634455023
3020 0.124535510347607
3021 0.124583939940895
3022 0.124548387887417
3023 0.124507437095845
3024 0.124502121458244
3025 0.124468992815521
3026 0.124433656847575
3027 0.124579484458462
3028 0.124621168467486
3029 0.124761958420843
3030 0.124720782857245
3031 0.124679634463113
3032 0.124638630469003
3033 0.124598233577486
3034 0.124870165260079
3035 0.124834946420438
3036 0.124795046999840
3037 0.124753956859127
3038 0.124827148229711
3039 0.124874054108561
3040 0.125020541299761
3041 0.125037619973113
3042 0.125008008722261
3043 0.124989284913725
3044 0.125196612662556
3045 0.125155662119219
3046 0.125154589326093
3047 0.125115073682070
3048 0.125074071974041
3049 0.125034030609758
3050 0.124993038928160
3051 0.124952071036020
3052 0.124911130036979
3053 0.124870217082188
3054 0.124830396121701
3055 0.124817788466892
3056 0.124776945482149
3057 0.124736128890755
3058 0.124696736213422
3059 0.124656169076564
3060 0.124628627000252
3061 0.124588587398098
3062 0.124578340043292
3063 0.124537731952805
3064 0.124497124042760
3065 0.124467128870337
3066 0.124426534352797
3067 0.124386447922812
3068 0.124345963953379
3069 0.124388387360586
3070 0.124347948213116
3071 0.124605483371482
3072 0.124565516476738
3073 0.124538575428699
3074 0.124498061910260
3075 0.124636869159351
3076 0.124688255926393
3077 0.124647733703792
3078 0.124862092794085
3079 0.124825412423427
3080 0.124784950348411
3081 0.124965480977785
3082 0.125123997669607
3083 0.125102905140268
3084 0.125062339995929
3085 0.125021801382402
3086 0.124982464134453
3087 0.124962959617615
3088 0.124947819169579
3089 0.124907435782208
3090 0.124868945234792
3091 0.124829045938119
3092 0.124794900804987
3093 0.124758537136086
3094 0.124720760020142
3095 0.124680464032716
3096 0.124640403982646
3097 0.124601130834060
3098 0.124562673774530
3099 0.124626216163517
3100 0.124586040010372
3101 0.124545863954902
3102 0.124630679190561
3103 0.124642994049674
3104 0.124602838445921
3105 0.124562708791959
3106 0.124540980388348
3107 0.124557819462402
3108 0.124607960413008
3109 0.124574818278142
3110 0.124534864356789
3111 0.124494842287361
3112 0.124455804738031
3113 0.124415825367943
3114 0.124442512233179
3115 0.124607269682485
3116 0.124567280186497
3117 0.124559929199282
3118 0.124527055587089
3119 0.124487166573557
3120 0.124447547488796
3121 0.124407673248646
3122 0.124380250800833
3123 0.124340423634185
3124 0.124313269950100
3125 0.124273531547166
3126 0.124234439806710
3127 0.124215371723463
3128 0.124180717529591
3129 0.124276475477454
3130 0.124394128333733
3131 0.124548602906189
3132 0.124509053172873
3133 0.124469312013227
3134 0.124435661236673
3135 0.124395970854090
3136 0.124398110834443
3137 0.124358463490460
3138 0.124319161265486
3139 0.124279588251722
3140 0.124475710710651
3141 0.124449435263501
3142 0.124472084389245
3143 0.124436577848366
3144 0.124423444938751
3145 0.124480144851716
3146 0.124501624027058
3147 0.124549239328058
3148 0.124509678290633
3149 0.124668883016153
3150 0.124720485927751
3151 0.124683207498756
3152 0.124643651558696
3153 0.124606810409013
3154 0.124720243898184
3155 0.124681020092727
3156 0.124718371201706
3157 0.124694205126874
3158 0.124655935812966
3159 0.124685266686424
3160 0.124775299127830
3161 0.124969805234936
3162 0.124931609328841
3163 0.124905633144438
3164 0.124872369955914
3165 0.124836461537608
3166 0.124797442244899
3167 0.124758043372137
3168 0.124728188648837
3169 0.124907240179001
3170 0.124867842795624
3171 0.124828828023426
3172 0.124789479796431
3173 0.124750255570090
3174 0.124711405279537
3175 0.124673906594307
3176 0.124634651601718
3177 0.124595431643689
3178 0.124714161572744
3179 0.124675132742553
3180 0.124637673632811
3181 0.124650857874120
3182 0.124611691624464
3183 0.124572712425350
3184 0.124533587837943
3185 0.124499142273174
3186 0.124460131689995
3187 0.124421141566747
3188 0.124382113784912
3189 0.124357513575347
3190 0.124328941988443
3191 0.124295192722183
3192 0.124256393311115
3193 0.124233862740445
3194 0.124194967000526
3195 0.124406270910450
3196 0.124533106461751
3197 0.124514735708465
3198 0.124475937765420
3199 0.124558946009607
3200 0.124527786780963
3201 0.124488957737003
3202 0.124450080474552
3203 0.124411226347795
3204 0.124379368218718
3205 0.124352303384179
3206 0.124313516116563
3207 0.124274752937314
3208 0.124245289374343
3209 0.124206585726454
3210 0.124167892557675
3211 0.124131440214646
3212 0.124221554226841
3213 0.124182905509312
3214 0.124177162912432
3215 0.124211629861205
3216 0.124173007021355
3217 0.124134414594580
3218 0.124173978853023
3219 0.124231521491427
3220 0.124198637654686
3221 0.124160106445392
3222 0.124273427160962
3223 0.124428606747368
3224 0.124549626377764
3225 0.124778866888417
3226 0.124941070398392
3227 0.125081309927705
3228 0.125042922178556
3229 0.125005433808322
3230 0.124967246162804
3231 0.124928569359205
3232 0.124914959741675
3233 0.124876366984596
3234 0.124837774550080
3235 0.124800999043721
3236 0.124762432610440
3237 0.124729128386590
3238 0.124938060810967
3239 0.124899499381875
3240 0.124860966462423
3241 0.124943902183271
3242 0.124908272463206
3243 0.124869782295944
3244 0.124831908531331
3245 0.124793562319974
3246 0.124755345870536
3247 0.124875817579326
3248 0.124837436905515
3249 0.124801660163065
3250 0.124764783437603
3251 0.124726406081886
3252 0.124688052486762
3253 0.124652451493137
3254 0.124614240753039
3255 0.124772037682081
3256 0.124743548124028
3257 0.124886610577032
3258 0.124962793734261
3259 0.124927041956518
3260 0.125143418589458
3261 0.125208017116081
3262 0.125177732697704
3263 0.125139369925314
3264 0.125287706602115
3265 0.125381920592083
3266 0.125344950048880
3267 0.125308072163890
3268 0.125295956479313
3269 0.125257628039028
3270 0.125424265717036
3271 0.125385921398765
3272 0.125347600518141
3273 0.125309303317446
3274 0.125271029248015
3275 0.125248659597566
3276 0.125210427407851
3277 0.125172218549986
3278 0.125134033081193
3279 0.125108081126302
3280 0.125078010737236
3281 0.125040638299735
3282 0.125002553745698
3283 0.125040613048837
3284 0.125073961396008
3285 0.125036231173945
3286 0.125099076763246
3287 0.125066665037679
3288 0.125029579642254
3289 0.124993967030206
3290 0.125128565708609
3291 0.125118638836982
3292 0.125103611647867
3293 0.125191732175709
3294 0.125315990836518
3295 0.125286622834112
3296 0.125248663539771
3297 0.125210674953877
3298 0.125235766655259
3299 0.125197804925515
3300 0.125161053052475
3301 0.125123201320408
3302 0.125085308164458
3303 0.125049466089758
3304 0.125155483315803
3305 0.125117614788326
3306 0.125090549892784
3307 0.125071844920733
3308 0.125128827367560
3309 0.125091355761674
3310 0.125347198784525
3311 0.125568089103549
3312 0.125530176033167
3313 0.125729011337897
3314 0.125691072883210
3315 0.125653173061478
3316 0.125626441600869
3317 0.125706437680012
3318 0.125671534270403
3319 0.125707965284469
3320 0.125670521506877
3321 0.125657240225671
3322 0.125619414478324
3323 0.125585785213002
3324 0.125551744957343
3325 0.125517679068577
3326 0.125480170612837
3327 0.125486825724574
3328 0.125498883108906
3329 0.125706097002092
3330 0.125668370902739
3331 0.125630740327490
3332 0.125593156155496
3333 0.125555474486749
3334 0.125517847241805
3335 0.125485047679466
3336 0.125606981459091
3337 0.125572980441580
3338 0.125535606558262
3339 0.125498107470657
3340 0.125501476103028
3341 0.125464080760327
3342 0.125426539144301
3343 0.125597652470356
3344 0.125565391418033
3345 0.125527853403037
3346 0.125490338439908
3347 0.125452903043229
3348 0.125420651785675
3349 0.125670627460373
3350 0.125633187582680
3351 0.125619462055433
3352 0.125583454093464
3353 0.125549161422682
3354 0.125512259372103
3355 0.125770373842328
3356 0.125735294989183
3357 0.125765841781022
3358 0.125904986726864
3359 0.125871757977792
3360 0.125834648549435
3361 0.125798333626497
3362 0.125851628679730
3363 0.125814208015262
3364 0.125776924358726
3365 0.125743474128733
3366 0.125716720314658
3367 0.125679398146102
3368 0.125642082410683
3369 0.125622456551225
3370 0.125585189504511
3371 0.125554989432444
3372 0.125571202679310
3373 0.125715489375979
3374 0.125678229539459
3375 0.125645305805161
3376 0.125608099617107
3377 0.125742307960210
3378 0.125705162472892
3379 0.125906608069080
3380 0.125880070265773
3381 0.125878671622290
3382 0.125841458433052
3383 0.125804263977475
3384 0.125785034488164
3385 0.125987467227673
3386 0.126032772703942
3387 0.125995561971130
3388 0.125966154600069
3389 0.125956120568373
3390 0.125929639113145
3391 0.126104936369512
3392 0.126067759286361
3393 0.126035398765012
3394 0.126002978572769
3395 0.125983074223803
3396 0.125947078833832
3397 0.125917923901880
3398 0.125880867443838
3399 0.125848940994815
3400 0.125812023629947
3401 0.125775817491652
3402 0.125738853613300
3403 0.125703622726711
3404 0.125854577238553
3405 0.125817615960733
3406 0.125781089473466
3407 0.125790505320124
3408 0.125753594960586
3409 0.125716866319245
3410 0.125686535433250
3411 0.125649718313190
3412 0.125679357768732
3413 0.125642534104702
3414 0.125605753317748
3415 0.125569091081782
3416 0.125819674537085
3417 0.125782852858937
3418 0.125746434311165
3419 0.125763809289603
3420 0.125795475986248
3421 0.125758716890020
3422 0.125722926007395
3423 0.125955432727496
3424 0.126160932467304
3425 0.126124141454236
3426 0.126087720249132
3427 0.126101638668494
3428 0.126088668001593
3429 0.126051935340352
3430 0.126038568105356
3431 0.126004137289999
3432 0.125993352747346
3433 0.126026078987792
3434 0.125989520007274
3435 0.126240497808773
3436 0.126203764169122
3437 0.126428873702538
3438 0.126440191526288
3439 0.126413086409008
3440 0.126578951190503
3441 0.126542522495357
3442 0.126754821736303
3443 0.126718009551133
3444 0.126681215811194
3445 0.126644443365372
3446 0.126608355949914
3447 0.126571625942909
3448 0.126535992451468
3449 0.126535209487948
3450 0.126498532617195
3451 0.126461877087346
3452 0.126425243342860
3453 0.126389019511614
3454 0.126352797609558
3455 0.126330050176747
3456 0.126506313206523
3457 0.126482333131767
3458 0.126445938210397
3459 0.126412202677470
3460 0.126375667362017
3461 0.126346079496529
3462 0.126310283656854
3463 0.126273809421210
3464 0.126237364022409
3465 0.126276322639431
3466 0.126246041870431
3467 0.126209628577520
3468 0.126183820963697
3469 0.126148505362412
3470 0.126112190328436
3471 0.126075857238850
3472 0.126318879441545
3473 0.126282507751777
3474 0.126248428041674
3475 0.126248458096235
3476 0.126216925574995
3477 0.126210916140595
3478 0.126200168481509
3479 0.126165115681850
3480 0.126128861338266
3481 0.126092627825970
3482 0.126164409793117
3483 0.126128186882193
3484 0.126102463557011
3485 0.126066280170359
3486 0.126031282088913
3487 0.126169996815352
3488 0.126133824225998
3489 0.126107620136847
3490 0.126072314573041
3491 0.126151801259836
3492 0.126121424720536
3493 0.126088240121851
3494 0.126052185833804
3495 0.126016140423255
3496 0.126081322599086
3497 0.126046538481060
3498 0.126200534535657
3499 0.126312610607072
3500 0.126276521875639
3501 0.126244168909643
3502 0.126357916940282
3503 0.126321847575818
3504 0.126285797834059
3505 0.126249926468561
3506 0.126213917238930
3507 0.126335722612545
3508 0.126299709102477
3509 0.126494231869698
3510 0.126458193733309
3511 0.126423442147913
3512 0.126418537647768
3513 0.126382551727573
3514 0.126405388906980
3515 0.126383993998895
3516 0.126348054841811
3517 0.126317459636161
3518 0.126295450784487
3519 0.126344078266876
3520 0.126308245557627
3521 0.126272380563620
3522 0.126249539312704
3523 0.126317155495981
3524 0.126281313848742
3525 0.126245489367133
3526 0.126209702086727
3527 0.126173918221710
3528 0.126148921297015
3529 0.126142151369666
3530 0.126107245815650
3531 0.126071599384884
3532 0.126100248151791
3533 0.126064574123949
3534 0.126045836773843
3535 0.126150732873197
3536 0.126116335637325
3537 0.126080701938819
3538 0.126203488516742
3539 0.126195828153370
3540 0.126222107459806
3541 0.126269985259065
3542 0.126249539565233
3543 0.126213906064100
3544 0.126182923872398
3545 0.126154081632084
3546 0.126210425337171
3547 0.126273019565110
3548 0.126411858681379
3549 0.126383501637052
3550 0.126574003961499
3551 0.126538653698896
3552 0.126517945819108
3553 0.126483433690742
3554 0.126689903270012
3555 0.126655870628921
3556 0.126809823990765
3557 0.126774195612212
3558 0.126738744616931
3559 0.126705745784945
3560 0.126672904599575
3561 0.126645930128337
3562 0.126610375403670
3563 0.126574942491955
3564 0.126546369731617
3565 0.126517896420339
3566 0.126486721066108
3567 0.126451278699496
3568 0.126533447299632
3569 0.126557695605560
3570 0.126590939418361
3571 0.126555490053187
3572 0.126529547667266
3573 0.126494268573913
3574 0.126458975799521
3575 0.126423756246994
3576 0.126390847234894
3577 0.126406853958089
3578 0.126371525044190
3579 0.126357268085425
3580 0.126369526492153
3581 0.126334252111904
3582 0.126299559189159
3583 0.126267778961760
3584 0.126232548300547
3585 0.126197408994526
3586 0.126163089259263
3587 0.126154636076606
3588 0.126188506558309
3589 0.126153346764414
3590 0.126124015494662
3591 0.126094895224823
3592 0.126063106237337
3593 0.126028020576687
3594 0.126047323314567
3595 0.126230707333718
3596 0.126197622957318
3597 0.126167013126166
3598 0.126136597326948
3599 0.126101557331729
3600 0.126067274756058
3601 0.126254725017016
3602 0.126301971005415
3603 0.126266919141542
3604 0.126236279460730
3605 0.126202391086178
3606 0.126167393250135
3607 0.126132421701494
3608 0.126103979617823
3609 0.126077569377617
3610 0.126042774483378
3611 0.126007869671462
3612 0.126008015427932
3613 0.125976011193963
3614 0.126186136800636
3615 0.126151322473678
3616 0.126153025566966
3617 0.126169699874958
3618 0.126134827099979
3619 0.126105902781531
3620 0.126138918441928
3621 0.126106238770092
3622 0.126232453530023
3623 0.126197639280137
3624 0.126179660372617
3625 0.126144871116385
3626 0.126124837522663
3627 0.126090074439002
3628 0.126058351989066
3629 0.126023615942171
3630 0.126009266941493
3631 0.126043186502688
3632 0.126008483009956
3633 0.126014409343747
3634 0.126232624189776
3635 0.126300157766906
3636 0.126274537528902
3637 0.126239821703770
3638 0.126205121367953
3639 0.126198824552453
3640 0.126215701717599
3641 0.126181036598156
3642 0.126187784922200
3643 0.126153155361958
3644 0.126197556833486
3645 0.126163589230634
3646 0.126146880619755
3647 0.126141910270947
3648 0.126108999629034
3649 0.126196778705225
3650 0.126193535109423
3651 0.126158971009111
3652 0.126305045642116
3653 0.126275055268597
3654 0.126240957192547
3655 0.126212746222867
3656 0.126349524558678
3657 0.126314974510945
3658 0.126293756026084
3659 0.126259240260109
3660 0.126243174203449
3661 0.126208893289726
3662 0.126359764123736
3663 0.126325267873693
3664 0.126417348828910
3665 0.126382857223831
3666 0.126348405089990
3667 0.126313950595076
3668 0.126337280044795
3669 0.126308223076267
3670 0.126273806667578
3671 0.126327422974051
3672 0.126293020151488
3673 0.126258636159453
3674 0.126224358008205
3675 0.126359145764566
3676 0.126324771677440
3677 0.126478143944608
3678 0.126445776379084
3679 0.126451894173867
3680 0.126417677491598
3681 0.126392973424170
3682 0.126363863151528
3683 0.126329554607603
3684 0.126295265743911
3685 0.126261005453912
3686 0.126226751247332
3687 0.126195469138547
3688 0.126161355083882
3689 0.126127605314115
3690 0.126135204079782
3691 0.126113851008312
3692 0.126284121137464
3693 0.126249928606859
3694 0.126215862082847
3695 0.126299823293033
3696 0.126331347958616
3697 0.126297183346101
3698 0.126277461092870
3699 0.126243322838763
3700 0.126209203084197
3701 0.126180120823372
3702 0.126146044206536
3703 0.126119887092280
3704 0.126090903842255
3705 0.126128851036769
3706 0.126356402032479
3707 0.126322341147546
3708 0.126288697362880
3709 0.126254648131603
3710 0.126221488350023
3711 0.126188107429292
3712 0.126154214306750
3713 0.126346078603162
3714 0.126315161923308
3715 0.126425204794020
3716 0.126396149805254
3717 0.126366126993935
3718 0.126361184063205
3719 0.126327206881904
3720 0.126372329137434
3721 0.126338903588874
3722 0.126304959767383
3723 0.126322745571991
3724 0.126289059998487
3725 0.126269778505921
3726 0.126311723794218
3727 0.126278043003949
3728 0.126339664516246
3729 0.126421426878702
3730 0.126387535401125
3731 0.126365784714975
3732 0.126335963976850
3733 0.126302123025952
3734 0.126270778346419
3735 0.126472425015649
3736 0.126438572994313
3737 0.126404739232546
3738 0.126426677050816
3739 0.126392871067508
3740 0.126456261539449
3741 0.126528407311821
3742 0.126496995817085
3743 0.126486372392885
3744 0.126453346527505
3745 0.126612537470262
3746 0.126587469975000
3747 0.126553719562092
3748 0.126519953896407
3749 0.126487781510372
3750 0.126459813821658
3751 0.126426136302833
3752 0.126393988930722
3753 0.126360310809643
3754 0.126326918301673
3755 0.126297809034712
3756 0.126387759640305
3757 0.126389225553974
3758 0.126356875676749
3759 0.126324363008171
3760 0.126290766103129
3761 0.126257188615663
3762 0.126294461797856
3763 0.126325680122898
3764 0.126292118625613
3765 0.126259309788061
3766 0.126380087014369
3767 0.126584911906368
3768 0.126633617558958
3769 0.126600018853332
3770 0.126595183127721
3771 0.126618448179856
3772 0.126586003635847
3773 0.126552486752993
3774 0.126541762406327
3775 0.126516994107812
3776 0.126498887750655
3777 0.126469919762084
3778 0.126504399198993
3779 0.126470947322410
3780 0.126456868251228
3781 0.126423422901284
3782 0.126394219616227
3783 0.126360808528007
3784 0.126327428658672
3785 0.126294122198103
3786 0.126355871608013
3787 0.126510185362412
3788 0.126480880153830
3789 0.126448695324605
3790 0.126415338898473
3791 0.126381994240049
3792 0.126348777143523
3793 0.126315466122357
3794 0.126289577865522
3795 0.126265288910899
3796 0.126285967109402
3797 0.126252766944765
3798 0.126220734518771
3799 0.126196039251357
3800 0.126179307291651
3801 0.126162505876865
3802 0.126176236293459
3803 0.126143058213971
3804 0.126109898949797
3805 0.126076818651008
3806 0.126043692844743
3807 0.126010584860543
3808 0.125977493845613
3809 0.125994230870601
3810 0.125961162175844
3811 0.126032366537840
3812 0.126000108164016
3813 0.125967069965615
3814 0.125947515549769
3815 0.125917833898691
3816 0.125884836761592
3817 0.125851859392162
3818 0.125820444108202
3819 0.126000517930895
3820 0.125967649143750
3821 0.125990268278907
3822 0.125957303829777
3823 0.125927233007691
3824 0.125929378494581
3825 0.125907674728077
3826 0.125876745400943
3827 0.125843853646260
3828 0.125819076119209
3829 0.125839250033393
3830 0.125806393968105
3831 0.125868595841699
3832 0.125845500605442
3833 0.125911814757439
3834 0.126075568763327
3835 0.126119384040914
3836 0.126086506203573
3837 0.126242820295798
3838 0.126211210719665
3839 0.126178402742085
3840 0.126147812473134
3841 0.126126817758375
3842 0.126102988850214
3843 0.126070175230088
3844 0.126037452537776
3845 0.126004672966248
3846 0.126078148680355
3847 0.126052775476781
3848 0.126020017887496
3849 0.126009634069425
3850 0.125976911120904
3851 0.125952790244898
3852 0.125920103113604
3853 0.125927333897478
3854 0.125894659504453
3855 0.125863936911096
3856 0.125831347990554
3857 0.125855396255860
3858 0.125825447482253
3859 0.125792841783223
3860 0.125763968016069
3861 0.125872012164616
3862 0.125978078325718
3863 0.125977988012689
3864 0.125967220072308
3865 0.125954720897678
3866 0.125922163982037
3867 0.125889651776366
3868 0.126092140972092
3869 0.126059559848029
3870 0.126026986318379
3871 0.125994429632542
3872 0.125961889822917
3873 0.125929366850278
3874 0.125896864270484
3875 0.126082199989422
3876 0.126049742757056
3877 0.126018369761015
3878 0.125985882980037
3879 0.125953450537341
3880 0.125921030532618
3881 0.125964714050321
3882 0.125932265654227
3883 0.126007667171139
3884 0.125975249478880
3885 0.125943003402687
3886 0.125910607229148
3887 0.125878214498173
3888 0.126049660535838
3889 0.126024177552066
3890 0.126006989327629
3891 0.126014592832907
3892 0.125990001742774
3893 0.125971884775443
3894 0.126007897123205
3895 0.125975560111442
3896 0.126070423868849
3897 0.126038073538637
3898 0.126025399857737
3899 0.125993353478944
3900 0.125961047495908
3901 0.125928758259424
3902 0.125925284600350
3903 0.125895053540488
3904 0.125944677654684
3905 0.125912433477509
3906 0.126015891786768
3907 0.125984812025601
3908 0.125953322224792
3909 0.125923678000668
3910 0.125913864091126
3911 0.125889459231900
3912 0.125861297190125
3913 0.125836360985985
3914 0.125804210668749
3915 0.125815597311367
3916 0.125784082556115
3917 0.125756842962259
3918 0.125726762877021
3919 0.125694760173355
3920 0.125701175503440
3921 0.125669117055212
3922 0.125802609532989
3923 0.125770541573815
3924 0.125788907781477
3925 0.125756859652114
3926 0.125817729336023
3927 0.125785952735574
3928 0.125753938967328
3929 0.125721937883430
3930 0.125689961660074
3931 0.125657987624190
3932 0.125626081720743
3933 0.125607916940080
3934 0.125579913427720
3935 0.125551199580166
3936 0.125541965708701
3937 0.125696269526181
3938 0.125697700577555
3939 0.125671109378229
3940 0.125656901338974
3941 0.125625020193246
3942 0.125593216650723
3943 0.125565115358079
3944 0.125700374101855
3945 0.125899208650395
3946 0.125867305868215
3947 0.125835465961257
3948 0.125825041338964
3949 0.125793646659947
3950 0.125867471387422
3951 0.125835615002836
3952 0.125821519005437
3953 0.125789689630953
3954 0.125758002807437
3955 0.125963898434432
3956 0.125932057241620
3957 0.125900232107116
3958 0.125868423054036
3959 0.125836630207174
3960 0.125822518238208
3961 0.125925158493684
3962 0.126039909833720
3963 0.126008630045420
3964 0.125987912641352
3965 0.126014199424683
3966 0.125984273636593
3967 0.125952518214529
3968 0.125939817405871
3969 0.125908157590180
3970 0.125898953594496
3971 0.125867323094094
3972 0.125835634443286
3973 0.125806181376526
3974 0.125774524058624
3975 0.125742882728695
3976 0.125712301382826
3977 0.125927554119768
3978 0.125896657007695
3979 0.125865802949963
3980 0.125834178419594
3981 0.125897936460336
3982 0.125866661222724
3983 0.125845332035046
3984 0.125841476686636
3985 0.125835741363497
3986 0.125891514050402
3987 0.125863341241801
3988 0.125835200062501
3989 0.125815540920233
3990 0.125784088798281
3991 0.125754677854659
3992 0.125723196858931
3993 0.125691721515365
3994 0.125687640221212
3995 0.125656416041189
3996 0.125624970533349
3997 0.125599555719990
3998 0.125572725339695
3999 0.125542763427698
4000 0.125563730983544
4001 0.125532391626536
4002 0.125550379569115
4003 0.125535013287753
4004 0.125507791648832
4005 0.125477268289399
4006 0.125550341900223
4007 0.125519068464389
4008 0.125487751350934
4009 0.125466620639141
4010 0.125488880183200
4011 0.125457598098248
4012 0.125437091798411
4013 0.125592617895540
4014 0.125561329251321
4015 0.125557598572719
4016 0.125646277036404
4017 0.125614998401344
4018 0.125585894417196
4019 0.125578607657638
4020 0.125547369228483
4021 0.125627914463512
4022 0.125624165678958
4023 0.125595114720661
4024 0.125754997527254
4025 0.125723755917741
4026 0.125705748484611
4027 0.125849135459088
4028 0.125838408573044
4029 0.126036014296814
4030 0.126040788338041
4031 0.126009847791146
4032 0.125978595348748
4033 0.126061490206659
4034 0.126030240456979
4035 0.126012902706136
4036 0.125981682031485
4037 0.126196390405055
4038 0.126250248153447
4039 0.126218990438702
4040 0.126274653153044
4041 0.126356227672007
4042 0.126325013730035
4043 0.126300759663971
4044 0.126269574535807
4045 0.126253901804648
4046 0.126265402958519
4047 0.126235152433421
4048 0.126203970685439
4049 0.126323320163067
4050 0.126292162534673
4051 0.126263379061330
4052 0.126279385333529
4053 0.126285082824415
4054 0.126253956683884
4055 0.126222821519561
4056 0.126239180182212
4057 0.126243701419011
4058 0.126235314537820
4059 0.126204215014504
4060 0.126173680520790
4061 0.126142610912191
4062 0.126111556605788
4063 0.126219916679760
4064 0.126189206320930
4065 0.126158163580272
4066 0.126127260213252
4067 0.126096277027782
4068 0.126212741395998
4069 0.126181724872756
4070 0.126334112361159
4071 0.126307292923770
4072 0.126309289487438
4073 0.126321251194381
4074 0.126417210883240
4075 0.126394770403237
4076 0.126363760894310
4077 0.126332766594360
4078 0.126315165064019
4079 0.126334923304267
4080 0.126312369211832
4081 0.126282729230880
4082 0.126251794104270
4083 0.126380205479911
4084 0.126356193703841
4085 0.126325280213002
4086 0.126443007028335
4087 0.126412399194845
4088 0.126411899910757
4089 0.126560575571305
4090 0.126637867103246
4091 0.126831601646237
4092 0.126800626737004
4093 0.126783876205809
4094 0.126755515233508
4095 0.126724561511407
4096 0.126789519330089
