1 0.166655040168343
2 0.076570915077098
3 0.106578254995441
4 0.121585309653679
5 0.130586589584424
6 0.122475571793399
7 0.127372729381987
8 0.055456393726685
9 0.054604318901786
10 0.002056050440384
11 0.013275089512499
12 0.004463661911266
13 0.011280223850792
14 0.022348277064767
15 0.013436556181931
16 0.015329620380294
17 0.024214724485029
18 0.026449516841247
19 0.033804352064606
20 0.033134310053174
21 0.019992119804212
22 0.024063346140712
23 0.030260350629748
24 0.035942823101681
25 0.037716032833293
26 0.035323670525478
27 0.031142037117632
28 0.035885583265674
29 0.009821411169777
30 0.004283403236491
31 0.001231054416943
32 0.020550984044541
33 0.036503637152258
34 0.030559426845136
35 0.024956886599439
36 0.019643267801184
37 0.016981416874359
38 0.012188456901093
39 0.007997342683479
40 0.006664050705403
41 0.018133838252445
42 0.013733826277238
43 0.009549993700240
44 0.010485679855768
45 0.012054908881274
46 0.008528249277248
47 0.014101693345776
48 0.010337168688198
49 0.022853304481136
50 0.019167648987854
51 0.015523838877009
52 0.012022849001548
53 0.008651741141451
54 0.009082337635477
55 0.006051323672572
56 0.005180408559983
57 0.002507750372641
58 0.000327422252926
59 0.002726120304506
60 0.005458409960599
61 0.008101144566503
62 0.007996140238373
63 0.010511915240627
64 0.012815174653333
65 0.011855325125036
66 0.014200942941654
67 0.012105763500506
68 0.008641296242052
69 0.010023460702928
70 0.011010402641623
71 0.013202707461390
72 0.015329668172563
73 0.017402777738668
74 0.019103471440007
75 0.021070976869872
76 0.013806866284656
77 0.015621793869077
78 0.016357688190830
79 0.011065168226631
80 0.013010186949180
81 0.010420832916589
82 0.012321200017846
83 0.011821146077960
84 0.013664545108567
85 0.015464570067940
86 0.016338839327476
87 0.017561720749410
88 0.018413520330867
89 0.019762226284134
90 0.020490756794433
91 0.017628796355928
92 0.019165615456547
93 0.017839635468535
94 0.019422901748624
95 0.011819504394174
96 0.013328733392370
97 0.007187683367732
98 0.008121049076250
99 0.005022337391622
100 0.001666897932857
101 0.003300559006372
102 0.003465446762025
103 0.005025636046441
104 0.006579794441679
105 0.008104429058100
106 0.001781517015366
107 0.002342662534153
108 0.003732964319105
109 0.004724882549446
110 0.006186588808408
111 0.003343237577765
112 0.004707271473388
113 0.006081462016555
114 0.007488912496170
115 0.008297755362817
116 0.009660141383478
117 0.010998996610106
118 0.012011316168555
119 0.013310560689847
120 0.010606304877593
121 0.007041535984701
122 0.008349797980129
123 0.009459660738449
124 0.006307051337761
125 0.007555546806208
126 0.004329461254640
127 0.005607490177238
128 0.006804253610734
129 0.006902772794622
130 0.002873832868360
131 0.004123765821150
132 0.004218440074715
133 0.005232667788045
134 0.006133610114143
135 0.000281360576876
136 0.001491269709906
137 0.000878831293108
138 0.000033327872740
139 0.005321487250015
140 0.008063853195204
141 0.009431901953131
142 0.008191971060568
143 0.006969184262582
144 0.011130413817051
145 0.014014332571001
146 0.013670107523293
147 0.012443976674032
148 0.011233799504808
149 0.011042329489207
150 0.009857970386393
151 0.008886404139563
152 0.007731493591644
153 0.012011886155991
154 0.010887260291428
155 0.010409376330219
156 0.009474509300616
157 0.008590144147844
158 0.008036851880783
159 0.006938200614417
160 0.005853194420506
161 0.005770725301908
162 0.009259037918750
163 0.008224593635319
164 0.007158854415420
165 0.006110653815883
166 0.005344253931717
167 0.004445995986582
168 0.006157040424703
169 0.005466832822658
170 0.007466320638172
171 0.006490950958898
172 0.005484285704932
173 0.004499654251199
174 0.003516519061835
175 0.002754651956705
176 0.001795438398968
177 0.004846900381366
178 0.003883916637804
179 0.002931122808004
180 0.001988912904146
181 0.001057114276769
182 0.001090778596944
183 0.000176313854022
184 0.000493814818140
185 0.004036886915749
186 0.005436925110205
187 0.008401763269243
188 0.007635254204692
189 0.006753290197212
190 0.005840564748703
191 0.004937385528453
192 0.004195588229888
193 0.003310292061815
194 0.002442814079541
195 0.003134604648554
196 0.002268271656939
197 0.001466083345145
198 0.001476751020832
199 0.001239131474601
200 0.001165614280684
201 0.000372004938481
202 0.000428312085213
203 0.001246974978063
204 0.001233844709646
205 0.004306104224912
206 0.003545376812740
207 0.005107784963699
208 0.004282293544467
209 0.004365982670250
210 0.004905993731405
211 0.004543188187352
212 0.003871131118109
213 0.003070598257164
214 0.002344430732985
215 0.001821712296524
216 0.001061801349772
217 0.001155295081830
218 0.000550414724551
219 0.000365726792600
220 0.000347338301383
221 0.001099912448071
222 0.001773930185268
223 0.001549557221309
224 0.000637262745607
225 0.000106299075057
226 0.000552158231521
227 0.000940347012974
228 0.002855491147773
229 0.003101532601992
230 0.002374959486715
231 0.001666112760161
232 0.000986049743282
233 0.000471435664347
234 0.002049388220000
235 0.001335760626432
236 0.000624148861585
237 0.000008261754879
238 0.000282644000349
239 0.000623817005129
240 0.000647489819662
241 0.000038673452215
242 0.000403786348388
243 0.001085259304980
244 0.001759607026400
245 0.002087880861146
246 0.002331586060745
247 0.002988849095816
248 0.003639476016659
249 0.004287542130086
250 0.003241106402640
251 0.003875413003531
252 0.001396997945841
253 0.001772274826150
254 0.001548848438898
255 0.000895513580672
256 0.001512963719504
257 0.000859448440768
258 0.001697419702001
259 0.001058112060206
260 0.001255836596985
261 0.000784059193153
262 0.000428224029915
263 0.000207088898003
264 0.000836595271945
265 0.001414788161232
266 0.001828448055497
267 0.002387940061517
268 0.002048361738237
269 0.002640073799887
270 0.002596478027253
271 0.001399566498326
272 0.001731925846811
273 0.002184743495912
274 0.002785034756965
275 0.003156691726604
276 0.003749116215949
277 0.003259090609630
278 0.003846881230101
279 0.004429416161115
280 0.003234193421819
281 0.003811270863447
282 0.004384246775415
283 0.002220693861127
284 0.001535104069700
285 0.002114385188683
286 0.002688137020038
287 0.003195125963913
288 0.003012751623361
289 0.002470519507051
290 0.001377941304953
291 0.000309360348858
292 0.001157363835551
293 0.000584585576465
294 0.001595665284831
295 0.001025831956853
296 0.003586113887010
297 0.003342078678274
298 0.004525806636533
299 0.003953416977000
300 0.003385016400963
301 0.004538550896183
302 0.006702353340044
303 0.007092933049368
304 0.006521355418754
305 0.006740003695048
306 0.006173315852847
307 0.005770714824392
308 0.005241596085786
309 0.004686789472703
310 0.005846671383850
311 0.005292345970741
312 0.005120343820127
313 0.004583961186739
314 0.004048705847795
315 0.003526001245137
316 0.003007451060912
317 0.002596175817624
318 0.003600804167864
319 0.003326174861712
320 0.002797988021171
321 0.002270297021584
322 0.001745667408809
323 0.002633301932318
324 0.002500980911560
325 0.003457040394592
326 0.002998594594020
327 0.002481686549164
328 0.002020890925688
329 0.001652924604100
330 0.003482808461171
331 0.005531904856592
332 0.005517509880594
333 0.005000499397543
334 0.004495956357987
335 0.003985526255510
336 0.003543553750012
337 0.003045141193288
338 0.004735562935830
339 0.004230461154645
340 0.004347752310068
341 0.004593627479080
342 0.005170711390451
343 0.007365989404790
344 0.006861667026649
345 0.006365282655755
346 0.005865191023199
347 0.005383506548739
348 0.004889789908997
349 0.006752800610129
350 0.006317990884023
351 0.007056981570059
352 0.007259952814544
353 0.006784468686124
354 0.006301831447365
355 0.006031421615084
356 0.005576437616103
357 0.005106998734564
358 0.004635923021682
359 0.006588044715369
360 0.006123902774148
361 0.005973719861499
362 0.005498385711563
363 0.005024102118722
364 0.004554122586794
365 0.004262289417948
366 0.003795275634720
367 0.005269745829095
368 0.006000795277781
369 0.005845859977045
370 0.005530690492753
371 0.005066552691004
372 0.005894928362903
373 0.005457762569234
374 0.004997599581106
375 0.004723259845177
376 0.004282414978974
377 0.003860441194330
378 0.003409700542448
379 0.004476145460532
380 0.004585619627496
381 0.004136138561276
382 0.004383202593267
383 0.003937545502761
384 0.003496365261583
385 0.003055967051497
386 0.003100725660715
387 0.004942392194029
388 0.004500264774463
389 0.004111190387345
390 0.003679554198086
391 0.003347526396018
392 0.003858098706791
393 0.003435968553411
394 0.003005382089147
395 0.003171906065478
396 0.005047041171804
397 0.004644970715137
398 0.004917056319664
399 0.004744959206466
400 0.004320107387699
401 0.004078551555997
402 0.003653812207191
403 0.005335176556846
404 0.005401282472921
405 0.004993779901156
406 0.004716670391449
407 0.004295613790580
408 0.003888439589060
409 0.003474767722794
410 0.003123512347159
411 0.002710401112732
412 0.002492892248634
413 0.002083304952018
414 0.001763687818665
415 0.001371324864067
416 0.000972408284083
417 0.000579175241597
418 0.000179157126621
419 0.000189938187520
420 0.000346364062217
421 0.000450161405425
422 0.000054188224560
423 0.000827860086157
424 0.001154989297731
425 0.000895348462620
426 0.000953034042217
427 0.000612362971246
428 0.000249668858699
429 0.000760061408649
430 0.000603757772939
431 0.001707128452217
432 0.001325149492073
433 0.002029804673757
434 0.001642542493958
435 0.001885929279421
436 0.001503202154663
437 0.001119581804163
438 0.000740056759983
439 0.000368886031518
440 0.001501738815451
441 0.002114722247373
442 0.001732863917600
443 0.001352952895179
444 0.000974530344989
445 0.000795440096465
446 0.000426338684708
447 0.000055402107527
448 0.000218856897557
449 0.000463341129664
450 0.000091941112636
451 0.000048430634556
452 0.001080720546269
453 0.000710418802591
454 0.000341748099351
455 0.001228272984626
456 0.000937217015276
457 0.001961858473169
458 0.001593675377017
459 0.001531558168242
460 0.001195317855264
461 0.000832291406060
462 0.002551121432752
463 0.002185647482721
464 0.001823560774831
465 0.002215126875817
466 0.002309223604008
467 0.002339840965211
468 0.003501746574112
469 0.003138919005241
470 0.002969878867985
471 0.002609716490427
472 0.002254153794050
473 0.001898590076288
474 0.001612105403193
475 0.001291703414046
476 0.002761166166064
477 0.002405981009249
478 0.002825006029175
479 0.002485186167655
480 0.002506004555377
481 0.002827204936287
482 0.003729828588625
483 0.005113833494787
484 0.005191334286705
485 0.004837038632828
486 0.004489715800375
487 0.004285213174279
488 0.003937218092526
489 0.003712803583107
490 0.004060390490286
491 0.003712677543285
492 0.003431209575257
493 0.003170745455858
494 0.002849746114366
495 0.002541305080000
496 0.002378082325032
497 0.002245364990372
498 0.002953173873848
499 0.004587980460509
500 0.006117629631043
501 0.006516929051884
502 0.007357165368790
503 0.007141306793947
504 0.007006944878087
505 0.006701985785162
506 0.006409290944669
507 0.006067962229638
508 0.005768129778949
509 0.005433901278767
510 0.005773161332978
511 0.005795423227260
512 0.005458729339144
513 0.005608087571512
514 0.005792169984263
515 0.005957737387272
516 0.005623361796539
517 0.006476355549716
518 0.006142104152891
519 0.006543712482092
520 0.007488198489795
521 0.007415581973257
522 0.007163307712551
523 0.007288889462937
524 0.006960504387636
525 0.006633098069695
526 0.006737012493577
527 0.007545646742986
528 0.008934848489230
529 0.008718338306438
530 0.008393648195162
531 0.008153671018654
532 0.007976772662654
533 0.007795600403542
534 0.007469285794823
535 0.007207114182330
536 0.006882723290146
537 0.008071314104466
538 0.008252057882369
539 0.009545590335473
540 0.009264544836753
541 0.009009081299343
542 0.008727984298801
543 0.008546218154032
544 0.008401315260123
545 0.008080426570558
546 0.007987925882690
547 0.007668632718275
548 0.007350502617091
549 0.007679099490104
550 0.007362405565658
551 0.007048169078716
552 0.008315489167886
553 0.008085043100086
554 0.007769606960387
555 0.007456033306135
556 0.007142862982985
557 0.007558212674053
558 0.008132662564860
559 0.007822848234414
560 0.008977425524452
561 0.008866087784772
562 0.008553760937617
563 0.008244440322040
564 0.008709499288192
565 0.008399154948519
566 0.008723463090085
567 0.008436409547525
568 0.008272351855268
569 0.007967135519666
570 0.007875445794026
571 0.007569902939904
572 0.007265309668168
573 0.007304577528092
574 0.007127813655866
575 0.006826155660779
576 0.007427873460355
577 0.007128251878682
578 0.006832577008812
579 0.006542430561748
580 0.007090872242028
581 0.007381517711059
582 0.007429132308188
583 0.007673963039392
584 0.007377096434466
585 0.007089952190189
586 0.006946227652247
587 0.006751621914535
588 0.006475037911117
589 0.006190917117599
590 0.005915750218287
591 0.006351725329503
592 0.006067453866676
593 0.005800760458419
594 0.006017657017503
595 0.005735264880120
596 0.005446889697156
597 0.005165913911630
598 0.004878701900994
599 0.004904965645347
600 0.005646062472865
601 0.005360372531672
602 0.005079009925302
603 0.004979228630714
604 0.004696763527484
605 0.005069370557848
606 0.004785977757365
607 0.004773681752951
608 0.004502788245549
609 0.004221906419938
610 0.003941768297191
611 0.004511807490286
612 0.004257130039887
613 0.003978770702768
614 0.003700846538062
615 0.003431081109763
616 0.003154962681956
617 0.003100304511050
618 0.003322201974110
619 0.003215077872602
620 0.002968454317167
621 0.004179861396241
622 0.003905188600589
623 0.003825073188830
624 0.003712993167690
625 0.003444954216605
626 0.003195110911584
627 0.002924776527138
628 0.002656817934528
629 0.003272758876768
630 0.004398097850487
631 0.004494199375981
632 0.004223375390668
633 0.003991821789566
634 0.005027237875219
635 0.006016257357034
636 0.005918122436912
637 0.005672110697549
638 0.006423693361696
639 0.006160822397832
640 0.006315096761005
641 0.007436198105267
642 0.007682551866578
643 0.007787961964102
644 0.007547865112366
645 0.007309960192076
646 0.007088775094558
647 0.007767189158142
648 0.007507719012267
649 0.007246183587795
650 0.006978627658237
651 0.006711891423176
652 0.006534924020788
653 0.006526957472652
654 0.007220947409992
655 0.006955470880465
656 0.006795504557495
657 0.007020663930848
658 0.006766991189553
659 0.006513014698286
660 0.006466342894041
661 0.007501300649330
662 0.007238215490332
663 0.007396154862337
664 0.007362322932386
665 0.007132432748769
666 0.006887081170627
667 0.006646563948151
668 0.006393493855858
669 0.006166068958447
670 0.005937552092960
671 0.005680345563739
672 0.005624346611513
673 0.006719248017118
674 0.007649308953379
675 0.007399082917305
676 0.007143068788995
677 0.007102598659111
678 0.006846920989760
679 0.006591378427668
680 0.006640387412235
681 0.006395135423804
682 0.006142029874022
683 0.005890476622836
684 0.006038289641504
685 0.005805471068647
686 0.005650286619727
687 0.006609977795765
688 0.006358773672938
689 0.006113634101106
690 0.006914562864704
691 0.007602761177519
692 0.007384763839603
693 0.008245613795332
694 0.008126842622057
695 0.007881137372042
696 0.008155027368444
697 0.008125426706213
698 0.007875036096657
699 0.007894592755155
700 0.007692006524151
701 0.007445973579032
702 0.007198028294859
703 0.006951372110550
704 0.008039706096983
705 0.007946771232908
706 0.008164583126597
707 0.007957894302556
708 0.007798995880314
709 0.007552923135677
710 0.007307544030378
711 0.007485404420083
712 0.008082518714122
713 0.007837446844437
714 0.007634703551595
715 0.007393736355285
716 0.007150689092987
717 0.007323106324349
718 0.007080780736330
719 0.006851280700679
720 0.006953513688212
721 0.006712766116426
722 0.006472659491099
723 0.006233207912458
724 0.006190018053286
725 0.005960656564076
726 0.005767876919751
727 0.005551226373103
728 0.005356929801059
729 0.005191237438828
730 0.005325724651027
731 0.005090441281183
732 0.005428614052161
733 0.005720052590883
734 0.005590166031290
735 0.005356421989069
736 0.005261122638049
737 0.005853910085664
738 0.006111533384161
739 0.006805616086149
740 0.006573165811526
741 0.007157638535136
742 0.007016076000694
743 0.007056886862867
744 0.006823467548804
745 0.006604844350837
746 0.006400111276658
747 0.006168428843000
748 0.005937932374730
749 0.005707579911137
750 0.005478081547667
751 0.005421877771059
752 0.005193079315794
753 0.005022179764428
754 0.005594939475048
755 0.005376600915616
756 0.005149031375196
757 0.005213964116764
758 0.005149614265896
759 0.004923313735266
760 0.004699569924700
761 0.004481794911886
762 0.004273379893885
763 0.004092095565217
764 0.003868614841876
765 0.003645697254669
766 0.003423394302514
767 0.003201635312288
768 0.003644481994331
769 0.003424176873588
770 0.003203281010513
771 0.003130194633267
772 0.002910851111157
773 0.002691475279646
774 0.002745775062203
775 0.002789415464968
776 0.002715901159459
777 0.002497909745503
778 0.002498052855024
779 0.002280896972621
780 0.002874192319563
781 0.002659790171972
782 0.002722057090559
783 0.003532059555114
784 0.003320380047429
785 0.003113248977597
786 0.003263641906455
787 0.003082101862222
788 0.002878524852982
789 0.002903696626796
790 0.002696151612911
791 0.002482039330064
792 0.002431827950899
793 0.003166233380232
794 0.003868502872670
795 0.003654002036534
796 0.003453845625841
797 0.003349854776776
798 0.003195047112062
799 0.003123429696523
800 0.003779284343270
801 0.004747290171651
802 0.005283746746328
803 0.005096585797089
804 0.004882949922648
805 0.004670089122178
806 0.005356835756953
807 0.005366228816858
808 0.005155116331329
809 0.004949443448676
810 0.004737623822143
811 0.004699058626009
812 0.004488485782008
813 0.004282821636870
814 0.004072929154357
815 0.003892832427600
816 0.003694020744966
817 0.004172653480243
818 0.004407628252827
819 0.004199553717438
820 0.004296530516948
821 0.004088293298971
822 0.003882825452431
823 0.004490029996351
824 0.004283585706743
825 0.004115798408172
826 0.003911120838003
827 0.004641986783390
828 0.004468916117826
829 0.004308402082955
830 0.004829262142167
831 0.004627255173538
832 0.004423833860587
833 0.004231407955629
834 0.004124595985311
835 0.003934578909479
836 0.003730512046389
837 0.003527342625032
838 0.003325503515316
839 0.003122896572598
840 0.002920790601463
841 0.002835970682572
842 0.002636383349535
843 0.003409611889516
844 0.003210958661446
845 0.003014985768385
846 0.002814431966746
847 0.003472276913505
848 0.003271680873702
849 0.003183994471449
850 0.003712295907375
851 0.003512174422000
852 0.003321211333332
853 0.003904553219340
854 0.004098331368040
855 0.004052389611661
856 0.004457940764378
857 0.005358603720631
858 0.005852808071561
859 0.005652665117002
860 0.006068049307338
861 0.005871686951783
862 0.005703243933421
863 0.006387608978269
864 0.006188522777216
865 0.005988691591555
866 0.005794122815211
867 0.005615185007893
868 0.005417826553435
869 0.005220183911634
870 0.005636255342371
871 0.005440939708429
872 0.005262648801977
873 0.005066104989345
874 0.004869614403952
875 0.005710425043206
876 0.005688775966536
877 0.005492354462745
878 0.005297152945245
879 0.005445884752780
880 0.005350602329723
881 0.005698335558533
882 0.005617054273216
883 0.005823784584452
884 0.005656511026060
885 0.005461796282813
886 0.005870352867065
887 0.005675835745511
888 0.005493998141257
889 0.005492077698411
890 0.005298640907020
891 0.005105720334778
892 0.004913150599806
893 0.004727675269952
894 0.004631543025833
895 0.004971564149434
896 0.004780280936668
897 0.005606350746079
898 0.005414509969453
899 0.005949873524705
900 0.005758086933750
901 0.005566826341601
902 0.005501623690584
903 0.006091094367138
904 0.005918355978008
905 0.005733053839181
906 0.005554921938232
907 0.005374355366515
908 0.005299962458937
909 0.005977449121788
910 0.005787772111108
911 0.005696506021595
912 0.005519039691461
913 0.005330451250356
914 0.005143065810420
915 0.004955403848581
916 0.004963709027274
917 0.004777237589302
918 0.004591237329736
919 0.004672743174883
920 0.004591707949161
921 0.004448248250007
922 0.004262657239445
923 0.004348537430152
924 0.004164819424013
925 0.003980138879678
926 0.004108143244538
927 0.003937269805182
928 0.003753429370769
929 0.004633324395871
930 0.004495575537836
931 0.004323738820506
932 0.004229177874778
933 0.005028886167177
934 0.005533660134798
935 0.005349488715909
936 0.005172268395571
937 0.004990759783649
938 0.005794838360069
939 0.006304831594890
940 0.006183025834490
941 0.006778620662674
942 0.006855677126530
943 0.006677854446905
944 0.006498382279194
945 0.007094862440875
946 0.006912460589900
947 0.006737062902523
948 0.006621641892439
949 0.006492921634366
950 0.006310719329451
951 0.006206603175193
952 0.006242622833642
953 0.006062720501170
954 0.006241057447957
955 0.006452110980008
956 0.006401257737714
957 0.006618660067703
958 0.006540959453707
959 0.006377268860325
960 0.006216882079344
961 0.006897178877899
962 0.007535207844381
963 0.007356391792084
964 0.007186813963807
965 0.007152713761842
966 0.006993139776456
967 0.007553095715842
968 0.007396036034202
969 0.007281811278900
970 0.007102482951578
971 0.006929266741616
972 0.007196556276381
973 0.007415886698486
974 0.007237157222632
975 0.007223814642509
976 0.007047643855063
977 0.006870637685489
978 0.006695221988428
979 0.006951211995927
980 0.006786978638477
981 0.006610191183865
982 0.006465385299560
983 0.006390120929545
984 0.006740956302378
985 0.006761060641494
986 0.006585309418224
987 0.006423588953562
988 0.006809273506252
989 0.006724173451582
990 0.006549337811380
991 0.006375069464754
992 0.006206197182653
993 0.006032256036778
994 0.006506338983035
995 0.006445882280190
996 0.006392085540228
997 0.006218507711670
998 0.006266151160301
999 0.006094187968438
1000 0.005927075900558
1001 0.005764933822723
1002 0.005595696541248
1003 0.005430315294613
1004 0.005288747615250
1005 0.005142736761561
1006 0.005734071824872
1007 0.005563388261690
1008 0.005407816950421
1009 0.005257814995728
1010 0.005090590458981
1011 0.005003748222074
1012 0.004845543600682
1013 0.004702512323050
1014 0.004556456144862
1015 0.004509980661705
1016 0.004349462592392
1017 0.004421473929897
1018 0.004253412689834
1019 0.004286749372168
1020 0.005028602182879
1021 0.004862398887687
1022 0.004694562228869
1023 0.004549305698786
1024 0.005175546955534
1025 0.005068178885863
1026 0.004900797494987
1027 0.005568741175823
1028 0.005403668396787
1029 0.005353431934941
1030 0.005186613549205
1031 0.005055825629661
1032 0.004889449152703
1033 0.004723697830174
1034 0.004557943243664
1035 0.004713611585956
1036 0.004550793124315
1037 0.004387112471744
1038 0.004414380229492
1039 0.004641935559612
1040 0.004488134535394
1041 0.004325665803484
1042 0.004162620942261
1043 0.004697852812823
1044 0.004533737798905
1045 0.004387446313127
1046 0.004239993857106
1047 0.004125988727718
1048 0.004835349794759
1049 0.004672005167126
1050 0.004508874011329
1051 0.004358695983878
1052 0.004666748499628
1053 0.004631003288812
1054 0.004494599167475
1055 0.004584402562612
1056 0.004422767028880
1057 0.004261771796176
1058 0.004439688695671
1059 0.004278191177051
1060 0.004116923077136
1061 0.004827845764265
1062 0.005034523279186
1063 0.005245016779601
1064 0.005493899040183
1065 0.005333454078039
1066 0.005172103147547
1067 0.005648396548544
1068 0.005933197063241
1069 0.005891018084242
1070 0.005789764234006
1071 0.006103758147281
1072 0.006860183331393
1073 0.006817261416962
1074 0.006655736424954
1075 0.006503136501871
1076 0.006342205768704
1077 0.006352803252570
1078 0.006254719748243
1079 0.006880179128449
1080 0.006888281531709
1081 0.006820955179011
1082 0.007204485735007
1083 0.007047419252269
1084 0.006887166406087
1085 0.006727406040170
1086 0.006567807979208
1087 0.006408438637312
1088 0.006860794021409
1089 0.006810976750885
1090 0.007350824211419
1091 0.007193281269754
1092 0.007172361673914
1093 0.007013426999466
1094 0.007682982439176
1095 0.007524585973052
1096 0.007365652348381
1097 0.007324625169507
1098 0.007166164309299
1099 0.007007990711224
1100 0.007661095461545
1101 0.007522207437562
1102 0.007401065422930
1103 0.007265380980319
1104 0.007374386628090
1105 0.007597468316615
1106 0.007439921786493
1107 0.008054374925756
1108 0.008612036120401
1109 0.008812834370133
1110 0.008754088380331
1111 0.009171438152095
1112 0.009449008258228
1113 0.009291475958416
1114 0.009135170536374
1115 0.009127403969502
1116 0.009227943601426
1117 0.009083282168874
1118 0.008926170391408
1119 0.008771973814470
1120 0.009374395129054
1121 0.009217425679759
1122 0.009176559859382
1123 0.009310359969625
1124 0.009153798796073
1125 0.009604568945889
1126 0.009449028324070
1127 0.009292938023708
1128 0.009136953559366
1129 0.008981260220693
1130 0.008987878092978
1131 0.008832569103192
1132 0.008677534554473
1133 0.008525981714028
1134 0.008620645007489
1135 0.008614543272845
1136 0.008461454111625
1137 0.009185593617690
1138 0.009372588653101
1139 0.009499149657109
1140 0.009393214719654
1141 0.009238911583291
1142 0.009096747513137
1143 0.009083086182588
1144 0.008981029550348
1145 0.008829310846851
1146 0.009125780605608
1147 0.009107139119788
1148 0.009446382162904
1149 0.009293257950091
1150 0.009263421190318
1151 0.009878402200046
1152 0.009743727328336
1153 0.009592250352384
1154 0.009459085928317
1155 0.009308369183023
1156 0.009223115842367
1157 0.009310825668622
1158 0.009231673793416
1159 0.009102190668670
1160 0.008952054114487
1161 0.008801519246818
1162 0.008650545058262
1163 0.008515832652714
1164 0.008607400404958
1165 0.009032360010988
1166 0.008881764792076
1167 0.009152820855683
1168 0.009699874645845
1169 0.009898574592573
1170 0.010514218282915
1171 0.010786697996664
1172 0.010780642556459
1173 0.010630835602615
1174 0.010493711638525
1175 0.010477128573412
1176 0.010340010499828
1177 0.010274640832778
1178 0.010135810743056
1179 0.010009188685498
1180 0.009925273632823
1181 0.009782278020001
1182 0.009665372354186
1183 0.009852856264458
1184 0.010391442266370
1185 0.010245215030125
1186 0.010108677155225
1187 0.010228488642630
1188 0.010080566612256
1189 0.010098168944448
1190 0.010171077718474
1191 0.010075633020924
1192 0.009927566722676
1193 0.009889409028561
1194 0.009749525843320
1195 0.009604327838339
1196 0.009948832554106
1197 0.009806033688851
1198 0.009658801997604
1199 0.009607294166093
1200 0.010081809666254
1201 0.010073958639303
1202 0.009927118625823
1203 0.009784219850880
1204 0.009929935183335
1205 0.009789126334608
1206 0.009644334759852
1207 0.009537093609221
1208 0.009743960724495
1209 0.009598464507510
1210 0.009452795847832
1211 0.009403719048836
1212 0.009997634989801
1213 0.009906328225944
1214 0.009858279145294
1215 0.009826989493132
1216 0.009696697061360
1217 0.009640684640419
1218 0.009500484775586
1219 0.009571535984405
1220 0.009427087590115
1221 0.009282885572752
1222 0.009216236011715
1223 0.009073558007971
1224 0.009135176098801
1225 0.009048833184801
1226 0.009216875050729
1227 0.009105401235643
1228 0.008962546653790
1229 0.008820370779997
1230 0.009346269811309
1231 0.009210175402350
1232 0.009077020907434
1233 0.009112767784234
1234 0.009157115723892
1235 0.009419227244745
1236 0.009277234882506
1237 0.009135006163100
1238 0.008993128761446
1239 0.008851419901966
1240 0.008711045905937
1241 0.008570600622567
1242 0.009176462715034
1243 0.009035000326733
1244 0.009367930063160
1245 0.009229775784527
1246 0.009803970125290
1247 0.009662475690305
1248 0.009569942295993
1249 0.009429404859259
1250 0.009290220407935
1251 0.009155137399589
1252 0.009028202629884
1253 0.008887983277965
1254 0.008747990806370
1255 0.008684707284788
1256 0.008546072623223
1257 0.008406911360964
1258 0.008542178622529
1259 0.008403044053738
1260 0.008300540613122
1261 0.008161788158876
1262 0.008023314465084
1263 0.007885074821323
1264 0.007864148643822
1265 0.007774102361554
1266 0.007636313444490
1267 0.007524256598722
1268 0.007405941606546
1269 0.007280242839979
1270 0.007143471724933
1271 0.007006724911171
1272 0.006871373092272
1273 0.006763637775427
1274 0.006637171445478
1275 0.006501843076406
1276 0.006366220254757
1277 0.006230720750504
1278 0.006735942024078
1279 0.006624392722977
1280 0.006531107348245
1281 0.006395958861197
1282 0.006927786987609
1283 0.006858147265746
1284 0.006727202398378
1285 0.006757410010012
1286 0.006911934055975
1287 0.006797940977551
1288 0.006664640123684
1289 0.006552571093418
1290 0.006498684943076
1291 0.006364552215627
1292 0.006231010497990
1293 0.006097295339298
1294 0.005969037781544
1295 0.005835730223203
1296 0.005702759126403
1297 0.006226650995910
1298 0.006659923792428
1299 0.006601612932507
1300 0.006468343686394
1301 0.007075384535504
1302 0.007081517344615
1303 0.007232067982672
1304 0.007129433779169
1305 0.006998277333848
1306 0.006874845419652
1307 0.007221519987119
1308 0.007089886359089
1309 0.007109470486960
1310 0.007019530329076
1311 0.006887188152474
1312 0.006760732824546
1313 0.006628651963997
1314 0.006540607050489
1315 0.006553143081790
1316 0.007000190343258
1317 0.007085048665521
1318 0.006977149416577
1319 0.006845502877135
1320 0.007451526506956
1321 0.007319718639375
1322 0.007497509629329
1323 0.007391265716780
1324 0.007261957489022
1325 0.007283694000262
1326 0.007226397532955
1327 0.007098300868138
1328 0.007354975046557
1329 0.007224034190346
1330 0.007094659477575
1331 0.006979960468177
1332 0.006897396274341
1333 0.006769837041352
1334 0.006672565590045
1335 0.006546593023615
1336 0.006436286214889
1337 0.006348368595088
1338 0.006219059909900
1339 0.006092288453202
1340 0.005974078447276
1341 0.005852383454446
1342 0.006403012103193
1343 0.006832083387033
1344 0.006772506556979
1345 0.006923092680712
1346 0.006800197032197
1347 0.006676430481022
1348 0.007131773481918
1349 0.007002962086739
1350 0.007411674749439
1351 0.007283389369896
1352 0.007156786845929
1353 0.007530874097331
1354 0.007430460525896
1355 0.007316096608921
1356 0.007192661300179
1357 0.007070038603478
1358 0.007023106362942
1359 0.006910346322293
1360 0.006956693188383
1361 0.006880114309098
1362 0.007066687187301
1363 0.006997027984525
1364 0.006920077400968
1365 0.006818500087300
1366 0.006691696445410
1367 0.006665952203862
1368 0.006539263320475
1369 0.006469366978470
1370 0.006613790189912
1371 0.006668032531817
1372 0.006541695765474
1373 0.006415609454425
1374 0.006440244468220
1375 0.006561961587884
1376 0.006496806370410
1377 0.006718681535874
1378 0.007007152951230
1379 0.006881378181380
1380 0.006755619245052
1381 0.007015532162060
1382 0.007002766613651
1383 0.007114216884259
1384 0.006992334226179
1385 0.006866949592220
1386 0.006742144596719
1387 0.006617228586195
1388 0.006492384443983
1389 0.006410138318014
1390 0.006448200187035
1391 0.006328675476594
1392 0.006293121790818
1393 0.006219488537467
1394 0.006104993325200
1395 0.005981156312725
1396 0.005901789934533
1397 0.005862253001252
1398 0.006325941465368
1399 0.006274498975238
1400 0.006152256081984
1401 0.006028902104305
1402 0.005905875937126
1403 0.005806465059459
1404 0.005775046187446
1405 0.006212451423746
1406 0.006113037427973
1407 0.006283076308524
1408 0.006160471472450
1409 0.006467867675450
1410 0.006439743499788
1411 0.006317060474540
1412 0.006231060743980
1413 0.006108705688430
1414 0.006041204368380
1415 0.005942682458574
1416 0.006038059667917
1417 0.005918201605339
1418 0.005965866240433
1419 0.006180299783193
1420 0.006058637643869
1421 0.006217421450319
1422 0.006409521782752
1423 0.006336091322733
1424 0.006214997503651
1425 0.006094119668585
1426 0.006302273973053
1427 0.006287281568377
1428 0.006251346185614
1429 0.006200418563274
1430 0.006079532704597
1431 0.006018352290915
1432 0.005897804385568
1433 0.005777502813475
1434 0.005992661974413
1435 0.005876334552779
1436 0.005756464193415
1437 0.005636636387063
1438 0.005523784514303
1439 0.005421268950846
1440 0.005622899764239
1441 0.005534794176620
1442 0.005512383678737
1443 0.005538266534863
1444 0.005579071554992
1445 0.005459998242361
1446 0.005534056032168
1447 0.005415060213944
1448 0.005328920273133
1449 0.005580135976111
1450 0.005492866020223
1451 0.005847243697587
1452 0.005774531608886
1453 0.005807847087687
1454 0.005689226391670
1455 0.005571374534903
1456 0.005453206478975
1457 0.005335073694465
1458 0.005357637047290
1459 0.005242071908689
1460 0.005195515329368
1461 0.005239995008994
1462 0.005143471410968
1463 0.005082054036385
1464 0.004965135724885
1465 0.005489539480483
1466 0.005372764830441
1467 0.005258817450121
1468 0.005280363993916
1469 0.005403587398512
1470 0.005686859091736
1471 0.005836370930614
1472 0.005726579418054
1473 0.005755227884117
1474 0.005653041652075
1475 0.005536721001904
1476 0.005520111324557
1477 0.005406244918116
1478 0.005313494720010
1479 0.005197213395312
1480 0.005082208892521
1481 0.004966240880370
1482 0.004850429201863
1483 0.004870230010107
1484 0.004848903737250
1485 0.004819414916106
1486 0.004704017388314
1487 0.004591339535411
1488 0.004576808518668
1489 0.004463237969626
1490 0.004348413355706
1491 0.004233718771702
1492 0.004149132974096
1493 0.004125285800054
1494 0.004011679175592
1495 0.003897577278782
1496 0.003818439059486
1497 0.003704581295727
1498 0.004041120806824
1499 0.003927301151743
1500 0.003849191095819
1501 0.003741133454310
1502 0.003628170137327
1503 0.003527479281347
1504 0.003414318292340
1505 0.003350853946946
1506 0.003383525004387
1507 0.003319239470917
1508 0.003271417725287
1509 0.003229887308618
1510 0.003197507474073
1511 0.003085482848660
1512 0.002974853860919
1513 0.002967041367479
1514 0.002861158793545
1515 0.002749856268085
1516 0.002656964068815
1517 0.002693957108459
1518 0.002753266627171
1519 0.002704921823496
1520 0.002593508039961
1521 0.002589254906637
1522 0.002478105572305
1523 0.002375673617736
1524 0.002264882793689
1525 0.002154333156734
1526 0.002534048348467
1527 0.002492855335859
1528 0.002388232408848
1529 0.002321754086048
1530 0.002754697512442
1531 0.002751526033703
1532 0.002808986396259
1533 0.002737321155565
1534 0.002651443671114
1535 0.002541164605781
1536 0.003037142686437
1537 0.003253893287964
1538 0.003329879588478
1539 0.003221554267636
1540 0.003407101963399
1541 0.003296915525173
1542 0.003589305520550
1543 0.003498473776760
1544 0.003389434969047
1545 0.003280966906620
1546 0.003262755579542
1547 0.003153205165290
1548 0.003060919820571
1549 0.002986955572271
1550 0.003403085058542
1551 0.003778598312991
1552 0.003945512185518
1553 0.003839953072884
1554 0.003738296681933
1555 0.003642356333873
1556 0.003534359627485
1557 0.003433511844773
1558 0.003585810460958
1559 0.003484864401073
1560 0.003375794568119
1561 0.003382793325109
1562 0.003291752410686
1563 0.003186523893769
1564 0.003078137448392
1565 0.003022779366659
1566 0.002914648901403
1567 0.002806468138128
1568 0.002729774902249
1569 0.002784407427407
1570 0.002677572883539
1571 0.002570376010069
1572 0.002462909260667
1573 0.002578573265765
1574 0.002511510784796
1575 0.002404102221861
1576 0.002299145285079
1577 0.002458918772105
1578 0.002703360873111
1579 0.002596111549607
1580 0.002488987772252
1581 0.002381994950052
1582 0.002310287767964
1583 0.002203543320958
1584 0.002108395391247
1585 0.002001939331050
1586 0.001896780481844
1587 0.002347410474527
1588 0.002317162480568
1589 0.002262860882432
1590 0.002175575212240
1591 0.002074318207833
1592 0.001979670693715
1593 0.001902065651447
1594 0.002342037431219
1595 0.002243747546515
1596 0.002293784113144
1597 0.002188452500593
1598 0.002087543996103
1599 0.002003321753603
1600 0.001974210385024
1601 0.001882155307380
1602 0.001776943871691
1603 0.001671899011820
1604 0.001951821881116
1605 0.002099021119058
1606 0.001994571686476
1607 0.002170296523298
1608 0.002404170860611
1609 0.002299092653869
1610 0.002215764644511
1611 0.002190584085031
1612 0.002216347101195
1613 0.002544889392748
1614 0.002441714502598
1615 0.002647855767091
1616 0.003008391825207
1617 0.003318862022553
1618 0.003213962514456
1619 0.003110186169330
1620 0.003165262687975
1621 0.003087988239885
1622 0.003047232009717
1623 0.002944029394982
1624 0.002844907178517
1625 0.002810453099092
1626 0.002912083768425
1627 0.002807980000012
1628 0.002704219716536
1629 0.002635610435219
1630 0.002534746842093
1631 0.002556371504376
1632 0.002669147187081
1633 0.002565451036618
1634 0.002461881885364
1635 0.002406467840929
1636 0.002304305866361
1637 0.002224205450889
1638 0.002592429786056
1639 0.002494792088508
1640 0.002391644914757
1641 0.002300134821850
1642 0.002200231817746
1643 0.002097500900642
1644 0.002101341188617
1645 0.002210867354997
1646 0.002108672937725
1647 0.002010771667597
1648 0.001920865875964
1649 0.001902330128803
1650 0.001842955855555
1651 0.001919120612091
1652 0.001851432525537
1653 0.001790768468332
1654 0.001755275624672
1655 0.001696028117270
1656 0.002028925708252
1657 0.001927470265371
1658 0.001872169734760
1659 0.001771152328008
1660 0.001673369974634
1661 0.001579102258667
1662 0.001477871671343
1663 0.001398501678716
1664 0.001381666175983
1665 0.001581645042097
1666 0.001487482568958
1667 0.001566065572588
1668 0.001512233551138
1669 0.001429619945281
1670 0.001329053587903
1671 0.001228517583814
1672 0.001173758144752
1673 0.001073737231624
1674 0.000979399116172
1675 0.000880527646479
1676 0.000804609028358
1677 0.000709231868260
1678 0.000609600169166
1679 0.000680264776083
1680 0.000909211911224
1681 0.000810046178593
1682 0.000710476221683
1683 0.000626870499187
1684 0.000620769827091
1685 0.000521578957912
1686 0.000424334829611
1687 0.000743983106964
1688 0.000670317741344
1689 0.000719569107545
1690 0.000785134327966
1691 0.000697305920068
1692 0.000647193195737
1693 0.000592619900977
1694 0.000716144747172
1695 0.000617393826028
1696 0.000860490798354
1697 0.000969302901868
1698 0.001002021489690
1699 0.000911527100393
1700 0.000994889824309
1701 0.001115624769284
1702 0.001025141304923
1703 0.001082348871560
1704 0.001019142490695
1705 0.000922702581533
1706 0.000825071034567
1707 0.001109189825136
1708 0.001010992301586
1709 0.000913582061649
1710 0.001124393752412
1711 0.001033269032041
1712 0.000935313463372
1713 0.001129775154800
1714 0.001383662286505
1715 0.001285692769326
1716 0.001329726711797
1717 0.001231883812467
1718 0.001135325975585
1719 0.001038075276788
1720 0.001167023354606
1721 0.001350512736125
1722 0.001538402187637
1723 0.001440778816390
1724 0.001783766626943
1725 0.001776157971834
1726 0.001973355768830
1727 0.002410953880666
1728 0.002391694549046
1729 0.002320981596446
1730 0.002225568947109
1731 0.002189998692675
1732 0.002103987165053
1733 0.002006606163973
1734 0.001985604263135
1735 0.002106600247957
1736 0.002022788011844
1737 0.001945501749552
1738 0.001862273843011
1739 0.001765445111962
1740 0.001703141034158
1741 0.001614308688265
1742 0.001517708301196
1743 0.001710405296271
1744 0.001673003391772
1745 0.001626061516569
1746 0.001530067883387
1747 0.001435903610871
1748 0.001339788990583
1749 0.001524447841543
1750 0.001483480644073
1751 0.001396825996789
1752 0.001348778017031
1753 0.001418839060160
1754 0.001323020618925
1755 0.001229562021565
1756 0.001143462254872
1757 0.001158151242299
1758 0.001062936408713
1759 0.000992981832054
1760 0.000916693153577
1761 0.000873580841982
1762 0.000915587062239
1763 0.000820532182790
1764 0.000784264182384
1765 0.000689576655031
1766 0.000595044889105
1767 0.000506551911873
1768 0.000933918609363
1769 0.000839175923988
1770 0.000759704381415
1771 0.000694890125238
1772 0.000611862500060
1773 0.000677383600367
1774 0.000583728236592
1775 0.000802886832837
1776 0.000708593980595
1777 0.000617063146338
1778 0.000523106375871
1779 0.000430149201480
1780 0.000771916403391
1781 0.000764885718850
1782 0.000670964026297
1783 0.000751121083620
1784 0.000659150253259
1785 0.001084792085640
1786 0.001153919758630
1787 0.001582028621266
1788 0.001864541349429
1789 0.001772799646689
1790 0.001680050580934
1791 0.001738473905394
1792 0.001757180770679
1793 0.001663267343265
1794 0.001572038624796
1795 0.001586235539398
1796 0.001751524586583
1797 0.001657803022575
1798 0.001592320140977
1799 0.002030829692211
1800 0.001948524764361
1801 0.002138610675420
1802 0.002057400985740
1803 0.001975834434297
1804 0.001882351915076
1805 0.001808273773442
1806 0.001721715151878
1807 0.001638085822231
1808 0.001781654085752
1809 0.001813138222512
1810 0.001789175948872
1811 0.001720937885737
1812 0.001628327935412
1813 0.001620856165899
1814 0.001846057235887
1815 0.001978659193448
1816 0.001963441077479
1817 0.001882765434288
1818 0.001917732624699
1819 0.001829539755263
1820 0.001739809496675
1821 0.002035628174084
1822 0.001943036446722
1823 0.002314290277657
1824 0.002221759299093
1825 0.002183436976778
1826 0.002090967093994
1827 0.002000692077561
1828 0.002445893737720
1829 0.002353431981573
1830 0.002323330964968
1831 0.002383493850395
1832 0.002443168709525
1833 0.002373572580995
1834 0.002423286408916
1835 0.002377722491390
1836 0.002752207659127
1837 0.002715504732833
1838 0.002627512777639
1839 0.002583821030069
1840 0.002508188474712
1841 0.002621657059176
1842 0.002547349272077
1843 0.002456404970555
1844 0.002388163005491
1845 0.002467815938641
1846 0.002379347638137
1847 0.002572875214040
1848 0.002767404990106
1849 0.002675801084156
1850 0.002814640330484
1851 0.002761392410657
1852 0.002671314165607
1853 0.002580175676202
1854 0.002537755697278
1855 0.002564333473802
1856 0.002566322244768
1857 0.002739403157518
1858 0.002648244350614
1859 0.002557556790537
1860 0.002471552538323
1861 0.002383800612943
1862 0.002293044950862
1863 0.002296560110015
1864 0.002205914611036
1865 0.002203159185588
1866 0.002113495349913
1867 0.002317076640235
1868 0.002302849612120
1869 0.002212675953596
1870 0.002122834104636
1871 0.002107983170678
1872 0.002156008586737
1873 0.002077518411913
1874 0.002277388696583
1875 0.002270450518361
1876 0.002419526033473
1877 0.002375900277786
1878 0.002468958492392
1879 0.002379682256200
1880 0.002669711783348
1881 0.002924754362090
1882 0.002844279422158
1883 0.002993018621728
1884 0.002903071043129
1885 0.002936033035143
1886 0.002882843121655
1887 0.002868483672553
1888 0.002908704365213
1889 0.002960029921850
1890 0.002872437301463
1891 0.002936094230447
1892 0.002990407203584
1893 0.002901169753791
1894 0.002811640810132
1895 0.002784841711996
1896 0.002734210670430
1897 0.002655943609979
1898 0.002570355749308
1899 0.002481274708054
1900 0.002406133933427
1901 0.002521446595383
1902 0.002434845803896
1903 0.002673397953274
1904 0.002984453308035
1905 0.002908156972762
1906 0.002819967844300
1907 0.003010151414769
1908 0.002953815266568
1909 0.002865150093672
1910 0.002781491150690
1911 0.002692821350131
1912 0.002630553335418
1913 0.002826776982939
1914 0.002946438141002
1915 0.002858764583620
1916 0.002788644136064
1917 0.003074149439540
1918 0.003211123685678
1919 0.003627168837590
1920 0.003740140963367
1921 0.003651555057287
1922 0.003757857734199
1923 0.003675040411717
1924 0.003595556947489
1925 0.003799717481835
1926 0.003711535114466
1927 0.003623197456871
1928 0.003534872838690
1929 0.003446639841668
1930 0.003525725913183
1931 0.003445323233036
1932 0.003357647882660
1933 0.003373921675126
1934 0.003286545291737
1935 0.003278731651061
1936 0.003194632167431
1937 0.003174452432469
1938 0.003112217684489
1939 0.003223947836630
1940 0.003136375421161
1941 0.003048971222890
1942 0.002966949106232
1943 0.002890430561127
1944 0.002803251104879
1945 0.002716221571106
1946 0.002755450864260
1947 0.002668619855560
1948 0.002987868331944
1949 0.003374186454334
1950 0.003575530169088
1951 0.003539940796666
1952 0.003452744901014
1953 0.003746037706499
1954 0.003687499035379
1955 0.003600363593070
1956 0.003514469399758
1957 0.003428989794663
1958 0.003409473730012
1959 0.003327584848586
1960 0.003241251482698
1961 0.003158600788647
1962 0.003072049106345
1963 0.002985582570117
1964 0.003077026569876
1965 0.002990762692699
1966 0.002914884084039
1967 0.002829413887990
1968 0.002744372679935
1969 0.002667763465566
1970 0.002706808908012
1971 0.002892185982640
1972 0.002806211935324
1973 0.002760888201344
1974 0.002675168261300
1975 0.002834668811415
1976 0.002762793630793
1977 0.003115224045624
1978 0.003224287797454
1979 0.003238694351451
1980 0.003162198614559
1981 0.003077556552989
1982 0.003276647540691
1983 0.003195256087710
1984 0.003126638063535
1985 0.003079745435583
1986 0.003024619659791
1987 0.002960948012397
1988 0.002875622359501
1989 0.002790382396832
1990 0.002705586667952
1991 0.002640925221843
1992 0.002661321448456
1993 0.002576436332174
1994 0.002491560186327
1995 0.002409220522894
1996 0.002324513187551
1997 0.002278753261741
1998 0.002636760789516
1999 0.002768663838741
2000 0.002822284645944
2001 0.002748348668313
2002 0.003097140598495
2003 0.003014897174973
2004 0.002930781556256
2005 0.002848151434512
2006 0.002765659485215
2007 0.002688829158388
2008 0.002606370442465
2009 0.002522116406187
2010 0.002437950252529
2011 0.002662358074640
2012 0.002578198545166
2013 0.002684139567903
2014 0.002600054757345
2015 0.002530907007278
2016 0.002639944568891
2017 0.002578742354536
2018 0.002517005429408
2019 0.002547075910073
2020 0.002464897166543
2021 0.002390748409374
2022 0.002307420081315
2023 0.002233749706751
2024 0.002428424680883
2025 0.002458454097616
2026 0.002389432843333
2027 0.002473452559260
2028 0.002407481657683
2029 0.002426398763064
2030 0.002385337265267
2031 0.002303592567966
2032 0.002220438016866
2033 0.002218297941376
2034 0.002304018167569
2035 0.002251497390525
2036 0.002248483335700
2037 0.002165559850143
2038 0.002096176894145
2039 0.002014319468166
2040 0.002062294489127
2041 0.002174737643156
2042 0.002104517300777
2043 0.002022068813568
2044 0.002112009518388
2045 0.002362266516224
2046 0.002719712174337
2047 0.002637332675649
2048 0.002561499777515
2049 0.002640219730552
2050 0.002559549636725
2051 0.002478437584444
2052 0.002804668675102
2053 0.002727365020885
2054 0.002723010041712
2055 0.003093954230067
2056 0.003013875839457
2057 0.002934062782262
2058 0.002858298677057
2059 0.002778581411897
2060 0.002939588642006
2061 0.002949559259226
2062 0.002868030065518
2063 0.002787128774421
2064 0.002900667881710
2065 0.002875682392806
2066 0.002793619336317
2067 0.002711654296071
2068 0.002629750795079
2069 0.002595970476807
2070 0.002517984755574
2071 0.002444852357258
2072 0.002408841329866
2073 0.002330104810177
2074 0.002249128080259
2075 0.002179106450211
2076 0.002130355918654
2077 0.002049090796861
2078 0.002248991473087
2079 0.002642977637463
2080 0.002561578772121
2081 0.002480329683115
2082 0.002649756467801
2083 0.002568471627989
2084 0.002487470798309
2085 0.002406341882794
2086 0.002326059822150
2087 0.002245141181679
2088 0.002200362251481
2089 0.002122708622535
2090 0.002042660965598
2091 0.002420908472323
2092 0.002630256896330
2093 0.002549964916978
2094 0.002657274674731
2095 0.002924997760912
2096 0.002844124162797
2097 0.002763289261960
2098 0.002909974297688
2099 0.002846793502052
2100 0.002766114873376
2101 0.002728000430538
2102 0.002668954627494
2103 0.002588549582855
2104 0.002515142761881
2105 0.002435698434231
2106 0.002378100508373
2107 0.002298557825819
2108 0.002271649796072
2109 0.002191918987735
2110 0.002113150299998
2111 0.002035269000149
2112 0.002177000847236
2113 0.002097094373008
2114 0.002345551434207
2115 0.002270217482128
2116 0.002190379838413
2117 0.002110618835648
2118 0.002361541234451
2119 0.002282139899666
2120 0.002213938420385
2121 0.002346604794476
2122 0.002272348407372
2123 0.002192787566528
2124 0.002113313057134
2125 0.002053101654964
2126 0.001973741929015
2127 0.002067440760114
2128 0.001988149733353
2129 0.001912511629125
2130 0.001834425910115
2131 0.002069208666747
2132 0.001990066098344
2133 0.001941271144741
2134 0.001862433862161
2135 0.001783744968854
2136 0.001725034232838
2137 0.001927354532098
2138 0.002114197364441
2139 0.002133435492224
2140 0.002054930268907
2141 0.002156894651318
2142 0.002089238578004
2143 0.002033054620061
2144 0.001954411086672
2145 0.001939193647822
2146 0.001860761425979
2147 0.001782468829561
2148 0.001713224324100
2149 0.001638031120888
2150 0.001559771023880
2151 0.001577381880545
2152 0.001499201560588
2153 0.001421093984571
2154 0.001343059609913
2155 0.001366484503030
2156 0.001289802212814
2157 0.001212334642906
2158 0.001134592028422
2159 0.001177992211614
2160 0.001558216913140
2161 0.001484761448895
2162 0.001407074725924
2163 0.001351856914295
2164 0.001323761319831
2165 0.001300804410847
2166 0.001547085086364
2167 0.001469879611891
2168 0.001523912448998
2169 0.001462999261662
2170 0.001437014534689
2171 0.001425720768032
2172 0.001348391855295
2173 0.001299242253947
2174 0.001595078403852
2175 0.001517800982806
2176 0.001441073633239
2177 0.001570456785564
2178 0.001496411716105
2179 0.001419527217737
2180 0.001534025478782
2181 0.001588094952166
2182 0.001510984612708
2183 0.001433948388984
2184 0.001356979302674
2185 0.001280396058743
2186 0.001204654409730
2187 0.001127895689851
2188 0.001051402390864
2189 0.000992980568435
2190 0.000917522654918
2191 0.000979498534568
2192 0.001076970182358
2193 0.001000480879937
2194 0.000926080446397
2195 0.001219248456310
2196 0.001142798207992
2197 0.001067211971670
2198 0.000993945184431
2199 0.000921817919684
2200 0.000846805273494
2201 0.000780171928221
2202 0.000734368431207
2203 0.000662173754670
2204 0.000586253691794
2205 0.000510402028736
2206 0.000438768757737
2207 0.000363055475285
2208 0.000287408479903
2209 0.000213900756715
2210 0.000156286047446
2211 0.000370443812193
2212 0.000297094154875
2213 0.000236199811524
2214 0.000464485318546
2215 0.000408187628393
2216 0.000334914625239
2217 0.000272772779957
2218 0.000201557934224
2219 0.000378546492677
2220 0.000324094213532
2221 0.000498089845148
2222 0.000545232506893
2223 0.000617020903546
2224 0.000609821192615
2225 0.000551014695670
2226 0.000477960164300
2227 0.000402906449670
2228 0.000595633936449
2229 0.000662259653035
2230 0.000692972553774
2231 0.001028768695167
2232 0.001252400410721
2233 0.001177761134544
2234 0.001103812907510
2235 0.001045832427849
2236 0.001143473421508
2237 0.001107975007202
2238 0.001033010607227
2239 0.000966307537667
2240 0.000891474467185
2241 0.000881441057209
2242 0.000810532198215
2243 0.000735869690300
2244 0.000664672245122
2245 0.000606021970317
2246 0.000880242486885
2247 0.000809079530274
2248 0.000739040891022
2249 0.000898568734989
2250 0.000826177099765
2251 0.000751768906479
2252 0.000677426943255
2253 0.001010733238846
2254 0.000936468644195
2255 0.000886880715562
2256 0.000843177470437
2257 0.000825473277569
2258 0.000756851294507
2259 0.000878526683773
2260 0.000807808691796
2261 0.000735576727614
2262 0.000688219826006
2263 0.000614441938860
2264 0.000577775235961
2265 0.000509222810639
2266 0.000666464557642
2267 0.000716931570314
2268 0.000727667478611
2269 0.000738641122258
2270 0.001028211488034
2271 0.000954736111961
2272 0.001080953322408
2273 0.001015186200967
2274 0.001374993094313
2275 0.001559234853511
2276 0.001840701547205
2277 0.001796254254155
2278 0.001970539519758
2279 0.001939469817933
2280 0.001927474098832
2281 0.001862700089662
2282 0.001943036672474
2283 0.001919981190208
2284 0.001912839749546
2285 0.001856376638001
2286 0.001783550437673
2287 0.001712989040567
2288 0.001660338395521
2289 0.001626881218269
2290 0.001954038675900
2291 0.001882243384448
2292 0.001974485988094
2293 0.001936368803322
2294 0.002196790631436
2295 0.002123222561058
2296 0.002078944805195
2297 0.002006882753167
2298 0.001933703343365
2299 0.001912213872631
2300 0.001876994309383
2301 0.001803748152779
2302 0.001731575269175
2303 0.001775895771971
2304 0.001954715373681
2305 0.001882006542819
2306 0.001809308024580
2307 0.001744831528195
2308 0.001673697242521
2309 0.001604813668433
2310 0.001531985650806
2311 0.001459204685498
2312 0.001449369505865
2313 0.001497396628042
2314 0.001424724808895
2315 0.001767470112603
2316 0.001694747920505
2317 0.001930872101869
2318 0.001932375478783
2319 0.002270145228051
2320 0.002270966133424
2321 0.002543968498919
2322 0.002472291212351
2323 0.002475194257053
2324 0.002443219275665
2325 0.002720995910294
2326 0.002648254392555
2327 0.002590418667177
2328 0.002528542674404
2329 0.002679673060607
2330 0.002706039167484
2331 0.002948061906946
2332 0.003153644244998
2333 0.003081741256596
2334 0.003126342304694
2335 0.003095925403789
2336 0.003023255738007
2337 0.003335231663766
2338 0.003388764738205
2339 0.003665971312567
2340 0.003597170017620
2341 0.003524646370203
2342 0.003865206319893
2343 0.003810096319535
2344 0.003740260341002
2345 0.003667647090155
2346 0.003603720964710
2347 0.003536628556657
2348 0.003464141294399
2349 0.003391842139104
2350 0.003325222506088
2351 0.003254018993900
2352 0.003434227813206
2353 0.003381044240738
2354 0.003449717041382
2355 0.003431266850012
2356 0.003359222571940
2357 0.003288375389863
2358 0.003626846107274
2359 0.003554697657466
2360 0.003482589122195
2361 0.003410730815011
2362 0.003460315776897
2363 0.003390732500984
2364 0.003361698047423
2365 0.003332830758607
2366 0.003263174880229
2367 0.003254317405964
2368 0.003225055511926
2369 0.003320148415830
2370 0.003398254985745
2371 0.003338221972796
2372 0.003268633104006
2373 0.003267657823145
2374 0.003196076391399
2375 0.003204357160682
2376 0.003138139699080
2377 0.003084291778298
2378 0.003225586720741
2379 0.003154216116239
2380 0.003087152054764
2381 0.003020458194220
2382 0.002949567617380
2383 0.002878643469385
2384 0.002807846731509
2385 0.002739925234390
2386 0.002675510001667
2387 0.002621217945459
2388 0.002572628649266
2389 0.002505802923110
2390 0.002818180003487
2391 0.003020480446968
2392 0.002958208595701
2393 0.002887325057427
2394 0.002816627317425
2395 0.002963614528998
2396 0.002892822301010
2397 0.003180937844789
2398 0.003119361188496
2399 0.003064262630690
2400 0.002994108851831
2401 0.002962404645890
2402 0.002892327589974
2403 0.002821782017863
2404 0.002751477554471
2405 0.002681157706010
2406 0.002681652830469
2407 0.002611492202044
2408 0.002702688700496
2409 0.002930832521986
2410 0.002934923919216
2411 0.003106423430280
2412 0.003059712010752
2413 0.003006779248964
2414 0.003070090514208
2415 0.003001757032064
2416 0.002931532795782
2417 0.002861363908955
2418 0.002919109560912
2419 0.003211181606840
2420 0.003268319042543
2421 0.003354948627269
2422 0.003377646064440
2423 0.003307611086136
2424 0.003494036892886
2425 0.003424093544476
2426 0.003533760934817
2427 0.003463950885590
2428 0.003643798145900
2429 0.003573682687005
2430 0.003503624985848
2431 0.003669642133048
2432 0.003599988694287
2433 0.003713416337857
2434 0.003821130064010
2435 0.004038109410518
2436 0.003999276962232
2437 0.003929457604376
2438 0.003859495272294
2439 0.003789579079522
2440 0.003723522762295
2441 0.003705706733489
2442 0.003822260279714
2443 0.003882619026080
2444 0.004168507599561
2445 0.004327625103622
2446 0.004314268696963
2447 0.004362120817029
2448 0.004292266880029
2449 0.004417600612649
2450 0.004348066982615
2451 0.004421867464898
2452 0.004352375148032
2453 0.004299227032788
2454 0.004229656615754
2455 0.004161024586243
2456 0.004091469472849
2457 0.004171945677543
2458 0.004102576533862
2459 0.004033134010067
2460 0.003967719157060
2461 0.003948318221749
2462 0.004009434061180
2463 0.003997798621045
2464 0.003941211638843
2465 0.003871999528099
2466 0.003811917840285
2467 0.003742823138647
2468 0.003673900135130
2469 0.003611961860201
2470 0.003543025081264
2471 0.003479124980999
2472 0.003421955832696
2473 0.003353183792089
2474 0.003284497525351
2475 0.003222465220087
2476 0.003541441670457
2477 0.003629226972928
2478 0.003560504439448
2479 0.003652605125039
2480 0.003670228259877
2481 0.003601762282373
2482 0.003618534460510
2483 0.003550727439336
2484 0.003503406686900
2485 0.003798246567481
2486 0.003755141131862
2487 0.003686616462582
2488 0.003704892990259
2489 0.003652449703608
2490 0.003700507972976
2491 0.003636585208667
2492 0.003574844949652
2493 0.003528796613132
2494 0.003464423311054
2495 0.003498249610978
2496 0.003445086478644
2497 0.003508986638943
2498 0.003462416953114
2499 0.003394358001339
2500 0.003384746555469
2501 0.003459367381058
2502 0.003391404533423
2503 0.003598528600387
2504 0.003629311249973
2505 0.003561339180092
2506 0.003732993664057
2507 0.003665244166257
2508 0.003603859249329
2509 0.003535997841387
2510 0.003485120759923
2511 0.003557539464696
2512 0.003507366217897
2513 0.003439649706113
2514 0.003483429541020
2515 0.003424565133490
2516 0.003362785621695
2517 0.003413103553656
2518 0.003411089420058
2519 0.003353181233837
2520 0.003288256945962
2521 0.003240438362730
2522 0.003322900685307
2523 0.003260108509034
2524 0.003302094556122
2525 0.003554947860220
2526 0.003725198731834
2527 0.003668279536047
2528 0.003611731733877
2529 0.003545471136294
2530 0.003567775866384
2531 0.003892803790420
2532 0.003826054137267
2533 0.003758923349353
2534 0.003691682140104
2535 0.003624487351964
2536 0.003557338203661
2537 0.003490344285762
2538 0.003567050075766
2539 0.003543284582577
2540 0.003822490006356
2541 0.003761232266643
2542 0.003694725973845
2543 0.003670910880742
2544 0.003604267781391
2545 0.003583101849911
2546 0.003816166501823
2547 0.003749279451727
2548 0.003682685779662
2549 0.003615856993668
2550 0.003666958888158
2551 0.003622392341946
2552 0.003645624002512
2553 0.003653837724887
2554 0.003656487789318
2555 0.003785982514810
2556 0.003738102637950
2557 0.003750045347714
2558 0.003683424523050
2559 0.003616855520715
2560 0.003550346985373
2561 0.003485642424389
2562 0.003424358981139
2563 0.003361893362339
2564 0.003353056658333
2565 0.003287090471927
2566 0.003233182891298
2567 0.003171706744219
2568 0.003108793106447
2569 0.003042707609340
2570 0.002976672855843
2571 0.002910689458943
2572 0.003077141342660
2573 0.003232278310751
2574 0.003178408891496
2575 0.003175127655938
2576 0.003131123142635
2577 0.003207966025926
2578 0.003178138200423
2579 0.003356442425841
2580 0.003291343692202
2581 0.003226067337398
2582 0.003190769405261
2583 0.003125079944497
2584 0.003059371332283
2585 0.002993950721777
2586 0.002967377662209
2587 0.003185062759828
2588 0.003132972674304
2589 0.003077253912335
2590 0.003192821590800
2591 0.003128198843646
2592 0.003132407123726
2593 0.003163189485773
2594 0.003161657657621
2595 0.003096262127164
2596 0.003133299575434
2597 0.003085832304868
2598 0.003021443826506
2599 0.002957824023788
2600 0.003255442371425
2601 0.003190588535199
2602 0.003156696103179
2603 0.003091587475211
2604 0.003234794320913
2605 0.003171036783067
2606 0.003110327744569
2607 0.003047171643036
2608 0.003007717697493
2609 0.002942690545656
2610 0.002878355956491
2611 0.002823373935177
2612 0.002758492485850
2613 0.002730963214407
2614 0.002666308527681
2615 0.002601577902950
2616 0.002541534970007
2617 0.002490529101122
2618 0.002425916066639
2619 0.002361499780505
2620 0.002300459170402
2621 0.002236006789630
2622 0.002508603944811
2623 0.002585377665050
2624 0.002810539952445
2625 0.002797153140757
2626 0.002732823524075
2627 0.002680562010439
2628 0.002631856246419
2629 0.002567757687659
2630 0.002758522952282
2631 0.002694382563071
2632 0.002640106878221
2633 0.002821019446347
2634 0.003106183408897
2635 0.003059961077558
2636 0.002995573639682
2637 0.002960818195538
2638 0.002896535141407
2639 0.002963918005632
2640 0.002899664754812
2641 0.002913840078256
2642 0.003158323371637
2643 0.003102807660908
2644 0.003038898971140
2645 0.002974776811623
2646 0.003200079809029
2647 0.003136377098192
2648 0.003084767006293
2649 0.003134191145999
2650 0.003072000963235
2651 0.003014055015810
2652 0.003146807279520
2653 0.003085616275087
2654 0.003029650994372
2655 0.002965736237531
2656 0.003112301537138
2657 0.003256850898371
2658 0.003195749242011
2659 0.003145610604268
2660 0.003256831007783
2661 0.003476157108127
2662 0.003415136883171
2663 0.003351307612572
2664 0.003287628268398
2665 0.003258328709485
2666 0.003194590915306
2667 0.003130900905007
2668 0.003067263815288
2669 0.003003669236633
2670 0.002941953667633
2671 0.002922165713749
2672 0.002859818113037
2673 0.002796396497511
2674 0.002734834352975
2675 0.002676424284069
2676 0.002613142197161
2677 0.002552476093603
2678 0.002489291720630
2679 0.002483221282163
2680 0.002601765820705
2681 0.002602832970228
2682 0.002540545925308
2683 0.002486111565489
2684 0.002563652713685
2685 0.002550750058220
2686 0.002488744072708
2687 0.002627026711093
2688 0.002636628196228
2689 0.002573704961246
2690 0.002513303596203
2691 0.002471448566569
2692 0.002434044090400
2693 0.002531564469470
2694 0.002478799305863
2695 0.002419227219322
2696 0.002364500028567
2697 0.002326086691025
2698 0.002263450393036
2699 0.002220607775650
2700 0.002192144129555
2701 0.002134109633305
2702 0.002242743683387
2703 0.002208886678794
2704 0.002326154537946
2705 0.002263841030257
2706 0.002503748582887
2707 0.002809720564410
2708 0.002747155589819
2709 0.002685851411503
2710 0.002708838358079
2711 0.002646396639905
2712 0.002584138493007
2713 0.002577489537240
2714 0.002593712134586
2715 0.002655713424038
2716 0.002593371272592
2717 0.002531091629518
2718 0.002469384227675
2719 0.002407386241939
2720 0.002402624604177
2721 0.002383118501050
2722 0.002377229366984
2723 0.002521048858813
2724 0.002459900660991
2725 0.002400576540229
2726 0.002351958794679
2727 0.002630898705974
2728 0.002568849261632
2729 0.002566029206339
2730 0.002504094518443
2731 0.002453394943310
2732 0.002407740971315
2733 0.002367720401164
2734 0.002474616493726
2735 0.002412773502383
2736 0.002494633046613
2737 0.002432841068490
2738 0.002371080841599
2739 0.002384763849401
2740 0.002408851474536
2741 0.002362574723213
2742 0.002301705189875
2743 0.002267923289698
2744 0.002210871436738
2745 0.002152186355582
2746 0.002090708265411
2747 0.002031276778914
2748 0.001975045723203
2749 0.002184742017167
2750 0.002147485603741
2751 0.002086121704802
2752 0.002137952208250
2753 0.002076807875152
2754 0.002021766749317
2755 0.001960537815708
2756 0.001910025030956
2757 0.002165998353944
2758 0.002198937979007
2759 0.002137732854504
2760 0.002076571866055
2761 0.002015455167581
2762 0.001954385264238
2763 0.001894127118631
2764 0.002000319087277
2765 0.001939361570525
2766 0.001878436239532
2767 0.001998085817857
2768 0.001937152443669
2769 0.001910060269649
2770 0.001852829664845
2771 0.001887086864808
2772 0.001882214652739
2773 0.001821602412455
2774 0.001761083052074
2775 0.001723807395520
2776 0.001675452933826
2777 0.001707015616534
2778 0.001738759748490
2779 0.001865767910136
2780 0.001807897794106
2781 0.001784556766455
2782 0.001933070741377
2783 0.001943428881339
2784 0.001930858399538
2785 0.002127473270472
2786 0.002066888728073
2787 0.002105680768732
2788 0.002049311891973
2789 0.001993306746135
2790 0.001954563701627
2791 0.001894147956630
2792 0.001987482175947
2793 0.001927192708405
2794 0.002050656682382
2795 0.001990596656108
2796 0.001931763368223
2797 0.001871485665410
2798 0.001811250443921
2799 0.001878428486786
2800 0.002019372654799
2801 0.001959149149151
2802 0.001899088308864
2803 0.001839169587928
2804 0.001780377377902
2805 0.001722053690057
2806 0.001678858590503
2807 0.001618905594280
2808 0.001561414846086
2809 0.001504929352047
2810 0.001445194753644
2811 0.001412328373957
2812 0.001502063824458
2813 0.001680436498276
2814 0.001620623390840
2815 0.001560842733480
2816 0.001501319358018
2817 0.001445605822231
2818 0.001385949231695
2819 0.001326667286529
2820 0.001267655036011
2821 0.001208400934964
2822 0.001149595380606
2823 0.001176483278089
2824 0.001140833615924
2825 0.001081433329522
2826 0.001022075133249
2827 0.001000555484491
2828 0.000959473446602
2829 0.000901004720990
2830 0.000841794849341
2831 0.000784309201498
2832 0.000813437761377
2833 0.000814114568159
2834 0.000768510608513
2835 0.000732441230745
2836 0.000673417558251
2837 0.000614432719084
2838 0.000557388596018
2839 0.000508154969942
2840 0.000455032653267
2841 0.000397333371916
2842 0.000680945724191
2843 0.000630074163110
2844 0.000621463758563
2845 0.000567567808874
2846 0.000525509717858
2847 0.000476722219868
2848 0.000427660191575
2849 0.000370349315482
2850 0.000324892774977
2851 0.000266540575323
2852 0.000208321955918
2853 0.000224337082295
2854 0.000213070388895
2855 0.000154973386632
2856 0.000145945601741
2857 0.000099270251075
2858 0.000041142252977
2859 0.000106089370282
2860 0.000283575146987
2861 0.000225242647392
2862 0.000280284531479
2863 0.000221973082954
2864 0.000166687161673
2865 0.000112620784603
2866 0.000147500425894
2867 0.000108580299797
2868 0.000050430131932
2869 0.000111618494750
2870 0.000053619498085
2871 0.000004450956383
2872 0.000062480325409
2873 0.000120468336179
2874 0.000137575587289
2875 0.000153652714818
2876 0.000210395024380
2877 0.000089307721987
2878 0.000078349739178
2879 0.000129009000293
2880 0.000186813450508
2881 0.000106569307771
2882 0.000114317563846
2883 0.000154576563772
2884 0.000166322354692
2885 0.000224034764259
2886 0.000281463143502
2887 0.000280828687684
2888 0.000252169506294
2889 0.000308100009955
2890 0.000361092748719
2891 0.000387133932027
2892 0.000444627958794
2893 0.000502082578104
2894 0.000243957239819
2895 0.000294658403007
2896 0.000163814628028
2897 0.000220880029112
2898 0.000278273287901
2899 0.000335618513295
2900 0.000096705708972
2901 0.000154120924139
2902 0.000190854132983
2903 0.000247446825754
2904 0.000014928837704
2905 0.000065162038852
2906 0.000122186562979
2907 0.000139407142793
2908 0.000196671901690
2909 0.000253322600288
2910 0.000199687294340
2911 0.000073886052346
2912 0.000018713091072
2913 0.000038504832695
2914 0.000074915989889
2915 0.000132062959935
2916 0.000189166024207
2917 0.000149509246016
2918 0.000206574743065
2919 0.000263600955667
2920 0.000174234246755
2921 0.000228986950287
2922 0.000285441007029
2923 0.000181099934680
2924 0.000237723537549
2925 0.000144506862770
2926 0.000005006417096
2927 0.000051050167178
2928 0.000106289005555
2929 0.000154645137640
2930 0.000059396603986
2931 0.000116125175266
2932 0.000168211799020
2933 0.000169940114300
2934 0.000226686869816
2935 0.000283174064255
2936 0.000339724279013
2937 0.000396123634207
2938 0.000260555960336
2939 0.000290300083836
2940 0.000330298172641
2941 0.000372910006043
2942 0.000416168462264
2943 0.000354788994780
2944 0.000410687377756
2945 0.000390604037127
2946 0.000444091934355
2947 0.000483650595293
2948 0.000472097216997
2949 0.000376893677383
2950 0.000430419198301
2951 0.000477337898730
2952 0.000531712172906
2953 0.000552337350746
2954 0.000272330177238
2955 0.000328634083453
2956 0.000237283614621
2957 0.000293532486648
2958 0.000342939089334
2959 0.000395052897948
2960 0.000448250732159
2961 0.000504379618478
2962 0.000560466934057
2963 0.000489321836354
2964 0.000535964865585
2965 0.000585917049380
2966 0.000510776687869
2967 0.000565652103021
2968 0.000618963041230
2969 0.000618922737756
2970 0.000666770974357
2971 0.000721950815522
2972 0.000647052218567
2973 0.000397348957123
2974 0.000408729895663
2975 0.000464609319546
2976 0.000433790266818
2977 0.000483276552479
2978 0.000304891599178
2979 0.000355697785048
2980 0.000410852663249
2981 0.000398542227792
2982 0.000454299428544
2983 0.000330056583495
2984 0.000376673596725
2985 0.000358561241970
2986 0.000155618629460
2987 0.000202524499426
2988 0.000257848249751
2989 0.000219047192887
2990 0.000085065585097
2991 0.000140759863357
2992 0.000196272500055
2993 0.000251497358405
2994 0.000306006636778
2995 0.000300095374819
2996 0.000352120515621
2997 0.000281372296391
2998 0.000319016003653
2999 0.000374481216647
3000 0.000428573154157
3001 0.000483421195854
3002 0.000538770410965
3003 0.000593330181727
3004 0.000592644965438
3005 0.000638742167352
3006 0.000693826986444
3007 0.000748078091514
3008 0.000668021994199
3009 0.000718878771522
3010 0.000470417742308
3011 0.000250151309721
3012 0.000263722432091
3013 0.000160376974537
3014 0.000214708490651
3015 0.000017315387136
3016 0.000033658436991
3017 0.000085764206655
3018 0.000140937432698
3019 0.000071495152562
3020 0.000020236109934
3021 0.000075355893426
3022 0.000103082552321
3023 0.000148470032503
3024 0.000179389153076
3025 0.000233902281939
3026 0.000194795426788
3027 0.000249472068646
3028 0.000195838188060
3029 0.000146207223836
3030 0.000070458578117
3031 0.000114689843248
3032 0.000114336903032
3033 0.000151307975385
3034 0.000334850046182
3035 0.000416804175633
3036 0.000389844242467
3037 0.000337406365048
3038 0.000451593725566
3039 0.000396953483571
3040 0.000344638798086
3041 0.000289718936602
3042 0.000234835320438
3043 0.000180093487652
3044 0.000370336647273
3045 0.000370967682703
3046 0.000335998063335
3047 0.000300275222672
3048 0.000428461906898
3049 0.000683773266168
3050 0.000630273762209
3051 0.000691224395269
3052 0.000685142470734
3053 0.000634167034599
3054 0.000591848953926
3055 0.000583369345181
3056 0.000530630568439
3057 0.000495488280402
3058 0.000452487867585
3059 0.000398134450683
3060 0.000636630586426
3061 0.000600675544759
3062 0.000546048757883
3063 0.000528297981072
3064 0.000529671718932
3065 0.000574693612935
3066 0.000530310765679
3067 0.000576306983746
3068 0.000606659667432
3069 0.000757329164701
3070 0.000707894371364
3071 0.000658998220853
3072 0.000619012962791
3073 0.000565252960309
3074 0.000510850904581
3075 0.000765322342032
3076 0.000950724980170
3077 0.000968796829546
3078 0.001030400776163
3079 0.000979670534104
3080 0.000950244850722
3081 0.000905494400472
3082 0.000851123168861
3083 0.000809145743653
3084 0.000758559092654
3085 0.000821131742664
3086 0.000776526699118
3087 0.000746297379625
3088 0.000841621116956
3089 0.000789627852937
3090 0.000970207827979
3091 0.000981244263572
3092 0.000975134726364
3093 0.000949856818335
3094 0.000911609560699
3095 0.000859456172163
3096 0.001062087845812
3097 0.001091073517614
3098 0.001059582469883
3099 0.001007574427903
3100 0.001119284978817
3101 0.001108835788913
3102 0.001057874453547
3103 0.001068723178615
3104 0.001015763354657
3105 0.000992654537871
3106 0.000938677866685
3107 0.000884893847077
3108 0.000835095192265
3109 0.000781314447121
3110 0.000742283604789
3111 0.000688488217981
3112 0.000912559624867
3113 0.000859236239306
3114 0.000805439736829
3115 0.000905282379045
3116 0.000851504475099
3117 0.000864463604863
3118 0.000812271371010
3119 0.000868909409284
3120 0.000962160597715
3121 0.000908450629590
3122 0.000855140253470
3123 0.000802138153230
3124 0.000991621522753
3125 0.000963760549851
3126 0.000922278370016
3127 0.000868761314456
3128 0.000815911643729
3129 0.000762444807105
3130 0.000756978354262
3131 0.001009278220390
3132 0.000955744062626
3133 0.000906705003246
3134 0.000858815167928
3135 0.001105429364737
3136 0.001336113736747
3137 0.001283404868572
3138 0.001326397371001
3139 0.001426548818114
3140 0.001405386614263
3141 0.001420763093444
3142 0.001404122647732
3143 0.001503035651627
3144 0.001531922763374
3145 0.001479120933383
3146 0.001425851094387
3147 0.001382055059790
3148 0.001411301756490
3149 0.001357927461463
3150 0.001476175803705
3151 0.001422814086739
3152 0.001376071214772
3153 0.001324173959122
3154 0.001567123790817
3155 0.001520986389574
3156 0.001473618017169
3157 0.001438107310986
3158 0.001658916771017
3159 0.001605711055172
3160 0.001588383575511
3161 0.001538578546488
3162 0.001548062651736
3163 0.001630734053324
3164 0.001597319754480
3165 0.001789326050225
3166 0.001736399436714
3167 0.001684536472324
3168 0.001647988221241
3169 0.001595176619100
3170 0.001542099510787
3171 0.001490645715986
3172 0.001477147988025
3173 0.001526729467691
3174 0.001551371392346
3175 0.001640167756002
3176 0.001587174420583
3177 0.001534338633269
3178 0.001481431247655
3179 0.001461365690750
3180 0.001487905274934
3181 0.001435043518762
3182 0.001402015714115
3183 0.001361455011100
3184 0.001316354309657
3185 0.001266000440398
3186 0.001213292294355
3187 0.001210900051173
3188 0.001379028049799
3189 0.001581003210328
3190 0.001536691148979
3191 0.001483991470914
3192 0.001431318470757
3193 0.001420952373012
3194 0.001391057308056
3195 0.001357870086295
3196 0.001305477674612
3197 0.001253608838761
3198 0.001201100943446
3199 0.001148933094914
3200 0.001096571887139
3201 0.001060472400656
3202 0.001053980343587
3203 0.001047833706864
3204 0.001301588490503
3205 0.001249180298566
3206 0.001202145457630
3207 0.001281632583694
3208 0.001376015749749
3209 0.001489225858252
3210 0.001452232034555
3211 0.001400597984210
3212 0.001564562863972
3213 0.001552579260462
3214 0.001500369360827
3215 0.001476677135703
3216 0.001496834969488
3217 0.001446531979604
3218 0.001394516698669
3219 0.001342717147060
3220 0.001290546071408
3221 0.001238402672650
3222 0.001186301452005
3223 0.001147266517250
3224 0.001259770763035
3225 0.001261456962519
3226 0.001379612282848
3227 0.001375914418608
3228 0.001323859231986
3229 0.001271833674261
3230 0.001232139357706
3231 0.001180537872554
3232 0.001160996742699
3233 0.001109887546062
3234 0.001061201334903
3235 0.001228322578337
3236 0.001417700832520
3237 0.001365783592679
3238 0.001577859575897
3239 0.001531465465988
3240 0.001518929762313
3241 0.001541259759611
3242 0.001554359724282
3243 0.001509233260315
3244 0.001701983283050
3245 0.001650227157392
3246 0.001598437623887
3247 0.001546632860031
3248 0.001769618591983
3249 0.001717776112857
3250 0.001733947157429
3251 0.001871839079995
3252 0.001864091383711
3253 0.001812513307816
3254 0.001760737552534
3255 0.001708993898312
3256 0.001725014906185
3257 0.001683594331673
3258 0.001636286358511
3259 0.001584659403918
3260 0.001765111906324
3261 0.001835493016217
3262 0.001827032590909
3263 0.001792584289054
3264 0.001749295410458
3265 0.001697731278405
3266 0.001694236709410
3267 0.001649411261502
3268 0.001599073225993
3269 0.001547641603336
3270 0.001678299603647
3271 0.001626926039946
3272 0.001575491571814
3273 0.001554731494788
3274 0.001503380458032
3275 0.001500643212523
3276 0.001471114532530
3277 0.001511938124421
3278 0.001569574931388
3279 0.001717976959607
3280 0.001677624875782
3281 0.001626316219939
3282 0.001589936177807
3283 0.001540379831328
3284 0.001576198997131
3285 0.001525924974599
3286 0.001476046647766
3287 0.001578705869591
3288 0.001573118102960
3289 0.001602641645656
3290 0.001551495959512
3291 0.001514706340693
3292 0.001469395726244
3293 0.001420012177972
3294 0.001422164516384
3295 0.001371191986176
3296 0.001354379214299
3297 0.001303425444033
3298 0.001254272599065
3299 0.001213088400430
3300 0.001322030629314
3301 0.001271140385897
3302 0.001220386579623
3303 0.001211807942390
3304 0.001161011381994
3305 0.001112517680865
3306 0.001074341181681
3307 0.001050215326237
3308 0.001180435521985
3309 0.001211905396461
3310 0.001161461068428
3311 0.001110784012562
3312 0.001085776486689
3313 0.001232167016253
3314 0.001376045302492
3315 0.001333984400670
3316 0.001302267844094
3317 0.001251651815947
3318 0.001203662718882
3319 0.001153095247298
3320 0.001102557365544
3321 0.001056293911291
3322 0.001249772592818
3323 0.001228253438152
3324 0.001201283805232
3325 0.001150798719602
3326 0.001367973179983
3327 0.001317466826205
3328 0.001278017983049
3329 0.001228479873685
3330 0.001178288950973
3331 0.001135509611131
3332 0.001085149056115
3333 0.001034860999563
3334 0.000984890309402
3335 0.000935061607491
3336 0.001115394452764
3337 0.001315777539423
3338 0.001421968565640
3339 0.001550918871676
3340 0.001695906143504
3341 0.001645517253486
3342 0.001598679855581
3343 0.001670601528603
3344 0.001656848620859
3345 0.001774945357523
3346 0.001724696434172
3347 0.001689948287438
3348 0.001640586912806
3349 0.001590559872279
3350 0.001595267988142
3351 0.001571015728194
3352 0.001520922738261
3353 0.001636613392655
3354 0.001710850997690
3355 0.001661495955133
3356 0.001666883523303
3357 0.001631031443837
3358 0.001580961440221
3359 0.001549734401997
3360 0.001502600062540
3361 0.001502153307484
3362 0.001452334809602
3363 0.001452870957466
3364 0.001418668166101
3365 0.001368717105074
3366 0.001319845318004
3367 0.001269953569846
3368 0.001284524245326
3369 0.001240949688288
3370 0.001191147456581
3371 0.001141363323337
3372 0.001091651165929
3373 0.001124657339365
3374 0.001090371062461
3375 0.001041175691837
3376 0.001154348550030
3377 0.001112075321233
3378 0.001062734926954
3379 0.001158456034287
3380 0.001113924764919
3381 0.001064786392814
3382 0.001015477134979
3383 0.000978732445208
3384 0.000964873342475
3385 0.000917449556127
3386 0.000867956354342
3387 0.001082249045575
3388 0.001069784131339
3389 0.001089281135805
3390 0.001040597636564
3391 0.000996755277980
3392 0.000973829510915
3393 0.001032373123240
3394 0.000983148370849
3395 0.001030280190729
3396 0.000980902628269
3397 0.000932511846751
3398 0.001122475776149
3399 0.001073691786982
3400 0.001031383074533
3401 0.000984553474805
3402 0.001026391100415
3403 0.000977113603526
3404 0.000978962048435
3405 0.001194776228008
3406 0.001259960394161
3407 0.001213959015899
3408 0.001164698454011
3409 0.001277597855751
3410 0.001228347338297
3411 0.001211733851122
3412 0.001162851495318
3413 0.001113677919543
3414 0.001274675090827
3415 0.001225897948482
3416 0.001317522449582
3417 0.001442549746296
3418 0.001405962971395
3419 0.001361638820321
3420 0.001363072376290
3421 0.001362996406060
3422 0.001313893641537
3423 0.001271005837738
3424 0.001385553662524
3425 0.001384377965904
3426 0.001338165142380
3427 0.001297429162187
3428 0.001248432734002
3429 0.001199463888030
3430 0.001284612137379
3431 0.001454381445958
3432 0.001423376303736
3433 0.001605194968612
3434 0.001686226873245
3435 0.001839762159697
3436 0.001944702870159
3437 0.001907944230884
3438 0.001864919971785
3439 0.001815926438636
3440 0.001788895883675
3441 0.001739940487974
3442 0.001711843507026
3443 0.001664070262843
3444 0.001632722821416
3445 0.001583870491331
3446 0.001782129617088
3447 0.001738506699170
3448 0.001693324700419
3449 0.001650324144846
3450 0.001604301280169
3451 0.001555541265596
3452 0.001519160393033
3453 0.001471353891029
3454 0.001482478668021
3455 0.001485131710512
3456 0.001438893208857
3457 0.001403295359348
3458 0.001356407422211
3459 0.001307843361677
3460 0.001263670003789
3461 0.001243548627461
3462 0.001224177438742
3463 0.001175696109229
3464 0.001133740640883
3465 0.001154979705155
3466 0.001106560902629
3467 0.001327102050543
3468 0.001339581023008
3469 0.001505715482636
3470 0.001709975444307
3471 0.001788815041316
3472 0.001799550956704
3473 0.001765369490623
3474 0.001760600817110
3475 0.001995085452358
3476 0.002177166412196
3477 0.002204169320690
3478 0.002155897541103
3479 0.002297960979790
3480 0.002354829382134
3481 0.002377881471693
3482 0.002354010664754
3483 0.002312585949831
3484 0.002464243511802
3485 0.002416478233592
3486 0.002367975299900
3487 0.002319513062148
3488 0.002271065190575
3489 0.002266217498298
3490 0.002287759013196
3491 0.002259089480477
3492 0.002211251494351
3493 0.002165190881577
3494 0.002116870671724
3495 0.002123845900030
3496 0.002089616578143
3497 0.002041724534381
3498 0.002002446583720
3499 0.001954280443509
3500 0.001906114940091
3501 0.001918462373906
3502 0.002137873687685
3503 0.002125218686749
3504 0.002077048044679
3505 0.002029850022440
3506 0.001985899802711
3507 0.001938451588541
3508 0.002151589853906
3509 0.002103507074942
3510 0.002067257369082
3511 0.002019198924934
3512 0.002051270603478
3513 0.002003308913475
3514 0.001980950580581
3515 0.001999344165251
3516 0.001978445301211
3517 0.001941640006918
3518 0.001893748434870
3519 0.001845850156983
3520 0.001806575399575
3521 0.001760402052263
3522 0.001749444917690
3523 0.001847936887040
3524 0.002022117125567
3525 0.001977009385813
3526 0.001929501230914
3527 0.001902108448358
3528 0.002050989774772
3529 0.002106596927792
3530 0.002058786807734
3531 0.002011002973731
3532 0.001966269118493
3533 0.001922998804831
3534 0.001875294231687
3535 0.001963887967538
3536 0.001916300672973
3537 0.001868638008925
3538 0.001828234815309
3539 0.001785892418901
3540 0.001738306950233
3541 0.001690842333602
3542 0.001701232253315
3543 0.001864998169290
3544 0.001838312218312
3545 0.001792894828422
3546 0.001745389133985
3547 0.001808855155283
3548 0.001842845979818
3549 0.001795700740802
3550 0.001748327780579
3551 0.001702325446706
3552 0.001666274457712
3553 0.001650628830610
3554 0.001607374686408
3555 0.001560062317678
3556 0.001547572951050
3557 0.001577411859867
3558 0.001530480518450
3559 0.001485541833706
3560 0.001458796342113
3561 0.001415333110437
3562 0.001449373777457
3563 0.001506271484819
3564 0.001572467498625
3565 0.001626424579136
3566 0.001579276976537
3567 0.001532160946773
3568 0.001535224043910
3569 0.001488722890636
3570 0.001492182444854
3571 0.001543583737857
3572 0.001759884270594
3573 0.001787831903257
3574 0.001978489790284
3575 0.002103958821078
3576 0.002056792377404
3577 0.002190896102295
3578 0.002150546810970
3579 0.002111754255471
3580 0.002100051559419
3581 0.002052923182370
3582 0.002102469952724
3583 0.002055379623110
3584 0.002102096067829
3585 0.002055578641633
3586 0.002009714474845
3587 0.001967575708747
3588 0.001937431571918
3589 0.001890453556571
3590 0.001870986924471
3591 0.001919419072226
3592 0.001873867953382
3593 0.002096981209695
3594 0.002093941688482
3595 0.002060247366752
3596 0.002037286675210
3597 0.002075725120194
3598 0.002028835596366
3599 0.001982029846128
3600 0.001935239741394
3601 0.001917291308616
3602 0.001870488433777
3603 0.001828754128006
3604 0.001920864420258
3605 0.001874099502120
3606 0.001906456735948
3607 0.002067667876837
3608 0.002020901159558
3609 0.002031954712432
3610 0.002108409627156
3611 0.002162023049324
3612 0.002334631606042
3613 0.002287889469944
3614 0.002349417526161
3615 0.002335696325763
3616 0.002289039814262
3617 0.002292513721942
3618 0.002288839849077
3619 0.002304176678244
3620 0.002280938886727
3621 0.002234281166381
3622 0.002190435246040
3623 0.002144394709605
3624 0.002097838132821
3625 0.002058566675110
3626 0.002045380322018
3627 0.002010937196170
3628 0.001998641541315
3629 0.001967463540658
3630 0.001963309418455
3631 0.001930227004095
3632 0.001940564814691
3633 0.001894267146609
3634 0.001930750791466
3635 0.001885133846719
3636 0.002054156040104
3637 0.002027260118513
3638 0.001980890155131
3639 0.001941064400536
3640 0.001894747692111
3641 0.001865595097787
3642 0.001822785662588
3643 0.001891243843837
3644 0.001845226275959
3645 0.001799137812788
3646 0.001836102497834
3647 0.001807258035795
3648 0.001792810073337
3649 0.001858644554560
3650 0.001883928177132
3651 0.001948779035484
3652 0.001917033109363
3653 0.001870884117646
3654 0.001824760059658
3655 0.001780460109212
3656 0.001735142670891
3657 0.001691584853135
3658 0.001792674459292
3659 0.001746634737798
3660 0.001841796918816
3661 0.001800997533736
3662 0.001793129144742
3663 0.001749926356373
3664 0.001707282990201
3665 0.001663682690694
3666 0.001622376982679
3667 0.001579682922578
3668 0.001637511734691
3669 0.001591657863402
3670 0.001707759426721
3671 0.001906677135816
3672 0.001865235614934
3673 0.001819424543423
3674 0.001774977429840
3675 0.001937730304186
3676 0.001891890942489
3677 0.001981621497353
3678 0.002009993027548
3679 0.001964144531753
3680 0.001919301683038
3681 0.001873536322615
3682 0.001827772052674
3683 0.001790134276365
3684 0.001922182367441
3685 0.001891133460503
3686 0.001975177095406
3687 0.001929486664873
3688 0.002075811956430
3689 0.002030121796095
3690 0.001984405477203
3691 0.001997348390052
3692 0.001952421457716
3693 0.002123833297545
3694 0.002112476779469
3695 0.002083246598501
3696 0.002037673895348
3697 0.002159105664372
3698 0.002151252658089
3699 0.002127589571276
3700 0.002083091688197
3701 0.002091359151159
3702 0.002227604404027
3703 0.002181994284915
3704 0.002153142476690
3705 0.002132427395409
3706 0.002088250636255
3707 0.002045039552184
3708 0.002034678809311
3709 0.002011592164857
3710 0.001966127436694
3711 0.001941562764570
3712 0.001901241673876
3713 0.001881862856726
3714 0.001959878792572
3715 0.001918736135704
3716 0.001873376561578
3717 0.001854927413065
3718 0.001809950621447
3719 0.001784802388859
3720 0.001741294076441
3721 0.001696036756055
3722 0.001668436000241
3723 0.001623221675752
3724 0.001625686228166
3725 0.001587234565348
3726 0.001599114267361
3727 0.001774065962266
3728 0.001845457086402
3729 0.001800267809813
3730 0.001824890644292
3731 0.001781580363088
3732 0.001736445277580
3733 0.001695362661779
3734 0.001696226182120
3735 0.001651149102407
3736 0.001606096225968
3737 0.001561073992062
3738 0.001521652513960
3739 0.001482631782409
3740 0.001437672097754
3741 0.001393103368913
3742 0.001348351070793
3743 0.001367382904926
3744 0.001325686507670
3745 0.001323881307159
3746 0.001279038938399
3747 0.001251103535644
3748 0.001211425321123
3749 0.001175704264756
3750 0.001146569871261
3751 0.001106223222329
3752 0.001186832231943
3753 0.001243864284236
3754 0.001426069665919
3755 0.001609118157749
3756 0.001564316298223
3757 0.001520197981165
3758 0.001569689220334
3759 0.001569406709349
3760 0.001525267495697
3761 0.001482951722651
3762 0.001450948590215
3763 0.001406305868502
3764 0.001583817125900
3765 0.001771818326647
3766 0.001777126202982
3767 0.001753551252795
3768 0.001714589933696
3769 0.001670292698936
3770 0.001658532559025
3771 0.001827365569301
3772 0.002013230727022
3773 0.001968523625725
3774 0.001966835188167
3775 0.001923158103684
3776 0.001890077979459
3777 0.001845884425235
3778 0.001818708615528
3779 0.001774127685751
3780 0.001730126097788
3781 0.001814346258397
3782 0.001808747290964
3783 0.001765255995071
3784 0.001720761407314
3785 0.001711674895304
3786 0.001722660034256
3787 0.001679755551323
3788 0.001635531179726
3789 0.001591365764950
3790 0.001546970586746
3791 0.001513595206935
3792 0.001469243872303
3793 0.001426431330863
3794 0.001389975150994
3795 0.001459838641078
3796 0.001415707588379
3797 0.001380491987676
3798 0.001336266055588
3799 0.001315200339562
3800 0.001302247819176
3801 0.001301283736670
3802 0.001289156317013
3803 0.001245002500714
3804 0.001202706904318
3805 0.001159712626854
3806 0.001115619066324
3807 0.001077551605070
3808 0.001033508545804
3809 0.001126259025792
3810 0.001084853167152
3811 0.001166778551792
3812 0.001122769135269
3813 0.001161110690707
3814 0.001117440608017
3815 0.001101423664169
3816 0.001058634031833
3817 0.001020209755448
3818 0.000978733084473
3819 0.000942938101846
3820 0.000899535941306
3821 0.000870071977313
3822 0.000903971918993
3823 0.001048173161911
3824 0.001103817108342
3825 0.001084309681013
3826 0.001046016839415
3827 0.001023015843732
3828 0.000996856115644
3829 0.000954312312334
3830 0.000915587639373
3831 0.000886140163111
3832 0.000847102781604
3833 0.001007088700458
3834 0.000971411520857
3835 0.000927698853795
3836 0.000884474761289
3837 0.000843102466064
3838 0.000799457495408
3839 0.000769624901258
3840 0.000726109988700
3841 0.000692269918964
3842 0.000725014755926
3843 0.000688628155661
3844 0.000861681223170
3845 0.000925361712351
3846 0.000964514719881
3847 0.000920940378582
3848 0.000921125652529
3849 0.001127275357521
3850 0.001115168394630
3851 0.001125750096234
3852 0.001082194829289
3853 0.001044240515946
3854 0.001016029481712
3855 0.000981028325326
3856 0.000977159842797
3857 0.000934090707304
3858 0.000899489011740
3859 0.001091740209581
3860 0.001162365063759
3861 0.001314365167288
3862 0.001270870242943
3863 0.001418127764207
3864 0.001387601878187
3865 0.001344120830360
3866 0.001303100212026
3867 0.001259913628685
3868 0.001224858125561
3869 0.001185403202974
3870 0.001149695891895
3871 0.001129336307725
3872 0.001093069195007
3873 0.001238587867116
3874 0.001195293113859
3875 0.001304189975747
3876 0.001260971418936
3877 0.001243211056965
3878 0.001199918599480
3879 0.001157130976094
3880 0.001167776005960
3881 0.001124930423399
3882 0.001081707612406
3883 0.001038533774602
3884 0.001152716669308
3885 0.001332904079761
3886 0.001352462934594
3887 0.001309237022753
3888 0.001501356685606
3889 0.001477279657522
3890 0.001436334674178
3891 0.001396952612613
3892 0.001376577973747
3893 0.001421094943745
3894 0.001556332636828
3895 0.001693978907403
3896 0.001898639186238
3897 0.001855384046274
3898 0.001812766199771
3899 0.001769921205763
3900 0.001727939914205
3901 0.001710837482132
3902 0.001705135754291
3903 0.001721215562951
3904 0.001678083962971
3905 0.001649794240130
3906 0.001606878973302
3907 0.001578953909954
3908 0.001536355503178
3909 0.001511720521700
3910 0.001613881926489
3911 0.001571651974193
3912 0.001528655863346
3913 0.001485820914061
3914 0.001466383096349
3915 0.001492030969004
3916 0.001465301534077
3917 0.001424088270289
3918 0.001381212231333
3919 0.001439225952764
3920 0.001455129172845
3921 0.001531651908390
3922 0.001488791956134
3923 0.001610760670402
3924 0.001573461023116
3925 0.001554744543820
3926 0.001723936059656
3927 0.001844859488039
3928 0.001846812923927
3929 0.001810317370940
3930 0.001836036790136
3931 0.002011941636711
3932 0.001969042725689
3933 0.002033427080047
3934 0.002008794557599
3935 0.002216063053622
3936 0.002174575654256
3937 0.002189015088892
3938 0.002146157159306
3939 0.002103301143859
3940 0.002084013244922
3941 0.002041329021696
3942 0.002008601543210
3943 0.002079893690831
3944 0.002037109438634
3945 0.001994522325326
3946 0.001951780006785
3947 0.001913923702712
3948 0.001871312418007
3949 0.001984546620559
3950 0.001942310613797
3951 0.002029228109287
3952 0.001988529261753
3953 0.001971887563834
3954 0.001932302657797
3955 0.001889673909877
3956 0.001847170633996
3957 0.001805427076600
3958 0.001774247856746
3959 0.001733786094450
3960 0.001726188991321
3961 0.001750915606034
3962 0.001720849347679
3963 0.001717904401363
3964 0.001676696317333
3965 0.001742746857050
3966 0.001700290039448
3967 0.001658171788567
3968 0.001646535179912
3969 0.001660815666119
3970 0.001801370536259
3971 0.001767323790080
3972 0.001725036351972
3973 0.001688710255996
3974 0.001646346044390
3975 0.001604991676809
3976 0.001566690511059
3977 0.001524395741883
3978 0.001520138726083
3979 0.001484640166010
3980 0.001584853433491
3981 0.001542755223610
3982 0.001520208519763
3983 0.001477982405760
3984 0.001436934422862
3985 0.001394755093699
3986 0.001381471668402
3987 0.001342700046271
3988 0.001336015225021
3989 0.001296111531874
3990 0.001404585131694
3991 0.001406157813131
3992 0.001364113390197
3993 0.001322339698181
3994 0.001283516707419
3995 0.001331931305495
3996 0.001360818439875
3997 0.001332690878357
3998 0.001309216600799
3999 0.001298215209952
4000 0.001256226555997
4001 0.001214256344733
4002 0.001172307088621
4003 0.001130380120799
4004 0.001173258342102
4005 0.001175671322937
4006 0.001133833544528
4007 0.001091956773139
4008 0.001050114406171
4009 0.001008279339805
4010 0.000983954041563
4011 0.001087980683048
4012 0.001056402462056
4013 0.001231623415829
4014 0.001193052033962
4015 0.001151417452107
4016 0.001110248358439
4017 0.001272427425843
4018 0.001230910252576
4019 0.001189140589808
4020 0.001156562573213
4021 0.001114826816583
4022 0.001075995154242
4023 0.001034588055934
4024 0.001037905747560
4025 0.001007668675971
4026 0.001054561969649
4027 0.001027645704392
4028 0.001232348860808
4029 0.001231121226485
4030 0.001189460544426
4031 0.001270237318203
4032 0.001228635980566
4033 0.001188312335623
4034 0.001185943763840
4035 0.001184469766411
4036 0.001145856866020
4037 0.001151872214260
4038 0.001110313023551
4039 0.001233593345600
4040 0.001217888965195
4041 0.001188658218087
4042 0.001220928169923
4043 0.001180036062634
4044 0.001326017834528
4045 0.001284487989448
4046 0.001325010900474
4047 0.001302244401694
4048 0.001261143417839
4049 0.001219715475228
4050 0.001206781058210
4051 0.001236360404416
4052 0.001209225154436
4053 0.001333583572806
4054 0.001439297856942
4055 0.001401110237961
4056 0.001452709539036
4057 0.001411720568652
4058 0.001402283408366
4059 0.001366464758555
4060 0.001471860417559
4061 0.001431824689839
4062 0.001390442118641
4063 0.001349079305750
4064 0.001323768283943
4065 0.001483366991033
4066 0.001442014246177
4067 0.001420557435280
4068 0.001406829897623
4069 0.001367109077536
4070 0.001329778699732
4071 0.001289619330842
4072 0.001258443585637
4073 0.001217217813970
4074 0.001206038951681
4075 0.001188601026721
4076 0.001147419656013
4077 0.001107894122439
4078 0.001066752846834
4079 0.001047994600795
4080 0.001007039738588
4081 0.000973450762310
4082 0.000932382629680
4083 0.000984749565059
4084 0.000943826771826
4085 0.000902796136273
4086 0.000940804490478
4087 0.001065640696213
4088 0.001092954424485
4089 0.001052578070071
4090 0.001011570920924
4091 0.001188839367433
4092 0.001239209886309
4093 0.001198191276263
4094 0.001293578481864
4095 0.001257059947006
4096 0.001251166135591
