1 0.095651533288763
2 0.175167982527909
3 0.075112293501900
4 0.173953204462493
5 0.120757076580447
6 0.079843069205648
7 0.050588463154174
8 0.084108212950019
9 0.120694276584613
10 0.113121004686349
11 0.131036783684103
12 0.109700396125891
13 0.093831659697298
14 0.092143064551630
15 0.077767131868149
16 0.065104609401386
17 0.053927482400423
18 0.044008307406794
19 0.036869157743264
20 0.031576610088226
21 0.024120581036406
22 0.031247093358155
23 0.043984374055039
24 0.064904728546142
25 0.057380141072329
26 0.050378397367842
27 0.043882901447403
28 0.037876087300439
29 0.032913878964568
30 0.027650841495495
31 0.022946518925359
32 0.019287727757584
33 0.014915373232720
34 0.011057091116658
35 0.035643660912400
36 0.047600953856826
37 0.042936063225364
38 0.039956038975419
39 0.052392155001980
40 0.047957351127485
41 0.043738879170915
42 0.040797969882214
43 0.036942256599432
44 0.033261768798600
45 0.029745040154241
46 0.038851356575453
47 0.055453130879731
48 0.067292220634436
49 0.063367889644420
50 0.059705505611384
51 0.056087214549903
52 0.054610582121359
53 0.053682028783381
54 0.053021277126154
55 0.049811755382677
56 0.046690143078296
57 0.049458373106753
58 0.048699341247291
59 0.045755313773741
60 0.042968303595015
61 0.040296467066406
62 0.046059859389720
63 0.050909289234644
64 0.048169227148840
65 0.045505213127581
66 0.042922155188990
67 0.040512566649152
68 0.038078558330529
69 0.035715102926605
70 0.033419185073446
71 0.031188936573673
72 0.029022327508840
73 0.030096099488399
74 0.028555132255312
75 0.026507730502396
76 0.024516461251654
77 0.022597498559226
78 0.020705303001005
79 0.018861188036864
80 0.018817431220067
81 0.017108935970156
82 0.016926991640757
83 0.015516310012882
84 0.020021629740191
85 0.018315496582521
86 0.018993208744728
87 0.017460854827646
88 0.015902987429910
89 0.020908103449469
90 0.019289403428554
91 0.021410521762869
92 0.020439076836241
93 0.029279111137487
94 0.028822194915908
95 0.033715988985828
96 0.032062831824676
97 0.036087904031651
98 0.034444149920784
99 0.033113479867014
100 0.031534567507269
101 0.031836922848633
102 0.031450841961627
103 0.029932010277034
104 0.029118275645348
105 0.027650594454254
106 0.027469417818335
107 0.026224060342162
108 0.025004795037724
109 0.023629061399958
110 0.022439562128514
111 0.021111277810770
112 0.020384486716207
113 0.019184868588205
114 0.017920099405002
115 0.016760468711213
116 0.015538625351191
117 0.014337442496749
118 0.019459522095062
119 0.018246595444112
120 0.021920073923525
121 0.021013102837737
122 0.026929513742180
123 0.025694380079568
124 0.024479102820862
125 0.023283281677864
126 0.022613874146863
127 0.021654348712280
128 0.020508666605098
129 0.019381547057697
130 0.018270919772638
131 0.017180972148484
132 0.016586080230713
133 0.015521523748758
134 0.014506385076357
135 0.014573888359125
136 0.013547700657170
137 0.012536527821360
138 0.018350557502852
139 0.017987634098539
140 0.022959848071796
141 0.022534996430315
142 0.021496017635637
143 0.020555757394652
144 0.020256549567502
145 0.019254828861423
146 0.018659717744607
147 0.017682440784580
148 0.017081523286285
149 0.016889887169021
150 0.015944325070009
151 0.015348680155018
152 0.014479082167228
153 0.018066872681125
154 0.018316494285130
155 0.017391879751039
156 0.016513961615005
157 0.019248620260812
158 0.019137884728637
159 0.020742437894791
160 0.019832679527442
161 0.018933493263897
162 0.018045015441335
163 0.017666300363431
164 0.016796413031450
165 0.015937040831328
166 0.015089779354544
167 0.018495416718349
168 0.019378153669999
169 0.020329809350485
170 0.019479308979275
171 0.018669090736991
172 0.017882857932291
173 0.018223195226614
174 0.017878219406953
175 0.017283231058588
176 0.019049805110903
177 0.018267082992743
178 0.017463836753746
179 0.016668200129636
180 0.015881293693330
181 0.019829977491009
182 0.019333178842765
183 0.018832034033267
184 0.018050421888590
185 0.019789099538663
186 0.019511198231867
187 0.019297990299841
188 0.018530447832331
189 0.017773027894880
190 0.020404557059511
191 0.020615822587635
192 0.019914984183094
193 0.020909240943072
194 0.020158481606319
195 0.019780845916339
196 0.020091347552142
197 0.019473722105488
198 0.018744890437505
199 0.018810545818812
200 0.018236942970457
201 0.017524322054286
202 0.018387593900597
203 0.019604407335689
204 0.018895575826100
205 0.018237099157189
206 0.017562248720212
207 0.016876664067989
208 0.016194606130502
209 0.015525917347323
210 0.014856746461091
211 0.014193918279469
212 0.015912710806036
213 0.016732611339926
214 0.016070364863600
215 0.015414926101785
216 0.014764856999640
217 0.014143967719472
218 0.014216044207563
219 0.016336542845944
220 0.016531364730350
221 0.015893907669928
222 0.015259594564606
223 0.014632183275238
224 0.015889429127115
225 0.015263254035124
226 0.014843244502804
227 0.014228121696965
228 0.013681559442071
229 0.013761105597890
230 0.013163631834403
231 0.012565593511591
232 0.012003126780361
233 0.015430697057868
234 0.014850598298827
235 0.016179853372416
236 0.018351401044697
237 0.019080669166997
238 0.018477481073561
239 0.018211192515936
240 0.017745267329161
241 0.019737991960829
242 0.022782578943810
243 0.022193437501978
244 0.021994018604167
245 0.021396332150495
246 0.022226323057220
247 0.021682723372407
248 0.024709693153693
249 0.024346275883906
250 0.026436826730791
251 0.026424937625432
252 0.025977053397954
253 0.025380306151322
254 0.025120627772327
255 0.024554812518132
256 0.023974131481524
257 0.025917770596581
258 0.025332818466110
259 0.024801229768603
260 0.024234058022199
261 0.023742032512869
262 0.023300383337433
263 0.022736936757721
264 0.022210215389398
265 0.021684719379872
266 0.021133332296937
267 0.020633855160174
268 0.021251074800685
269 0.021574091398847
270 0.021033446662835
271 0.020714921379601
272 0.020179212946276
273 0.019647421367474
274 0.019119511070513
275 0.018629753842403
276 0.018296147895548
277 0.017795378542191
278 0.017456207557476
279 0.016953262507898
280 0.016446286582663
281 0.015967411702404
282 0.015467734799240
283 0.014971463819472
284 0.014572507378614
285 0.014083235286753
286 0.013597313626319
287 0.013114705879103
288 0.015556341176349
289 0.015077897245985
290 0.014845743863829
291 0.014370605557445
292 0.013901181845480
293 0.013427116378430
294 0.015605630135636
295 0.017746661377225
296 0.017425177320493
297 0.017088960166288
298 0.016612151609563
299 0.016870752742293
300 0.017723868363391
301 0.017255247849270
302 0.016803183988808
303 0.016335491644001
304 0.016738588170668
305 0.017765826645372
306 0.017299277801948
307 0.016835789760004
308 0.016689162640661
309 0.016230676975475
310 0.015832288228912
311 0.017150569050461
312 0.016695244312227
313 0.018303121026614
314 0.018054787445159
315 0.017601316931337
316 0.017382433356836
317 0.016933296631609
318 0.018958141554824
319 0.018702834851554
320 0.018535236999454
321 0.018121872783761
322 0.017682279628107
323 0.018559622786857
324 0.018159971542289
325 0.017719479337852
326 0.017291564825635
327 0.016856826615770
328 0.018022946212969
329 0.017593014501594
330 0.017160914470191
331 0.016976488093460
332 0.016548848069183
333 0.016223622661223
334 0.016148403858009
335 0.015746441772509
336 0.015435465957264
337 0.015019571177241
338 0.014612664712409
339 0.014220348429778
340 0.015247892468232
341 0.014900235657493
342 0.014573204128177
343 0.014166285167027
344 0.013835021621819
345 0.013432601269292
346 0.013032608259948
347 0.012634819763522
348 0.013683654996409
349 0.013537371688508
350 0.013668688354189
351 0.013525555559519
352 0.013185813556278
353 0.012794542794853
354 0.012405396840597
355 0.014787451547888
356 0.014948129443329
357 0.014923049732520
358 0.014532203225441
359 0.014143602746730
360 0.013757722468906
361 0.013875461052959
362 0.013491843870487
363 0.013110386140310
364 0.012731755565400
365 0.012365265903191
366 0.011989951790755
367 0.011617935544437
368 0.011284752082455
369 0.010917253040545
370 0.011235188377052
371 0.010873509968021
372 0.010508314328587
373 0.010199839254850
374 0.010241891331630
375 0.010436556312378
376 0.010076352705916
377 0.009961109936873
378 0.010967354562413
379 0.010609869183238
380 0.010253158056028
381 0.010793705152593
382 0.010726946190132
383 0.010374879451810
384 0.010062398886169
385 0.009791335547882
386 0.009442160662116
387 0.009393808743330
388 0.009047442245271
389 0.008702847282283
390 0.008759307540787
391 0.008887152981777
392 0.009161153084956
393 0.009327128696612
394 0.008992133316840
395 0.008654919723222
396 0.008564462705535
397 0.009608393310575
398 0.009362604207982
399 0.009576312178278
400 0.009301635857636
401 0.008966719059989
402 0.008634899628561
403 0.010207591903315
404 0.009995294551518
405 0.009661998176861
406 0.009330318380718
407 0.009000281896817
408 0.008758546500671
409 0.008431508489795
410 0.008335325599976
411 0.008011346486995
412 0.007924835445529
413 0.007702648227841
414 0.007884974205591
415 0.007683549180059
416 0.007494637490973
417 0.007234811343517
418 0.006918763714147
419 0.006603921991160
420 0.006428847965744
421 0.008302886312903
422 0.008067923152818
423 0.009740067620965
424 0.009431930020798
425 0.009122014566712
426 0.009246430585723
427 0.008932037538299
428 0.008619245930525
429 0.008307779156794
430 0.007997927302594
431 0.008816266656101
432 0.008846405010810
433 0.008537949391728
434 0.010407090001748
435 0.010095811492547
436 0.009786003312162
437 0.009484748184139
438 0.009188348750165
439 0.008882694504720
440 0.008579240997697
441 0.010276574727867
442 0.010072285395299
443 0.010638363377591
444 0.010333487354809
445 0.010029367158660
446 0.011868709512458
447 0.011601004675358
448 0.012303834274320
449 0.011998056476285
450 0.011708161695200
451 0.011405039453506
452 0.011103639543929
453 0.010835057276911
454 0.010592567868918
455 0.010719979241779
456 0.010422403266862
457 0.010290232679923
458 0.009995121396789
459 0.009724240909452
460 0.010495516508782
461 0.010420027001377
462 0.010126910059815
463 0.009914316846564
464 0.009623553236479
465 0.009334110327193
466 0.009372995447592
467 0.010448215526053
468 0.011171567511260
469 0.010881796794551
470 0.010592686588605
471 0.010782109215036
472 0.010494438822479
473 0.010242481552056
474 0.010123686111541
475 0.009839215233333
476 0.009555939571103
477 0.009273851654616
478 0.008993557475090
479 0.008713821581056
480 0.008435381905220
481 0.008162879238612
482 0.008414843230238
483 0.008303708315468
484 0.008028287430801
485 0.007978429584025
486 0.007863473759899
487 0.007590726264213
488 0.007319024359140
489 0.007091701155904
490 0.007757249437772
491 0.007514585872258
492 0.007386542749349
493 0.007118010213484
494 0.007777230481384
495 0.009145255011389
496 0.008886142226598
497 0.008941335096090
498 0.008784067409150
499 0.008517605231906
500 0.008433114834464
501 0.008600768617433
502 0.008449943967404
503 0.008184635933893
504 0.007920380929244
505 0.007930819814845
506 0.008440974239282
507 0.009196340656733
508 0.009676415633353
509 0.009595997288057
510 0.009611846493101
511 0.009348548252390
512 0.009311200059855
513 0.009049622311859
514 0.008789104328679
515 0.009734044583163
516 0.010497703605516
517 0.010260226717897
518 0.011068163359027
519 0.010806380112925
520 0.010545214903404
521 0.010285051416825
522 0.010106265166716
523 0.009847949869342
524 0.009637278481387
525 0.009380826522382
526 0.010043284363546
527 0.011036141208700
528 0.010778497001871
529 0.011725590392635
530 0.011600183108033
531 0.011346734124539
532 0.011179539561217
533 0.012005020783938
534 0.011755868002507
535 0.012701950196461
536 0.012445054551935
537 0.012228739262593
538 0.011973677859742
539 0.011721183482136
540 0.012005610802028
541 0.013468423040692
542 0.013213676128805
543 0.012959138972213
544 0.012706560251669
545 0.012711502968001
546 0.013135907817331
547 0.013254807377776
548 0.013960246759590
549 0.015164999282878
550 0.014910342165766
551 0.016314598440050
552 0.016058757524226
553 0.015803727928369
554 0.015564055543242
555 0.015317880640223
556 0.015127999063106
557 0.014934152866437
558 0.014683374814783
559 0.014457044281367
560 0.014346305050121
561 0.014293997134473
562 0.014536189719152
563 0.014288345754225
564 0.014200122018597
565 0.014060318137440
566 0.013816206548940
567 0.013577172505959
568 0.013335255428297
569 0.013092135471493
570 0.012903074555599
571 0.012667809914337
572 0.013485539585272
573 0.014020699745634
574 0.013778503404617
575 0.013543293854411
576 0.013302767328483
577 0.013665697619213
578 0.013462792260891
579 0.013223906410191
580 0.012985589330310
581 0.012748092618913
582 0.012730703949573
583 0.012494857774573
584 0.012279293999964
585 0.013568309358460
586 0.013343946584721
587 0.013109297336329
588 0.013157633194879
589 0.013367961937393
590 0.013133731538558
591 0.013148665755266
592 0.012926726482708
593 0.012694137486045
594 0.012462329398580
595 0.012233474223981
596 0.012774600209868
597 0.012543821985312
598 0.012316797942423
599 0.012120071368526
600 0.012040574952152
601 0.011812554177922
602 0.011585295379122
603 0.011358789034359
604 0.011133032097706
605 0.010911653572662
606 0.011175053312880
607 0.010960467480664
608 0.011761271849954
609 0.011577287396881
610 0.011356711695412
611 0.011136041120499
612 0.010913846558575
613 0.010838930233453
614 0.010618657043224
615 0.010398220352255
616 0.011075310074700
617 0.010856289166833
618 0.010686929122167
619 0.011055354914444
620 0.010835910795875
621 0.010709524744443
622 0.010590548353952
623 0.010421672398692
624 0.010207807698979
625 0.009991488755615
626 0.009788623664161
627 0.009574103899493
628 0.009359839379681
629 0.009146230732113
630 0.008963562224056
631 0.008751835300707
632 0.008540206978034
633 0.008651074879894
634 0.008903098957390
635 0.008702044638106
636 0.008502694645528
637 0.008323258285921
638 0.008400962488858
639 0.008192198920172
640 0.008842538805444
641 0.009675218326316
642 0.009466987621648
643 0.009257864387205
644 0.009133281063457
645 0.008925322488166
646 0.008718007762088
647 0.008860272779950
648 0.008658129348089
649 0.008453953684773
650 0.008744095756580
651 0.008538651677077
652 0.008340484087689
653 0.008136288218822
654 0.007932724761456
655 0.007729774065268
656 0.007533746887700
657 0.007842620961378
658 0.007640732479681
659 0.007973153983992
660 0.007840515247649
661 0.007717566414939
662 0.008025984893756
663 0.007950256188120
664 0.007928881629716
665 0.007728989111390
666 0.007597957273580
667 0.007403960658076
668 0.008323612467753
669 0.008125192540218
670 0.008420354946213
671 0.008225185300816
672 0.008026933536989
673 0.008679854366876
674 0.008487716165911
675 0.008300837086493
676 0.008103650153343
677 0.008932174611317
678 0.009569807572857
679 0.010833084543777
680 0.010633330023974
681 0.010434162138476
682 0.010235611296048
683 0.010289275615353
684 0.011453177008184
685 0.011254008869917
686 0.011390006775480
687 0.011191484364674
688 0.011049195271664
689 0.010851738559422
690 0.010744167571238
691 0.010547721598024
692 0.010351865000952
693 0.010845883761913
694 0.010650287789424
695 0.010577802254252
696 0.010387574056617
697 0.010193330775109
698 0.010028257550240
699 0.009835084077352
700 0.009664745956930
701 0.009656542209132
702 0.009464723773796
703 0.009274098700680
704 0.009083481910358
705 0.008909496960608
706 0.008803194265376
707 0.008622601927894
708 0.008686763613694
709 0.008510314463160
710 0.008983209649106
711 0.009128759326787
712 0.009346872121476
713 0.009158621384650
714 0.009095588113962
715 0.008908047851392
716 0.008786010886079
717 0.009447083598458
718 0.009286145649385
719 0.009749715870747
720 0.010357438812781
721 0.010169703120463
722 0.009987203349484
723 0.010195027536874
724 0.010624150528899
725 0.010658358169630
726 0.010779116631276
727 0.010592954430773
728 0.010406832818161
729 0.010282361645710
730 0.010148336927084
731 0.009963498356873
732 0.009779263726774
733 0.009819650465667
734 0.009637206416728
735 0.009956290058686
736 0.009819806714503
737 0.009830853261374
738 0.009648155628229
739 0.009465952536643
740 0.009300360746681
741 0.009218991181171
742 0.010368347720342
743 0.010186249878227
744 0.010149267915076
745 0.009967863503225
746 0.009787445911799
747 0.009607019397186
748 0.009430436411287
749 0.009251096915825
750 0.009077005787532
751 0.008898542608571
752 0.008721248230451
753 0.008583755087328
754 0.008407307026123
755 0.008230717131817
756 0.008166223268097
757 0.007990431636223
758 0.007821696760006
759 0.007677354085693
760 0.007502810435198
761 0.007715365024541
762 0.007826611825489
763 0.007652527147216
764 0.007478898482709
765 0.007308944373079
766 0.007439701422503
767 0.007267029060817
768 0.007094806512168
769 0.006964788295198
770 0.006799251242940
771 0.006628888388002
772 0.006460707024209
773 0.006300332501951
774 0.006130730074795
775 0.005961974334373
776 0.005952744861543
777 0.005864819149252
778 0.005696612447411
779 0.005886849048437
780 0.005719600173984
781 0.005552274816799
782 0.005390562905098
783 0.005224063529473
784 0.005622879099345
785 0.005667511797103
786 0.005502344971676
787 0.005336876352462
788 0.005226720901390
789 0.005063262692670
790 0.004898723000015
791 0.004740205868689
792 0.004576644880173
793 0.004484181828083
794 0.004321103727607
795 0.004170424176391
796 0.004008149801042
797 0.003950004631085
798 0.003789878788992
799 0.003916667069709
800 0.003869200660387
801 0.003708315332676
802 0.003547831149609
803 0.003387759944819
804 0.003230266269846
805 0.003816329532398
806 0.003682075456955
807 0.003522618114381
808 0.003875905369346
809 0.003996701469667
810 0.004589336307581
811 0.004429546883469
812 0.004271134743755
813 0.004426524651008
814 0.004297286011284
815 0.004424553053357
816 0.004287393467599
817 0.004151780704553
818 0.004005083539263
819 0.004948738667521
820 0.004891292779027
821 0.004733082480925
822 0.004575261650377
823 0.005366134290219
824 0.005217183588661
825 0.005059344832216
826 0.004917394764540
827 0.004792396454130
828 0.004635647954419
829 0.004513733663562
830 0.004357693037491
831 0.004202057815656
832 0.004050816155065
833 0.003895906480549
834 0.003912240108077
835 0.003840150186922
836 0.003699761302067
837 0.004638054355128
838 0.004483355007175
839 0.004329491331006
840 0.004175529356238
841 0.004045074479156
842 0.004568692202141
843 0.005563246164465
844 0.005420132052305
845 0.005265788700872
846 0.005474131221204
847 0.005320088563387
848 0.005167280129191
849 0.006054761920652
850 0.006114585492977
851 0.005960694456502
852 0.006314467727405
853 0.006169737225970
854 0.006016163471462
855 0.005862928263665
856 0.006015146079548
857 0.005862278051785
858 0.005709757971262
859 0.005557856672315
860 0.005407663324950
861 0.005256203282100
862 0.005638185785045
863 0.005486888074243
864 0.005336125461518
865 0.005857092033438
866 0.005735416690638
867 0.005814973949547
868 0.005861695835383
869 0.005780749181398
870 0.005687067174611
871 0.005537134171617
872 0.005401996203115
873 0.006084826929651
874 0.005934844290301
875 0.005796024711210
876 0.005878959182243
877 0.006179906744958
878 0.006030533841795
879 0.006348225482570
880 0.006199111456115
881 0.006050190784775
882 0.005901615120524
883 0.005753389041618
884 0.005605491771824
885 0.005466206480073
886 0.005320079780513
887 0.005523036634015
888 0.005376194360483
889 0.005698943647359
890 0.005730798737048
891 0.005629560722482
892 0.005611244029118
893 0.005465131980801
894 0.005647090147941
895 0.006092902093982
896 0.005946764288457
897 0.005800931119024
898 0.005672656673297
899 0.005540673156224
900 0.005395629978204
901 0.006197196714227
902 0.006052924671016
903 0.006213176240933
904 0.006068028923018
905 0.006791335240166
906 0.006646020025603
907 0.006559425659181
908 0.006414551439874
909 0.006270553323969
910 0.006251529253861
911 0.006108192645544
912 0.005964842524393
913 0.005904179012190
914 0.005854566216325
915 0.005871267334926
916 0.005773924785007
917 0.005631314481971
918 0.005548904462203
919 0.005406879860893
920 0.005627497926423
921 0.005485682699379
922 0.005366080266286
923 0.005251363804482
924 0.005110413632917
925 0.004969753728119
926 0.005381212528502
927 0.005240576565214
928 0.005101807723066
929 0.004961847648317
930 0.004867830473798
931 0.005218747350426
932 0.005131796319903
933 0.005546595707833
934 0.005406857092210
935 0.005267384517783
936 0.005207939563052
937 0.005099509844975
938 0.005011110068515
939 0.004875365663758
940 0.004857097186850
941 0.004721912621936
942 0.004585121241950
943 0.004451595667846
944 0.004322141395118
945 0.005126886099160
946 0.004990029082978
947 0.005510321736902
948 0.005372664632793
949 0.005236123980930
950 0.005099033336685
951 0.004962263575368
952 0.004843202272458
953 0.004706957637185
954 0.004579351534836
955 0.004443670590029
956 0.004516555434668
957 0.004385583856399
958 0.004250525962963
959 0.004115749769141
960 0.004020929681198
961 0.004260160671319
962 0.004450601947691
963 0.004745125491736
964 0.004610656382513
965 0.004481418522733
966 0.004347394112120
967 0.004513163681717
968 0.004383531061282
969 0.004616764268916
970 0.004483139704767
971 0.004605601176641
972 0.004473608356926
973 0.004340543168409
974 0.004207750414002
975 0.004075233946052
976 0.004140720762545
977 0.004499818946834
978 0.004367406498435
979 0.004352927800239
980 0.004648713673388
981 0.004516589589779
982 0.004417409773589
983 0.004625149470424
984 0.004494669239620
985 0.004472546019644
986 0.004357715589692
987 0.004227725183112
988 0.004106246878138
989 0.003981957714395
990 0.003854088755506
991 0.003768808236072
992 0.004548329773766
993 0.004417868275149
994 0.004287675829752
995 0.004164918481956
996 0.004035234828865
997 0.003955155902176
998 0.003826176321800
999 0.003697350287059
1000 0.003569228958369
1001 0.003572101131211
1002 0.003581897409165
1003 0.003743365125203
1004 0.003615138386815
1005 0.003493102421820
1006 0.003365375679850
1007 0.003247734803575
1008 0.003120523661502
1009 0.002996835331820
1010 0.002870105791889
1011 0.002743629514633
1012 0.002694587518607
1013 0.002673486408661
1014 0.002547692952415
1015 0.002422030367282
1016 0.002297092952572
1017 0.002744240378155
1018 0.002731352442388
1019 0.002606018601223
1020 0.002481606420376
1021 0.002356747662907
1022 0.002591130980222
1023 0.002671277320328
1024 0.002551456667585
1025 0.003097427002398
1026 0.003016299978093
1027 0.003000209912257
1028 0.003331528946731
1029 0.003210918924989
1030 0.003097610183723
1031 0.002973912931362
1032 0.002850654248385
1033 0.002726963760075
1034 0.002610487673269
1035 0.002493005908131
1036 0.002369943171684
1037 0.002250450431097
1038 0.002127858474998
1039 0.002011927490066
1040 0.002027224477068
1041 0.001935195060523
1042 0.001813376255573
1043 0.001691807735595
1044 0.001608714871469
1045 0.001784686971052
1046 0.001663477905089
1047 0.002406117862921
1048 0.002286514764345
1049 0.002291051737316
1050 0.002169822164334
1051 0.002102312532206
1052 0.001981837130963
1053 0.001863138065822
1054 0.001745610816291
1055 0.001647461090284
1056 0.001527529797880
1057 0.001410286385832
1058 0.001290835117748
1059 0.001196004964262
1060 0.001515667375378
1061 0.001815161602569
1062 0.002077509599977
1063 0.001957963495041
1064 0.001845863199822
1065 0.001728163761821
1066 0.001610035680428
1067 0.001616763244379
1068 0.001498208339187
1069 0.001379875122828
1070 0.001261764201047
1071 0.001143872762574
1072 0.001028665628956
1073 0.000912776650049
1074 0.000795548103913
1075 0.001070299636291
1076 0.001024313130671
1077 0.000930750368806
1078 0.001597444599435
1079 0.001486281318762
1080 0.001400154083737
1081 0.001283235854980
1082 0.001170951884431
1083 0.001170852180591
1084 0.001056420459697
1085 0.000940508767215
1086 0.000824542032536
1087 0.001586376864685
1088 0.001681345155789
1089 0.001576063053417
1090 0.002040565484382
1091 0.001924121356562
1092 0.001807890476200
1093 0.002322276431963
1094 0.002206538285806
1095 0.002090949506183
1096 0.002112929428914
1097 0.001997058213593
1098 0.001882012054011
1099 0.001808271099799
1100 0.001693060883115
1101 0.001578042007457
1102 0.001464647542774
1103 0.001350226733986
1104 0.001235804817615
1105 0.001344137476686
1106 0.001234063291693
1107 0.001120037065421
1108 0.001373010927395
1109 0.001943420570419
1110 0.001829057128463
1111 0.001745392404117
1112 0.002226214993114
1113 0.002112000502826
1114 0.001997896373111
1115 0.001887345665381
1116 0.001810122226236
1117 0.001958692252396
1118 0.002467716538308
1119 0.002353804369830
1120 0.002293632731272
1121 0.002180153266594
1122 0.002212059535876
1123 0.002098789605913
1124 0.001985804111113
1125 0.001908252767481
1126 0.002439752407998
1127 0.002326826410684
1128 0.002213949766913
1129 0.002113335272065
1130 0.002005244175840
1131 0.001892952159109
1132 0.001792490035312
1133 0.001680581426768
1134 0.001725301341655
1135 0.001613650897958
1136 0.001502196408528
1137 0.001697971055291
1138 0.001895004644236
1139 0.001783595663738
1140 0.001672390066183
1141 0.002203248231693
1142 0.002091866679630
1143 0.001981498027103
1144 0.001871807165661
1145 0.002459398280309
1146 0.002419110498834
1147 0.002462552834915
1148 0.003085009500063
1149 0.003787128880899
1150 0.004071684642609
1151 0.004022070771423
1152 0.003953726570015
1153 0.003871003087376
1154 0.003856594408577
1155 0.004266673048370
1156 0.004194360742257
1157 0.004636599514006
1158 0.004583160805550
1159 0.004760364075036
1160 0.004699536047059
1161 0.004601283744263
1162 0.004567968377297
1163 0.004456775533027
1164 0.004919478909333
1165 0.004821107544181
1166 0.004709909403508
1167 0.004630902033656
1168 0.004519924596805
1169 0.004418838544353
1170 0.004309267156255
1171 0.004244545688299
1172 0.004166900569496
1173 0.004074848104946
1174 0.003968933281025
1175 0.003970085459078
1176 0.004557225999830
1177 0.004447304969921
1178 0.004344276728119
1179 0.004334802413431
1180 0.004228057237006
1181 0.004250601270753
1182 0.004792102195505
1183 0.005369460261417
1184 0.005383926453579
1185 0.005296249476532
1186 0.005390587163083
1187 0.005280892561999
1188 0.005171229514715
1189 0.005381683203410
1190 0.005282166529516
1191 0.005172777641096
1192 0.005063789904328
1193 0.004954774355780
1194 0.004845934523688
1195 0.004737276848516
1196 0.004633313933791
1197 0.004561494557910
1198 0.004918177851470
1199 0.004895361018576
1200 0.004787791735196
1201 0.004886224071719
1202 0.004778165649053
1203 0.004901641344313
1204 0.004793756737054
1205 0.004895970108685
1206 0.005123133364455
1207 0.005126296302299
1208 0.005070937819881
1209 0.004963390256211
1210 0.004858270277997
1211 0.004751310252163
1212 0.004644254715720
1213 0.004537378826523
1214 0.004430677864412
1215 0.004660522137627
1216 0.005343288644179
1217 0.005236196949693
1218 0.005129270679627
1219 0.005022629937669
1220 0.005043482045785
1221 0.004939154054505
1222 0.004839860495670
1223 0.005020987132183
1224 0.004914760843743
1225 0.004811690076822
1226 0.004721241811239
1227 0.004619528108109
1228 0.004513975245108
1229 0.004409151716785
1230 0.004356717734809
1231 0.004254397052333
1232 0.004192713626498
1233 0.004183167714709
1234 0.004253604887110
1235 0.004181850831931
1236 0.004396059649756
1237 0.004352780454957
1238 0.004250054233593
1239 0.004146631041187
1240 0.004048892132246
1241 0.004134557066187
1242 0.004035654158277
1243 0.003940590784560
1244 0.003948374417496
1245 0.003844809889798
1246 0.003745905722984
1247 0.003644338049005
1248 0.003541800274283
1249 0.003441034718531
1250 0.003338927841141
1251 0.003595759279755
1252 0.003500777263053
1253 0.003423671497056
1254 0.003345615584207
1255 0.003243529185318
1256 0.003747168382369
1257 0.003645115351480
1258 0.003542859315931
1259 0.003445888823974
1260 0.003753509657149
1261 0.003711712492234
1262 0.003623143158435
1263 0.003674230827890
1264 0.003572431609360
1265 0.003470895744832
1266 0.003435054629635
1267 0.003333685211702
1268 0.003289390401604
1269 0.003188301820980
1270 0.003087366166313
1271 0.003018005014732
1272 0.002920458501207
1273 0.002819971102542
1274 0.002764096114411
1275 0.002664448752154
1276 0.002585538752319
1277 0.002728285366796
1278 0.003068956488466
1279 0.002984751747089
1280 0.003107667560316
1281 0.003007777193421
1282 0.003104885705453
1283 0.003005038255418
1284 0.002906406163893
1285 0.002808629088132
1286 0.002925833591874
1287 0.002827132750893
1288 0.003384516016547
1289 0.003523619119424
1290 0.003872382750890
1291 0.003772559551073
1292 0.003857898740909
1293 0.003798649151794
1294 0.003713366519178
1295 0.003729512724249
1296 0.003658781872031
1297 0.003562264637445
1298 0.003543054247012
1299 0.003444098982051
1300 0.003373456102066
1301 0.003274981054354
1302 0.003461044624962
1303 0.003369263757258
1304 0.003279895006688
1305 0.003398060317448
1306 0.003906262767088
1307 0.003984612312256
1308 0.003899983505885
1309 0.003801511714175
1310 0.003708409535186
1311 0.003610803559094
1312 0.003515384716417
1313 0.003532421803438
1314 0.003435999073706
1315 0.004055683972320
1316 0.003958633848677
1317 0.004107155837742
1318 0.004009204319950
1319 0.003911395978598
1320 0.003813736044202
1321 0.004377038251361
1322 0.004425710419471
1323 0.004329093081065
1324 0.004464452566675
1325 0.004366783321144
1326 0.004329557977095
1327 0.004232677121252
1328 0.004135511301189
1329 0.004038375818438
1330 0.004226879359836
1331 0.004264421777299
1332 0.004220487295759
1333 0.004123547696177
1334 0.004159440993061
1335 0.004062692348123
1336 0.004050940617596
1337 0.003954526639672
1338 0.003859288702623
1339 0.004099496205393
1340 0.004042745228602
1341 0.003946516484960
1342 0.003850436659126
1343 0.003870477839621
1344 0.003774596241133
1345 0.003954272038923
1346 0.003858466703042
1347 0.003767098823384
1348 0.003678473213342
1349 0.003963565338958
1350 0.003908134073555
1351 0.003813459740989
1352 0.003719039900674
1353 0.003715009745641
1354 0.003752256344825
1355 0.003657370567826
1356 0.003562490501036
1357 0.003470897900742
1358 0.003905685511342
1359 0.003827214780374
1360 0.003732488926152
1361 0.003675646359201
1362 0.003581171758094
1363 0.003486834893265
1364 0.003672550034470
1365 0.003580039244038
1366 0.003666757223927
1367 0.003572634544837
1368 0.003478648702881
1369 0.003385332254422
1370 0.003800141829627
1371 0.003726233319161
1372 0.003918980612479
1373 0.003836171440301
1374 0.003742404212179
1375 0.003802503136838
1376 0.003708896666594
1377 0.003635107386028
1378 0.004053730561438
1379 0.003978474393935
1380 0.003992737108173
1381 0.003917726865085
1382 0.003824501310023
1383 0.003731567220041
1384 0.003754821098207
1385 0.003661857718720
1386 0.003909866559923
1387 0.003982993084984
1388 0.003890165311747
1389 0.003797520471544
1390 0.003705206653741
1391 0.003614551469410
1392 0.003522155958297
1393 0.003486888840481
1394 0.003404415023634
1395 0.003312368847990
1396 0.003220459469760
1397 0.003130257314603
1398 0.003668620060958
1399 0.003900206843646
1400 0.003814722796499
1401 0.003722777956123
1402 0.003658560173905
1403 0.003993931410899
1404 0.003902072017713
1405 0.003869740781853
1406 0.004269586172226
1407 0.004180811544270
1408 0.004089063808799
1409 0.004499392519707
1410 0.004777858929817
1411 0.004686176396945
1412 0.004594331261527
1413 0.004839413326914
1414 0.005385810745173
1415 0.005579700290523
1416 0.005487590693764
1417 0.005395504146455
1418 0.005303547538567
1419 0.005719829715377
1420 0.005678217826815
1421 0.005690667629821
1422 0.005810854137648
1423 0.006052565446835
1424 0.005960534152452
1425 0.005869218697082
1426 0.005777445054257
1427 0.005697403835475
1428 0.005630411681764
1429 0.005538997817819
1430 0.005447785165609
1431 0.005356701456184
1432 0.005265670271317
1433 0.005175531979549
1434 0.005086715297076
1435 0.005293544985608
1436 0.005252445656182
1437 0.005165755313532
1438 0.005075236707612
1439 0.005072750809483
1440 0.004982422900397
1441 0.005313606324103
1442 0.005898989538104
1443 0.005860362216795
1444 0.005798465553742
1445 0.005898883049151
1446 0.006005773755396
1447 0.005915237635046
1448 0.006223740562633
1449 0.006247758619787
1450 0.006163086211118
1451 0.006143793249426
1452 0.006053489167932
1453 0.006184435869954
1454 0.006097935044045
1455 0.006674825389595
1456 0.006584412089320
1457 0.006529727395263
1458 0.006502304564686
1459 0.006488947389553
1460 0.006398890836046
1461 0.006309051855181
1462 0.006266756957432
1463 0.006177111440256
1464 0.006220190898734
1465 0.006130887845341
1466 0.006041982776698
1467 0.005955936280922
1468 0.005866817701402
1469 0.006053922945688
1470 0.005964783818343
1471 0.005910333763945
1472 0.005821946702826
1473 0.005741729115352
1474 0.005653041298094
1475 0.005609215128306
1476 0.005520779036458
1477 0.005433332455855
1478 0.005502037868659
1479 0.005700489549771
1480 0.005662104710730
1481 0.005573879116771
1482 0.006146677901673
1483 0.006058244734157
1484 0.006227714668709
1485 0.006151592694160
1486 0.006063358385915
1487 0.006040992182272
1488 0.005960308138542
1489 0.005885864973204
1490 0.005802145199043
1491 0.005722427078299
1492 0.005882789261398
1493 0.005795126269371
1494 0.005707596720195
1495 0.005944436235168
1496 0.005880034906695
1497 0.006110204099598
1498 0.006024084409558
1499 0.005978222818674
1500 0.006540249610538
1501 0.006785038699726
1502 0.006705285246396
1503 0.006617662424816
1504 0.006596686236066
1505 0.006611312157014
1506 0.006532954093391
1507 0.006445788700172
1508 0.006358623057798
1509 0.006284882699913
1510 0.006546001075808
1511 0.006459196039447
1512 0.006386660326442
1513 0.006669161561312
1514 0.006603738529253
1515 0.006516871914797
1516 0.006463161756940
1517 0.006699261738722
1518 0.006612503487999
1519 0.006525859314828
1520 0.006884833732472
1521 0.006798124607840
1522 0.006712289136138
1523 0.007105186265124
1524 0.007062213540777
1525 0.007007037132566
1526 0.007197787056535
1527 0.007111214908450
1528 0.007037641059282
1529 0.006951285560615
1530 0.006881942491772
1531 0.006801171760188
1532 0.006906189475662
1533 0.006830971342876
1534 0.007294673148910
1535 0.007208880755720
1536 0.007122816564064
1537 0.007059687243628
1538 0.006973822687553
1539 0.006895486772580
1540 0.007078918356626
1541 0.006993948523031
1542 0.006908349946088
1543 0.006823759146291
1544 0.006755187827624
1545 0.006671696680531
1546 0.006586982160015
1547 0.006614013944622
1548 0.006539775264501
1549 0.006692359389406
1550 0.006607396807593
1551 0.006522543553736
1552 0.006442278775988
1553 0.006357730891599
1554 0.006274313912402
1555 0.006189893131751
1556 0.006127120294868
1557 0.006144121292227
1558 0.006099855956889
1559 0.006015763682407
1560 0.005962445403369
1561 0.006237863381199
1562 0.006452843420375
1563 0.006848521124257
1564 0.006906484274497
1565 0.007000312690956
1566 0.006925171283850
1567 0.006840982062486
1568 0.006904768325501
1569 0.006820699062332
1570 0.006751878286794
1571 0.006668888982447
1572 0.006846693886459
1573 0.006911402631934
1574 0.006831805892767
1575 0.006748103173308
1576 0.006736773326705
1577 0.006665141260156
1578 0.006581719423059
1579 0.006498387112161
1580 0.006430459961236
1581 0.006349911902341
1582 0.006266924713740
1583 0.006209569115930
1584 0.006126736691388
1585 0.006044006896234
1586 0.005971042694847
1587 0.005931168576019
1588 0.005889829788546
1589 0.005813351520619
1590 0.005745921329030
1591 0.005671682017963
1592 0.005790777102005
1593 0.005709257940767
1594 0.005627500819302
1595 0.005545602699784
1596 0.005762483355083
1597 0.005752859985800
1598 0.005671065532551
1599 0.005597736063215
1600 0.005525032993898
1601 0.005443514884374
1602 0.005362214072818
1603 0.005530690698924
1604 0.005449312462827
1605 0.005603191565204
1606 0.006003444133218
1607 0.005922880012940
1608 0.006453979589515
1609 0.006372531305421
1610 0.006290945368325
1611 0.006614004108575
1612 0.006609777911781
1613 0.006565608689785
1614 0.006489550380179
1615 0.006613476213824
1616 0.006992064043798
1617 0.006914648360743
1618 0.006991134664447
1619 0.007447617211171
1620 0.007587142351185
1621 0.007764031524361
1622 0.007704795798698
1623 0.007657892387214
1624 0.007576209848597
1625 0.007496659073456
1626 0.007665242057425
1627 0.007663345547450
1628 0.007581857194094
1629 0.007500519246433
1630 0.007419230585833
1631 0.007350681217738
1632 0.007270648277945
1633 0.007566985338785
1634 0.007485855399562
1635 0.007973872185851
1636 0.007892633792430
1637 0.007821074434905
1638 0.007751144778738
1639 0.007670449455463
1640 0.007590352516646
1641 0.007566748322845
1642 0.007486262637863
1643 0.007408247425290
1644 0.007327707128805
1645 0.007252607621887
1646 0.007441979930852
1647 0.007411972714354
1648 0.007578476485858
1649 0.007505418987899
1650 0.007425127997984
1651 0.007646713489882
1652 0.007566421936404
1653 0.007730243880106
1654 0.007762761651429
1655 0.007683853586107
1656 0.007627300965710
1657 0.007547260999918
1658 0.007477485581458
1659 0.007397631773017
1660 0.007320504109998
1661 0.007242060134023
1662 0.007162492107468
1663 0.007083042544111
1664 0.007004443489223
1665 0.006925259428913
1666 0.006846072629623
1667 0.006831400344259
1668 0.006775418281480
1669 0.006905421878341
1670 0.006826540214551
1671 0.007038866163115
1672 0.007250731461848
1673 0.007233970738250
1674 0.007166556676807
1675 0.007104914147083
1676 0.007027672015289
1677 0.007438980250267
1678 0.007360984889930
1679 0.007282154370158
1680 0.007549151958521
1681 0.007470308013756
1682 0.007465791286927
1683 0.007389484845498
1684 0.007329903670304
1685 0.007255907957264
1686 0.007177464366007
1687 0.007217369158650
1688 0.007139050764250
1689 0.007063544194562
1690 0.006985880122511
1691 0.006907828153220
1692 0.007179866112007
1693 0.007101796791534
1694 0.007023814627331
1695 0.006951804488446
1696 0.006878305183909
1697 0.006800649799135
1698 0.006723031766262
1699 0.006645502050969
1700 0.006568063831423
1701 0.006606555188771
1702 0.006529231180133
1703 0.006451997373573
1704 0.006382894684109
1705 0.006306294031096
1706 0.006596931059274
1707 0.006520408902610
1708 0.006879047063312
1709 0.006801879688332
1710 0.006724802565718
1711 0.006647875363789
1712 0.006570978284937
1713 0.006498202719567
1714 0.006422288343826
1715 0.006368595199714
1716 0.006292042804324
1717 0.006288786754764
1718 0.006216197181448
1719 0.006258948010823
1720 0.006479576738411
1721 0.006404348920707
1722 0.006328141155998
1723 0.006271230972502
1724 0.006201104076120
1725 0.006139477027599
1726 0.006063554141092
1727 0.005989158968851
1728 0.005976400791140
1729 0.006121741494834
1730 0.006046686004190
1731 0.005970980244257
1732 0.005973069970838
1733 0.005897869225213
1734 0.005822380423943
1735 0.006040454634566
1736 0.005965116631752
1737 0.005910090325108
1738 0.005836250592665
1739 0.005849099427865
1740 0.005792789307549
1741 0.005814191103682
1742 0.005845470284432
1743 0.006308351065472
1744 0.006233876894410
1745 0.006159754645610
1746 0.006084636248009
1747 0.006011150130088
1748 0.006134874803137
1749 0.006078645321670
1750 0.006003743238633
1751 0.005930361070420
1752 0.005922166602359
1753 0.006361278975150
1754 0.006286712943420
1755 0.006355220589562
1756 0.006280441882050
1757 0.006224964787393
1758 0.006163862280751
1759 0.006519808035870
1760 0.006445080893552
1761 0.006370438660349
1762 0.006353317845863
1763 0.006320607545370
1764 0.006250585937872
1765 0.006183159750264
1766 0.006108889884267
1767 0.006035044713028
1768 0.005960936170758
1769 0.005891716989861
1770 0.005817766867420
1771 0.005846194177388
1772 0.005773187886843
1773 0.005699429884369
1774 0.005659147082589
1775 0.005585817445434
1776 0.005644498435032
1777 0.005964708305340
1778 0.005891049865849
1779 0.006004448021490
1780 0.005965362375292
1781 0.005891827742160
1782 0.005859763656227
1783 0.005823345572579
1784 0.005790820506081
1785 0.005717552249142
1786 0.005650348420441
1787 0.005605295919839
1788 0.005532250465348
1789 0.005459341818399
1790 0.005386459504548
1791 0.005313658780843
1792 0.005251894168656
1793 0.005585169074321
1794 0.005512382655800
1795 0.005765583440497
1796 0.005693343264491
1797 0.005620911520470
1798 0.005550110458356
1799 0.005478699837580
1800 0.005406221921001
1801 0.005333814246419
1802 0.005362653271891
1803 0.005291785614354
1804 0.005219681522896
1805 0.005147537664592
1806 0.005110697910497
1807 0.005038843744261
1808 0.004967343991736
1809 0.004895499304408
1810 0.004823733849837
1811 0.005025108059505
1812 0.004970264795454
1813 0.004898595023252
1814 0.004830089928637
1815 0.004767611613771
1816 0.004780527665257
1817 0.004709101948325
1818 0.004782826584471
1819 0.004711478231815
1820 0.004640208189202
1821 0.004576771745318
1822 0.004521008239801
1823 0.004721479378284
1824 0.004650363341767
1825 0.004580940118846
1826 0.004594593227556
1827 0.004627451173019
1828 0.004557088062712
1829 0.004576726958014
1830 0.004613738281202
1831 0.004542949857731
1832 0.004472592461071
1833 0.004401959258053
1834 0.004358235565702
1835 0.004330663750039
1836 0.004260453073370
1837 0.004221955367543
1838 0.004272386519214
1839 0.004474315129409
1840 0.004403948653807
1841 0.004612719117293
1842 0.004542372499907
1843 0.004483934715051
1844 0.004446357590001
1845 0.004827121405623
1846 0.004757538968540
1847 0.004687285835626
1848 0.005045172264298
1849 0.004977019482957
1850 0.004906799887729
1851 0.004836622622231
1852 0.004766517075534
1853 0.004698366015593
1854 0.004628513139089
1855 0.004558793335002
1856 0.004772030794211
1857 0.004709322119782
1858 0.004642481995324
1859 0.004572809668728
1860 0.004507172664641
1861 0.004584623269868
1862 0.004515083185929
1863 0.004446796889090
1864 0.004395207112884
1865 0.004610219130907
1866 0.004564737653897
1867 0.004508530137727
1868 0.004442580074428
1869 0.004592948201956
1870 0.004523647162320
1871 0.004454420493418
1872 0.004525065859306
1873 0.004456122029822
1874 0.004391368261937
1875 0.004538430589727
1876 0.004648690757758
1877 0.004579923263553
1878 0.004512332496248
1879 0.004443410532901
1880 0.004374659173924
1881 0.004311972554313
1882 0.004363825563114
1883 0.004539921828634
1884 0.004471576048231
1885 0.004837324390972
1886 0.004768481824699
1887 0.004700038190128
1888 0.004716760776962
1889 0.004648145338594
1890 0.004579696523954
1891 0.004511874468725
1892 0.004511383080909
1893 0.004447947816485
1894 0.004577558362295
1895 0.004509595083591
1896 0.004441288335129
1897 0.004373166578169
1898 0.004380602281132
1899 0.004312471457238
1900 0.004325326679603
1901 0.004309765343002
1902 0.004243600521481
1903 0.004613441489149
1904 0.004613287574032
1905 0.004545730938284
1906 0.004728932796854
1907 0.004774497225659
1908 0.004706483171571
1909 0.004638809608413
1910 0.004584183468431
1911 0.004855256974899
1912 0.004854822564872
1913 0.004786958292232
1914 0.004722580771837
1915 0.004654856401484
1916 0.004631168106714
1917 0.004563546439226
1918 0.004495995060580
1919 0.004428514083477
1920 0.004433221325982
1921 0.004384932881963
1922 0.004317670469318
1923 0.004250422845584
1924 0.004183245057647
1925 0.004246999496807
1926 0.004193571387144
1927 0.004428714704574
1928 0.004366867161402
1929 0.004299945174041
1930 0.004747443493720
1931 0.004680284357850
1932 0.004613164231070
1933 0.004546114973530
1934 0.004845559682111
1935 0.004780267945819
1936 0.004814654570549
1937 0.004747636163474
1938 0.004681928532600
1939 0.004615403565747
1940 0.004563692848286
1941 0.004882428448364
1942 0.005025129498389
1943 0.004958378032610
1944 0.004891717816714
1945 0.004832725252055
1946 0.004766099354139
1947 0.004699453545550
1948 0.004632874830170
1949 0.004811000774607
1950 0.004744431308269
1951 0.004678020678165
1952 0.004793244627987
1953 0.004741644374445
1954 0.004675614961909
1955 0.004612645983167
1956 0.004564193603258
1957 0.004568682396461
1958 0.004504284497476
1959 0.004438177299745
1960 0.004372138722172
1961 0.004650937782906
1962 0.004585298394614
1963 0.004519284488148
1964 0.004495621616341
1965 0.004429776817427
1966 0.004375703381409
1967 0.004316970204263
1968 0.004642687684098
1969 0.004577049746383
1970 0.004511274598423
1971 0.004451395195628
1972 0.004385752191783
1973 0.004320181598708
1974 0.004254762812308
1975 0.004189493935583
1976 0.004124114637036
1977 0.004062636492729
1978 0.003997400119497
1979 0.004008588218473
1980 0.004019360109900
1981 0.003954344617072
1982 0.003889461495145
1983 0.003824470815050
1984 0.003759539163277
1985 0.003694681263244
1986 0.003639208977678
1987 0.003577218241705
1988 0.003512566791956
1989 0.003448098101234
1990 0.003384729057963
1991 0.003625928130158
1992 0.003849193383604
1993 0.003784550504787
1994 0.003889423212311
1995 0.003825850070411
1996 0.003761671913886
1997 0.004150959468054
1998 0.004086585863070
1999 0.004022055329040
2000 0.003957583718032
2001 0.003893163031181
2002 0.003979275422129
2003 0.003915086827371
2004 0.004013325530417
2005 0.003948979738589
2006 0.004020724957637
2007 0.004300838199845
2008 0.004399831616959
2009 0.004335421551043
2010 0.004271133100334
2011 0.004607134413952
2012 0.004545661725750
2013 0.004481507218298
2014 0.004439284364575
2015 0.004432280680996
2016 0.004370054150825
2017 0.004307424984596
2018 0.004481479426088
2019 0.004417347954833
2020 0.004821580178085
2021 0.004760900281371
2022 0.004701919029685
2023 0.004638292212059
2024 0.004690495260234
2025 0.004626450598979
2026 0.004565069185153
2027 0.004502532244679
2028 0.004438675413026
2029 0.004375069403072
2030 0.004311351142172
2031 0.004263327818621
2032 0.004232869877724
2033 0.004260623191907
2034 0.004256791276349
2035 0.004260683216340
2036 0.004224994658613
2037 0.004171124848774
2038 0.004111253538526
2039 0.004047939292144
2040 0.004092029518167
2041 0.004028830507374
2042 0.003967548436186
2043 0.004007555895287
2044 0.003944621640812
2045 0.004302149242526
2046 0.004238951727182
2047 0.004398221379231
2048 0.004645900871838
2049 0.004582715523072
2050 0.004519890927358
2051 0.004456926853965
2052 0.004572021965234
2053 0.004509019278921
2054 0.004509252417897
2055 0.004447720883727
2056 0.004514437195460
2057 0.004465541416792
2058 0.004402642924579
2059 0.004339795605969
2060 0.004277009297528
2061 0.004214365135131
2062 0.004151716737772
2063 0.004100161600936
2064 0.004037627710226
2065 0.004321337026654
2066 0.004331224342280
2067 0.004372566054787
2068 0.004323544307865
2069 0.004296985421585
2070 0.004234591333980
2071 0.004172189319823
2072 0.004310420090788
2073 0.004248041720430
2074 0.004253976018315
2075 0.004191720237942
2076 0.004129574622270
2077 0.004067437242661
2078 0.004030119360441
2079 0.003999686570427
2080 0.003944615966457
2081 0.003960516633821
2082 0.004223090363438
2083 0.004161057194684
2084 0.004273146921920
2085 0.004266361604742
2086 0.004204393111768
2087 0.004142484230092
2088 0.004460836264478
2089 0.004456258199305
2090 0.004394317415984
2091 0.004332708453557
2092 0.004270885939937
2093 0.004400720943173
2094 0.004339307862631
2095 0.004277573568866
2096 0.004438824343174
2097 0.004437943313678
2098 0.004622334437173
2099 0.004563278158476
2100 0.004527982664930
2101 0.004467734785174
2102 0.004406147227616
2103 0.004355419956659
2104 0.004293939258083
2105 0.004238946611340
2106 0.004177583115530
2107 0.004116511792694
2108 0.004055844501801
2109 0.003994652680062
2110 0.003933816463923
2111 0.003872739354198
2112 0.003811782885143
2113 0.003937487139225
2114 0.003901089783436
2115 0.003870117021179
2116 0.004247108724585
2117 0.004278333216934
2118 0.004226909784657
2119 0.004167511001724
2120 0.004106600101975
2121 0.004049378396235
2122 0.003988563424950
2123 0.003927825846561
2124 0.003867140078196
2125 0.003806496743412
2126 0.003762106609487
2127 0.003702353534617
2128 0.003677908507659
2129 0.003617469353762
2130 0.003557088711894
2131 0.003577245366865
2132 0.003664907094691
2133 0.003707390846238
2134 0.003647095575573
2135 0.003629577011865
2136 0.003570291080165
2137 0.003525535080502
2138 0.003521580553530
2139 0.003461495663278
2140 0.003414812048636
2141 0.003387150763783
2142 0.003327214570771
2143 0.003267332708870
2144 0.003207506965982
2145 0.003161574424526
2146 0.003105033968622
2147 0.003132168444078
2148 0.003072536846642
2149 0.003015462399421
2150 0.002955922562620
2151 0.002897004754452
2152 0.002854283578558
2153 0.002992506212455
2154 0.002933089142687
2155 0.002939280810794
2156 0.002883960128574
2157 0.003104379306446
2158 0.003507914058197
2159 0.003448418581596
2160 0.003404147909896
2161 0.003344735895780
2162 0.003295560496453
2163 0.003275146462717
2164 0.003215870810471
2165 0.003253711595475
2166 0.003195205479031
2167 0.003138160535322
2168 0.003244242485580
2169 0.003185250140815
2170 0.003127196651800
2171 0.003068657224323
2172 0.003318379788410
2173 0.003388662636424
2174 0.003329606319696
2175 0.003351652530668
2176 0.003292667572009
2177 0.003577740371268
2178 0.003520432193579
2179 0.003466423956611
2180 0.003422280789241
2181 0.003445515866611
2182 0.003605009568652
2183 0.003863872308361
2184 0.003804869108205
2185 0.003957789792681
2186 0.003900014193564
2187 0.004059194266469
2188 0.004241430967187
2189 0.004183065694496
2190 0.004127992817929
2191 0.004114554211397
2192 0.004080458792889
2193 0.004195230129203
2194 0.004136344480543
2195 0.004077541796167
2196 0.004030942011737
2197 0.003973266954466
2198 0.003946514804766
2199 0.004023401566297
2200 0.003966222168786
2201 0.003926659224235
2202 0.003868121177195
2203 0.003809821333816
2204 0.003752296011520
2205 0.003708245428382
2206 0.003649903797870
2207 0.003591612044759
2208 0.003533388287821
2209 0.003766640749726
2210 0.003714079376397
2211 0.003850059032325
2212 0.003791808648826
2213 0.003776686963646
2214 0.003778864607039
2215 0.003720725629530
2216 0.003739209574703
2217 0.003686548917329
2218 0.003718934824043
2219 0.003687734095368
2220 0.003631275461277
2221 0.003576124362716
2222 0.003518259760629
2223 0.003568849656425
2224 0.003633670124378
2225 0.003575858621613
2226 0.003577909933826
2227 0.003521331584282
2228 0.003463648050074
2229 0.003431943393039
2230 0.003374350630227
2231 0.003453681933472
2232 0.003396131544616
2233 0.003348982781207
2234 0.003291530997688
2235 0.003468680752338
2236 0.003411226065060
2237 0.003353822745407
2238 0.003296948230107
2239 0.003610407714194
2240 0.003555026120140
2241 0.003503913626477
2242 0.003503588198131
2243 0.003619332049368
2244 0.003613783340205
2245 0.003556543921379
2246 0.003546490037961
2247 0.003811597073716
2248 0.003760314812037
2249 0.003790204659471
2250 0.003733034306091
2251 0.003675845043152
2252 0.003618706607819
2253 0.003561623958999
2254 0.003709237775033
2255 0.003657924789972
2256 0.003600895797702
2257 0.003543917120445
2258 0.003491677621607
2259 0.003434811293282
2260 0.003513132073932
2261 0.003461884009401
2262 0.003423567404994
2263 0.003369125985057
2264 0.003669311866905
2265 0.003612505263786
2266 0.003555754155532
2267 0.003499046860817
2268 0.003487838097501
2269 0.003431210579662
2270 0.003409362713194
2271 0.003356660558621
2272 0.003411128222066
2273 0.003427194117313
2274 0.003370717788111
2275 0.003317099573558
2276 0.003263466125651
2277 0.003208909599924
2278 0.003268046903055
2279 0.003212427133233
2280 0.003157394568963
2281 0.003130093998783
2282 0.003287341532237
2283 0.003231149101242
2284 0.003351910990645
2285 0.003301289432290
2286 0.003320088252868
2287 0.003449022902172
2288 0.003399318995937
2289 0.003358983934403
2290 0.003303932793984
2291 0.003269644142295
2292 0.003236409232197
2293 0.003180484064640
2294 0.003124699555409
2295 0.003114736755657
2296 0.003305904118247
2297 0.003250357171784
2298 0.003195066930810
2299 0.003440775060070
2300 0.003392980259136
2301 0.003369423625123
2302 0.003313659780498
2303 0.003283477245195
2304 0.003227904530333
2305 0.003188894432213
2306 0.003139130458446
2307 0.003128412649139
2308 0.003073226250245
2309 0.003017796611587
2310 0.002962377652451
2311 0.002908916019706
2312 0.002855089045350
2313 0.002799816004325
2314 0.002764338115887
2315 0.002754136913614
2316 0.002777475230704
2317 0.002725684858336
2318 0.002749143655018
2319 0.002839365963881
2320 0.002784262815407
2321 0.002811306494220
2322 0.002757684661805
2323 0.002738557053250
2324 0.002694582405485
2325 0.002639660767840
2326 0.002584785606842
2327 0.002542401227131
2328 0.002915062138928
2329 0.002860141880466
2330 0.002835951800139
2331 0.002781877241069
2332 0.002732347167813
2333 0.003014058819282
2334 0.002997918800235
2335 0.002944734491877
2336 0.003116537772424
2337 0.003061716900687
2338 0.003006943062222
2339 0.002962294317746
2340 0.002907927463931
2341 0.002886831539325
2342 0.002832955656242
2343 0.002778396908791
2344 0.002733856808213
2345 0.002679547733524
2346 0.002628934767607
2347 0.002978564240208
2348 0.003025010042324
2349 0.002970508140531
2350 0.003146062151234
2351 0.003093213988905
2352 0.003103463097327
2353 0.003058531273540
2354 0.003014648958520
2355 0.002960741252883
2356 0.002928083303516
2357 0.003070404154098
2358 0.003439002881544
2359 0.003384556567788
2360 0.003330162036310
2361 0.003291901788446
2362 0.003237586953409
2363 0.003186031389080
2364 0.003147765970711
2365 0.003249752359597
2366 0.003196285069290
2367 0.003289683915735
2368 0.003255444906611
2369 0.003201313829276
2370 0.003266809783930
2371 0.003212711597935
2372 0.003161183291887
2373 0.003164949783446
2374 0.003280417883020
2375 0.003228434798929
2376 0.003308719651002
2377 0.003254740396949
2378 0.003204135612452
2379 0.003330379273743
2380 0.003614458024567
2381 0.003560538219193
2382 0.003506568464155
2383 0.003479278285864
2384 0.003432638569992
2385 0.003792553738116
2386 0.003886822440469
2387 0.003859791509783
2388 0.003929650144868
2389 0.003875721599717
2390 0.003821798703696
2391 0.003767936866617
2392 0.003718924705052
2393 0.003699553801933
2394 0.003670697581949
2395 0.003616976901231
2396 0.003690518207043
2397 0.003637442090237
2398 0.003583809886392
2399 0.003721439721454
2400 0.003671291621534
2401 0.003889762590425
2402 0.003861370918516
2403 0.003807748805363
2404 0.003800288920302
2405 0.003747968809641
2406 0.003696848486442
2407 0.003644150701842
2408 0.003590745573345
2409 0.003539501097578
2410 0.003500315076175
2411 0.003447752987451
2412 0.003394524426414
2413 0.003341315392002
2414 0.003294829799032
2415 0.003246027164074
2416 0.003195410329651
2417 0.003142371268765
2418 0.003089408842188
2419 0.003048109179188
2420 0.002995197503618
2421 0.002942363007035
2422 0.002889543349034
2423 0.003212534394677
2424 0.003519685096109
2425 0.003467342545765
2426 0.003414638550346
2427 0.003366149158901
2428 0.003313283323114
2429 0.003266345299361
2430 0.003213562306496
2431 0.003167395790791
2432 0.003117417560851
2433 0.003064840163654
2434 0.003028425698589
2435 0.003209093756460
2436 0.003156462821085
2437 0.003155218785260
2438 0.003102659138869
2439 0.003387518838817
2440 0.003391521026184
2441 0.003341390210353
2442 0.003429428973875
2443 0.003382940946410
2444 0.003351560544577
2445 0.003311222135649
2446 0.003258764564571
2447 0.003594850590131
2448 0.003546924753986
2449 0.003530521626035
2450 0.003551021764747
2451 0.003498574077363
2452 0.003456113490413
2453 0.003572061496118
2454 0.003522387733799
2455 0.003470385487869
2456 0.003424925613312
2457 0.003414078971644
2458 0.003361836375398
2459 0.003311996916675
2460 0.003280740042831
2461 0.003228758765436
2462 0.003176692487991
2463 0.003242490802764
2464 0.003201376436284
2465 0.003149415970964
2466 0.003136210297440
2467 0.003084331608711
2468 0.003044237148179
2469 0.003018428752965
2470 0.002966599430182
2471 0.002914813292163
2472 0.002863657117684
2473 0.002811953378083
2474 0.002760302957387
2475 0.002708811601859
2476 0.002657235941284
2477 0.002637011931930
2478 0.002616545044604
2479 0.002565066021157
2480 0.002546107088096
2481 0.002895185192356
2482 0.002844740843294
2483 0.002793407721965
2484 0.002741961782287
2485 0.002690556773767
2486 0.002834521621139
2487 0.002783484919693
2488 0.002732157315325
2489 0.002705122256544
2490 0.002653835066954
2491 0.002602589048420
2492 0.002551406807391
2493 0.002541602007088
2494 0.002491570384236
2495 0.002492585809522
2496 0.002550324855700
2497 0.002662202586069
2498 0.002843081803606
2499 0.002791968154209
2500 0.002740863962821
2501 0.002689803105933
2502 0.002638768012774
2503 0.002930647444383
2504 0.002879557911441
2505 0.002828950290424
2506 0.002816357601718
2507 0.002801726128790
2508 0.002868904121323
2509 0.002818688820325
2510 0.002769254752534
2511 0.002810392284860
2512 0.003140328152828
2513 0.003304779108912
2514 0.003253748434413
2515 0.003202753097794
2516 0.003265547337933
2517 0.003602310996847
2518 0.003552506446251
2519 0.003886073919781
2520 0.003834928667552
2521 0.003783843810526
2522 0.003732779933788
2523 0.003681793939367
2524 0.003939548817308
2525 0.003940958299154
2526 0.003942922556422
2527 0.003891951722880
2528 0.003840969328411
2529 0.003790023979603
2530 0.003739150560337
2531 0.003855328263690
2532 0.004138749239177
2533 0.004088617232261
2534 0.004037674865685
2535 0.003987664168217
2536 0.003936801524837
2537 0.003886014186034
2538 0.003835406853386
2539 0.003827660270652
2540 0.003790924443161
2541 0.003791205664665
2542 0.003740714813058
2543 0.003690090245847
2544 0.003640331985863
2545 0.003591448438593
2546 0.003540941230029
2547 0.003496436167910
2548 0.003464805852916
2549 0.003417131371824
2550 0.003366771761084
2551 0.003316474466880
2552 0.003266193716754
2553 0.003217227494099
2554 0.003167137613686
2555 0.003116974383008
2556 0.003154641845652
2557 0.003105169917262
2558 0.003055093852178
2559 0.003006311443422
2560 0.002980458997578
2561 0.003231345111524
2562 0.003220422577763
2563 0.003170395254370
2564 0.003245946803311
2565 0.003195959268581
2566 0.003146285227916
2567 0.003098797238683
2568 0.003048914530895
2569 0.003064270458653
2570 0.003014440007608
2571 0.002965034031247
2572 0.002919614132819
2573 0.002905467265741
2574 0.002855974656203
2575 0.002806322087922
2576 0.003049440768631
2577 0.003014217227897
2578 0.002964560975124
2579 0.002925748145703
2580 0.002885185496646
2581 0.002848060659755
2582 0.002971481964524
2583 0.002921938422869
2584 0.002872433141362
2585 0.002823001053481
2586 0.002786541511472
2587 0.002743295430970
2588 0.002759140105015
2589 0.002734953933132
2590 0.002744301064648
2591 0.002695009149875
2592 0.002645796552958
2593 0.002597859386529
2594 0.002548764209491
2595 0.002843549015518
2596 0.002917301993898
2597 0.002888217340985
2598 0.002873018784447
2599 0.002823819840336
2600 0.002774662098999
2601 0.002924920982649
2602 0.003123910039603
2603 0.003091745748588
2604 0.003048887493730
2605 0.002999815428955
2606 0.002952658139064
2607 0.002944431958781
2608 0.002910709767512
2609 0.002862524184688
2610 0.002813574023708
2611 0.002764666939664
2612 0.002733708260268
2613 0.002685106462796
2614 0.002719548513844
2615 0.002685649064848
2616 0.002636967035794
2617 0.002623887182874
2618 0.002575138562995
2619 0.002542239243305
2620 0.002635610429651
2621 0.002595166820404
2622 0.002548124231031
2623 0.002515179381157
2624 0.002466583657307
2625 0.002423637238192
2626 0.002375113385474
2627 0.002328589480383
2628 0.002595533991991
2629 0.002582914757972
2630 0.002534406728394
2631 0.002488514942980
2632 0.002441906076018
2633 0.002416813583831
2634 0.002597967421733
2635 0.002554268344369
2636 0.002540923023460
2637 0.002496120663633
2638 0.002488629690598
2639 0.002700828340002
2640 0.002653441641049
2641 0.002711412789305
2642 0.002668255635929
2643 0.002627739670836
2644 0.002684221668604
2645 0.002676524149414
2646 0.002742022335038
2647 0.002747680562791
2648 0.002717125768359
2649 0.002738845300388
2650 0.002700975332337
2651 0.002653004951517
2652 0.002604870347481
2653 0.002556772069058
2654 0.002508757947504
2655 0.002483108129977
2656 0.002579567050584
2657 0.002531597648357
2658 0.002604050052063
2659 0.002564721150609
2660 0.002516774658320
2661 0.002469432225253
2662 0.002489509706984
2663 0.002442665076938
2664 0.002521476141220
2665 0.002473625681858
2666 0.002425811118772
2667 0.002378032412380
2668 0.002684239341667
2669 0.002636651651619
2670 0.002588847731687
2671 0.002615930330371
2672 0.002568402015843
2673 0.002668813090947
2674 0.002862101015874
2675 0.002817182964014
2676 0.002769419174001
2677 0.002759934495386
2678 0.002712227275635
2679 0.002667911535009
2680 0.002620274286818
2681 0.002574999700907
2682 0.002527479036083
2683 0.002502924389398
2684 0.002456413722565
2685 0.002408970790578
2686 0.002361546225034
2687 0.002314296715081
2688 0.002391702206618
2689 0.002359206405064
2690 0.002396746144446
2691 0.002349534295855
2692 0.002312219514160
2693 0.002296782383704
2694 0.002252810724405
2695 0.002566312558550
2696 0.002519353703438
2697 0.002472071780118
2698 0.002424885898458
2699 0.002377678206517
2700 0.002331078226071
2701 0.002373201408422
2702 0.002338525358756
2703 0.002291450362800
2704 0.002244920922650
2705 0.002203027809375
2706 0.002157671210550
2707 0.002110697560550
2708 0.002071959006158
2709 0.002025254614311
2710 0.001978451135791
2711 0.002092296615975
2712 0.002068994693249
2713 0.002104628326930
2714 0.002057795384280
2715 0.002025136140402
2716 0.002149915356365
2717 0.002103117448628
2718 0.002056419541032
2719 0.002021442621569
2720 0.002258959036196
2721 0.002223859737286
2722 0.002345778417823
2723 0.002324501513493
2724 0.002277759799663
2725 0.002246611144738
2726 0.002200216771352
2727 0.002153574894599
2728 0.002106964346617
2729 0.002091615904643
2730 0.002063860538226
2731 0.002302860504588
2732 0.002472229179010
2733 0.002607471020384
2734 0.002560817785260
2735 0.002514480796365
2736 0.002474590027779
2737 0.002531436888192
2738 0.002484858636584
2739 0.002438324542018
2740 0.002391814629439
2741 0.002354135030080
2742 0.002339773911339
2743 0.002455863379364
2744 0.002409810583081
2745 0.002414658838217
2746 0.002368258743957
2747 0.002321898718220
2748 0.002278013497000
2749 0.002232764957719
2750 0.002188816769053
2751 0.002146351988917
2752 0.002100154781330
2753 0.002053994721144
2754 0.002007860423124
2755 0.001983852963081
2756 0.001974044138701
2757 0.001927992778913
2758 0.001882142894899
2759 0.001836154441512
2760 0.001851138558846
2761 0.002085748570405
2762 0.002039736850794
2763 0.001994034155757
2764 0.001956337988511
2765 0.001922992376118
2766 0.001877105538671
2767 0.001831251879641
2768 0.001912020992470
2769 0.001915307924199
2770 0.002018868514155
2771 0.001973029875213
2772 0.002023903741265
2773 0.001979608208728
2774 0.001933852244857
2775 0.001891761596150
2776 0.001846056672679
2777 0.001800529285542
2778 0.001754884747974
2779 0.001710033289424
2780 0.001664460035250
2781 0.001620484227431
2782 0.001653729294282
2783 0.001608219510664
2784 0.001568619802014
2785 0.001524411802289
2786 0.001480137386440
2787 0.001434807002666
2788 0.001391238516546
2789 0.001346308075082
2790 0.001302089941720
2791 0.001258022333702
2792 0.001233361683490
2793 0.001302863367951
2794 0.001310895426052
2795 0.001266092377588
2796 0.001221229555331
2797 0.001440295807790
2798 0.001548967918376
2799 0.001504747166076
2800 0.001459617259991
2801 0.001414537028106
2802 0.001431562567496
2803 0.001387753843388
2804 0.001358372403432
2805 0.001567050036902
2806 0.001703021888297
2807 0.001716025693171
2808 0.001670899723146
2809 0.001629832689104
2810 0.001584785824829
2811 0.001539773195881
2812 0.001494773276813
2813 0.001449805427942
2814 0.001404890766563
2815 0.001359994019144
2816 0.001315121862227
2817 0.001270358078390
2818 0.001394787892969
2819 0.001353599043181
2820 0.001308989585994
2821 0.001264217622275
2822 0.001239058066769
2823 0.001197419528149
2824 0.001176410037178
2825 0.001132026778265
2826 0.001090272758255
2827 0.001045670610127
2828 0.001001135319276
2829 0.001156152203962
2830 0.001272098935364
2831 0.001228104905313
2832 0.001277482902036
2833 0.001234471023963
2834 0.001264893576154
2835 0.001223036952005
2836 0.001185998331957
2837 0.001141519661669
2838 0.001124919560958
2839 0.001097720362714
2840 0.001053333151950
2841 0.001009192096454
2842 0.000969903619122
2843 0.000955118365522
2844 0.000910830349219
2845 0.000867037754397
2846 0.000909432237816
2847 0.001211976452238
2848 0.001184413669787
2849 0.001201155364900
2850 0.001159076005885
2851 0.001115244008137
2852 0.001071214804079
2853 0.001038974415947
2854 0.000994812196460
2855 0.000950685110294
2856 0.000993217679056
2857 0.000951717442264
2858 0.000907974172020
2859 0.000863994339292
2860 0.000820059768506
2861 0.000779237683246
2862 0.000735289661696
2863 0.001039761910518
2864 0.000998427134793
2865 0.000954471779209
2866 0.001152297173846
2867 0.001108297283004
2868 0.001079344193025
2869 0.001120676713504
2870 0.001087554803819
2871 0.001043637834797
2872 0.001000790637816
2873 0.001029067911605
2874 0.001274756500500
2875 0.001293573505501
2876 0.001249660650044
2877 0.001205837126026
2878 0.001165235435131
2879 0.001122059276541
2880 0.001078670729563
2881 0.001180597722260
2882 0.001136819079404
2883 0.001223531880083
2884 0.001181412972188
2885 0.001159747108358
2886 0.001118296725167
2887 0.001077874934581
2888 0.001034219170736
2889 0.000990619349717
2890 0.000947296833217
2891 0.000903733893047
2892 0.000861568412328
2893 0.000854212049538
2894 0.000810773165856
2895 0.000767324195813
2896 0.000723962539326
2897 0.000701481466804
2898 0.000658115213809
2899 0.000616587781038
2900 0.000662676834062
2901 0.000619362666954
2902 0.000592441185555
2903 0.000549225429656
2904 0.000557819157703
2905 0.000646446622719
2906 0.000607136156073
2907 0.000566228039587
2908 0.000523189740761
2909 0.000562575998252
2910 0.000519581315169
2911 0.000477586000918
2912 0.000434511596771
2913 0.000402598363813
2914 0.000359563841389
2915 0.000618509703879
2916 0.000608112078123
2917 0.000565306520744
2918 0.000522275243941
2919 0.000480634942695
2920 0.000439487438890
2921 0.000412081357787
2922 0.000371071107750
2923 0.000356755842439
2924 0.000353153898646
2925 0.000316440803881
2926 0.000293042976686
2927 0.000250237019645
2928 0.000207467638070
2929 0.000196381826232
2930 0.000165518801455
2931 0.000123349389293
2932 0.000080674599840
2933 0.000038030962019
2934 0.000073486619594
2935 0.000030872143760
2936 0.000011706042314
2937 0.000047595805151
2938 0.000090120102505
2939 0.000047751576136
2940 0.000069410240690
2941 0.000156909628819
2942 0.000114410404817
2943 0.000071897898754
2944 0.000029423461863
2945 0.000256114806468
2946 0.000528800270489
2947 0.000519990245464
2948 0.000477412244518
2949 0.000454360486789
2950 0.000491805118053
2951 0.000449279938413
2952 0.000718235006853
2953 0.000692921895655
2954 0.000683589701854
2955 0.000745129225738
2956 0.000702590622631
2957 0.000660080446570
2958 0.000617600443403
2959 0.000579653492892
2960 0.000537256003491
2961 0.000495238208965
2962 0.000452870176516
2963 0.000641508455344
2964 0.000605933441045
2965 0.000636280862848
2966 0.000593922065621
2967 0.000552265177972
2968 0.000575977267207
2969 0.000686654535951
2970 0.000644335797050
2971 0.000659142298564
2972 0.000616861629458
2973 0.000616792988654
2974 0.000574754429953
2975 0.000532965010985
2976 0.000490929771499
2977 0.000677943315578
2978 0.000635741189769
2979 0.000593567400840
2980 0.000559557441403
2981 0.000526567853858
2982 0.000503588089346
2983 0.000461521152128
2984 0.000432345379257
2985 0.000390381405285
2986 0.000348388655115
2987 0.000317378512162
2988 0.000295634264904
2989 0.000253715444815
2990 0.000283563337823
2991 0.000255804078633
2992 0.000214881413941
2993 0.000193498987411
2994 0.000215139748261
2995 0.000173331823102
2996 0.000131551933752
2997 0.000089799664376
2998 0.000051123352709
2999 0.000010125865553
3000 0.000029136922193
3001 0.000028880680935
3002 0.000201538892151
3003 0.000160093702954
3004 0.000155772054108
3005 0.000114123321036
3006 0.000076977715122
3007 0.000035445685242
3008 0.000000050649541
3009 0.000036446761801
3010 0.000077912904056
3011 0.000119401472559
3012 0.000160856142072
3013 0.000202288924592
3014 0.000229144321995
3015 0.000270527690377
3016 0.000311408940918
3017 0.000347684359662
3018 0.000382087667424
3019 0.000423365544977
3020 0.000464489652393
3021 0.000416060059105
3022 0.000451612112583
3023 0.000492562904155
3024 0.000497878541756
3025 0.000531007184479
3026 0.000566343152425
3027 0.000420515541538
3028 0.000378831532514
3029 0.000238041579157
3030 0.000279217142755
3031 0.000320365536887
3032 0.000361369530997
3033 0.000401766422514
3034 0.000129834739921
3035 0.000165053579562
3036 0.000204953000160
3037 0.000246043140873
3038 0.000172851770289
3039 0.000125945891439
3040 0.000020541299761
3041 0.000037619973113
3042 0.000008008722261
3043 0.000010715086275
3044 0.000196612662556
3045 0.000155662119219
3046 0.000154589326093
3047 0.000115073682070
3048 0.000074071974041
3049 0.000034030609758
3050 0.000006961071840
3051 0.000047928963980
3052 0.000088869963021
3053 0.000129782917812
3054 0.000169603878299
3055 0.000182211533108
3056 0.000223054517851
3057 0.000263871109245
3058 0.000303263786578
3059 0.000343830923436
3060 0.000371372999748
3061 0.000411412601902
3062 0.000421659956708
3063 0.000462268047195
3064 0.000502875957240
3065 0.000532871129663
3066 0.000573465647203
3067 0.000613552077188
3068 0.000654036046621
3069 0.000611612639414
3070 0.000652051786884
3071 0.000394516628518
3072 0.000434483523262
3073 0.000461424571301
3074 0.000501938089740
3075 0.000363130840649
3076 0.000311744073607
3077 0.000352266296208
3078 0.000137907205915
3079 0.000174587576573
3080 0.000215049651589
3081 0.000034519022215
3082 0.000123997669607
3083 0.000102905140268
3084 0.000062339995929
3085 0.000021801382402
3086 0.000017535865547
3087 0.000037040382385
3088 0.000052180830421
3089 0.000092564217792
3090 0.000131054765208
3091 0.000170954061881
3092 0.000205099195013
3093 0.000241462863914
3094 0.000279239979858
3095 0.000319535967284
3096 0.000359596017354
3097 0.000398869165940
3098 0.000437326225470
3099 0.000373783836483
3100 0.000413959989628
3101 0.000454136045098
3102 0.000369320809439
3103 0.000357005950326
3104 0.000397161554079
3105 0.000437291208041
3106 0.000459019611652
3107 0.000442180537598
3108 0.000392039586992
3109 0.000425181721858
3110 0.000465135643211
3111 0.000505157712639
3112 0.000544195261969
3113 0.000584174632057
3114 0.000557487766821
3115 0.000392730317515
3116 0.000432719813503
3117 0.000440070800718
3118 0.000472944412911
3119 0.000512833426443
3120 0.000552452511204
3121 0.000592326751354
3122 0.000619749199167
3123 0.000659576365815
3124 0.000686730049900
3125 0.000726468452834
3126 0.000765560193290
3127 0.000784628276537
3128 0.000819282470409
3129 0.000723524522546
3130 0.000605871666267
3131 0.000451397093811
3132 0.000490946827127
3133 0.000530687986773
3134 0.000564338763327
3135 0.000604029145910
3136 0.000601889165557
3137 0.000641536509540
3138 0.000680838734514
3139 0.000720411748278
3140 0.000524289289349
3141 0.000550564736499
3142 0.000527915610755
3143 0.000563422151634
3144 0.000576555061249
3145 0.000519855148284
3146 0.000498375972942
3147 0.000450760671942
3148 0.000490321709367
3149 0.000331116983847
3150 0.000279514072249
3151 0.000316792501244
3152 0.000356348441304
3153 0.000393189590987
3154 0.000279756101816
3155 0.000318979907273
3156 0.000281628798294
3157 0.000305794873126
3158 0.000344064187034
3159 0.000314733313576
3160 0.000224700872170
3161 0.000030194765064
3162 0.000068390671159
3163 0.000094366855562
3164 0.000127630044086
3165 0.000163538462392
3166 0.000202557755101
3167 0.000241956627863
3168 0.000271811351163
3169 0.000092759820999
3170 0.000132157204376
3171 0.000171171976574
3172 0.000210520203569
3173 0.000249744429910
3174 0.000288594720463
3175 0.000326093405693
3176 0.000365348398282
3177 0.000404568356311
3178 0.000285838427256
3179 0.000324867257447
3180 0.000362326367189
3181 0.000349142125880
3182 0.000388308375536
3183 0.000427287574650
3184 0.000466412162057
3185 0.000500857726826
3186 0.000539868310005
3187 0.000578858433253
3188 0.000617886215088
3189 0.000642486424653
3190 0.000671058011557
3191 0.000704807277817
3192 0.000743606688885
3193 0.000766137259555
3194 0.000805032999474
3195 0.000593729089550
3196 0.000466893538249
3197 0.000485264291535
3198 0.000524062234580
3199 0.000441053990393
3200 0.000472213219037
3201 0.000511042262997
3202 0.000549919525448
3203 0.000588773652205
3204 0.000620631781282
3205 0.000647696615821
3206 0.000686483883437
3207 0.000725247062686
3208 0.000754710625657
3209 0.000793414273546
3210 0.000832107442325
3211 0.000868559785354
3212 0.000778445773159
3213 0.000817094490688
3214 0.000822837087568
3215 0.000788370138795
3216 0.000826992978645
3217 0.000865585405420
3218 0.000826021146977
3219 0.000768478508573
3220 0.000801362345314
3221 0.000839893554608
3222 0.000726572839038
3223 0.000571393252632
3224 0.000450373622236
3225 0.000221133111583
3226 0.000058929601608
3227 0.000081309927705
3228 0.000042922178556
3229 0.000005433808322
3230 0.000032753837196
3231 0.000071430640795
3232 0.000085040258325
3233 0.000123633015404
3234 0.000162225449920
3235 0.000199000956279
3236 0.000237567389560
3237 0.000270871613410
3238 0.000061939189033
3239 0.000100500618125
3240 0.000139033537577
3241 0.000056097816729
3242 0.000091727536794
3243 0.000130217704056
3244 0.000168091468669
3245 0.000206437680026
3246 0.000244654129464
3247 0.000124182420674
3248 0.000162563094485
3249 0.000198339836935
3250 0.000235216562397
3251 0.000273593918114
3252 0.000311947513238
3253 0.000347548506863
3254 0.000385759246961
3255 0.000227962317919
3256 0.000256451875972
3257 0.000113389422968
3258 0.000037206265739
3259 0.000072958043482
3260 0.000143418589458
3261 0.000208017116081
3262 0.000177732697704
3263 0.000139369925314
3264 0.000287706602115
3265 0.000381920592083
3266 0.000344950048880
3267 0.000308072163890
3268 0.000295956479313
3269 0.000257628039028
3270 0.000424265717036
3271 0.000385921398765
3272 0.000347600518141
3273 0.000309303317446
3274 0.000271029248015
3275 0.000248659597566
3276 0.000210427407851
3277 0.000172218549986
3278 0.000134033081193
3279 0.000108081126302
3280 0.000078010737236
3281 0.000040638299735
3282 0.000002553745698
3283 0.000040613048837
3284 0.000073961396008
3285 0.000036231173945
3286 0.000099076763246
3287 0.000066665037679
3288 0.000029579642254
3289 0.000006032969794
3290 0.000128565708609
3291 0.000118638836982
3292 0.000103611647867
3293 0.000191732175709
3294 0.000315990836518
3295 0.000286622834112
3296 0.000248663539771
3297 0.000210674953877
3298 0.000235766655259
3299 0.000197804925515
3300 0.000161053052475
3301 0.000123201320408
3302 0.000085308164458
3303 0.000049466089758
3304 0.000155483315803
3305 0.000117614788326
3306 0.000090549892784
3307 0.000071844920733
3308 0.000128827367560
3309 0.000091355761674
3310 0.000347198784525
3311 0.000568089103549
3312 0.000530176033167
3313 0.000729011337897
3314 0.000691072883210
3315 0.000653173061478
3316 0.000626441600869
3317 0.000706437680012
3318 0.000671534270403
3319 0.000707965284469
3320 0.000670521506877
3321 0.000657240225671
3322 0.000619414478324
3323 0.000585785213002
3324 0.000551744957343
3325 0.000517679068577
3326 0.000480170612837
3327 0.000486825724574
3328 0.000498883108906
3329 0.000706097002092
3330 0.000668370902739
3331 0.000630740327490
3332 0.000593156155496
3333 0.000555474486749
3334 0.000517847241805
3335 0.000485047679466
3336 0.000606981459091
3337 0.000572980441580
3338 0.000535606558262
3339 0.000498107470657
3340 0.000501476103028
3341 0.000464080760327
3342 0.000426539144301
3343 0.000597652470356
3344 0.000565391418033
3345 0.000527853403037
3346 0.000490338439908
3347 0.000452903043229
3348 0.000420651785675
3349 0.000670627460373
3350 0.000633187582680
3351 0.000619462055433
3352 0.000583454093464
3353 0.000549161422682
3354 0.000512259372103
3355 0.000770373842328
3356 0.000735294989183
3357 0.000765841781022
3358 0.000904986726864
3359 0.000871757977792
3360 0.000834648549435
3361 0.000798333626497
3362 0.000851628679730
3363 0.000814208015262
3364 0.000776924358726
3365 0.000743474128733
3366 0.000716720314658
3367 0.000679398146102
3368 0.000642082410683
3369 0.000622456551225
3370 0.000585189504511
3371 0.000554989432444
3372 0.000571202679310
3373 0.000715489375979
3374 0.000678229539459
3375 0.000645305805161
3376 0.000608099617107
3377 0.000742307960210
3378 0.000705162472892
3379 0.000906608069080
3380 0.000880070265773
3381 0.000878671622290
3382 0.000841458433052
3383 0.000804263977475
3384 0.000785034488164
3385 0.000987467227673
3386 0.001032772703942
3387 0.000995561971130
3388 0.000966154600069
3389 0.000956120568373
3390 0.000929639113145
3391 0.001104936369512
3392 0.001067759286361
3393 0.001035398765012
3394 0.001002978572769
3395 0.000983074223803
3396 0.000947078833832
3397 0.000917923901880
3398 0.000880867443838
3399 0.000848940994815
3400 0.000812023629947
3401 0.000775817491652
3402 0.000738853613300
3403 0.000703622726711
3404 0.000854577238553
3405 0.000817615960733
3406 0.000781089473466
3407 0.000790505320124
3408 0.000753594960586
3409 0.000716866319245
3410 0.000686535433250
3411 0.000649718313190
3412 0.000679357768732
3413 0.000642534104702
3414 0.000605753317748
3415 0.000569091081782
3416 0.000819674537085
3417 0.000782852858937
3418 0.000746434311165
3419 0.000763809289603
3420 0.000795475986248
3421 0.000758716890020
3422 0.000722926007395
3423 0.000955432727496
3424 0.001160932467304
3425 0.001124141454236
3426 0.001087720249132
3427 0.001101638668494
3428 0.001088668001593
3429 0.001051935340352
3430 0.001038568105356
3431 0.001004137289999
3432 0.000993352747346
3433 0.001026078987792
3434 0.000989520007274
3435 0.001240497808773
3436 0.001203764169122
3437 0.001428873702538
3438 0.001440191526288
3439 0.001413086409008
3440 0.001578951190503
3441 0.001542522495357
3442 0.001754821736303
3443 0.001718009551133
3444 0.001681215811194
3445 0.001644443365372
3446 0.001608355949914
3447 0.001571625942909
3448 0.001535992451468
3449 0.001535209487948
3450 0.001498532617195
3451 0.001461877087346
3452 0.001425243342860
3453 0.001389019511614
3454 0.001352797609558
3455 0.001330050176747
3456 0.001506313206523
3457 0.001482333131767
3458 0.001445938210397
3459 0.001412202677470
3460 0.001375667362017
3461 0.001346079496529
3462 0.001310283656854
3463 0.001273809421210
3464 0.001237364022409
3465 0.001276322639431
3466 0.001246041870431
3467 0.001209628577520
3468 0.001183820963697
3469 0.001148505362412
3470 0.001112190328436
3471 0.001075857238850
3472 0.001318879441545
3473 0.001282507751777
3474 0.001248428041674
3475 0.001248458096235
3476 0.001216925574995
3477 0.001210916140595
3478 0.001200168481509
3479 0.001165115681850
3480 0.001128861338266
3481 0.001092627825970
3482 0.001164409793117
3483 0.001128186882193
3484 0.001102463557011
3485 0.001066280170359
3486 0.001031282088913
3487 0.001169996815352
3488 0.001133824225998
3489 0.001107620136847
3490 0.001072314573041
3491 0.001151801259836
3492 0.001121424720536
3493 0.001088240121851
3494 0.001052185833804
3495 0.001016140423255
3496 0.001081322599086
3497 0.001046538481060
3498 0.001200534535657
3499 0.001312610607072
3500 0.001276521875639
3501 0.001244168909643
3502 0.001357916940282
3503 0.001321847575818
3504 0.001285797834059
3505 0.001249926468561
3506 0.001213917238930
3507 0.001335722612545
3508 0.001299709102477
3509 0.001494231869698
3510 0.001458193733309
3511 0.001423442147913
3512 0.001418537647768
3513 0.001382551727573
3514 0.001405388906980
3515 0.001383993998895
3516 0.001348054841811
3517 0.001317459636161
3518 0.001295450784487
3519 0.001344078266876
3520 0.001308245557627
3521 0.001272380563620
3522 0.001249539312704
3523 0.001317155495981
3524 0.001281313848742
3525 0.001245489367133
3526 0.001209702086727
3527 0.001173918221710
3528 0.001148921297015
3529 0.001142151369666
3530 0.001107245815650
3531 0.001071599384884
3532 0.001100248151791
3533 0.001064574123949
3534 0.001045836773843
3535 0.001150732873197
3536 0.001116335637325
3537 0.001080701938819
3538 0.001203488516742
3539 0.001195828153370
3540 0.001222107459806
3541 0.001269985259065
3542 0.001249539565233
3543 0.001213906064100
3544 0.001182923872398
3545 0.001154081632084
3546 0.001210425337171
3547 0.001273019565110
3548 0.001411858681379
3549 0.001383501637052
3550 0.001574003961499
3551 0.001538653698896
3552 0.001517945819108
3553 0.001483433690742
3554 0.001689903270012
3555 0.001655870628921
3556 0.001809823990765
3557 0.001774195612212
3558 0.001738744616931
3559 0.001705745784945
3560 0.001672904599575
3561 0.001645930128337
3562 0.001610375403670
3563 0.001574942491955
3564 0.001546369731617
3565 0.001517896420339
3566 0.001486721066108
3567 0.001451278699496
3568 0.001533447299632
3569 0.001557695605560
3570 0.001590939418361
3571 0.001555490053187
3572 0.001529547667266
3573 0.001494268573913
3574 0.001458975799521
3575 0.001423756246994
3576 0.001390847234894
3577 0.001406853958089
3578 0.001371525044190
3579 0.001357268085425
3580 0.001369526492153
3581 0.001334252111904
3582 0.001299559189159
3583 0.001267778961760
3584 0.001232548300547
3585 0.001197408994526
3586 0.001163089259263
3587 0.001154636076606
3588 0.001188506558309
3589 0.001153346764414
3590 0.001124015494662
3591 0.001094895224823
3592 0.001063106237337
3593 0.001028020576687
3594 0.001047323314567
3595 0.001230707333718
3596 0.001197622957318
3597 0.001167013126166
3598 0.001136597326948
3599 0.001101557331729
3600 0.001067274756058
3601 0.001254725017016
3602 0.001301971005415
3603 0.001266919141542
3604 0.001236279460730
3605 0.001202391086178
3606 0.001167393250135
3607 0.001132421701494
3608 0.001103979617823
3609 0.001077569377617
3610 0.001042774483378
3611 0.001007869671462
3612 0.001008015427932
3613 0.000976011193963
3614 0.001186136800636
3615 0.001151322473678
3616 0.001153025566966
3617 0.001169699874958
3618 0.001134827099979
3619 0.001105902781531
3620 0.001138918441928
3621 0.001106238770092
3622 0.001232453530023
3623 0.001197639280137
3624 0.001179660372617
3625 0.001144871116385
3626 0.001124837522663
3627 0.001090074439002
3628 0.001058351989066
3629 0.001023615942171
3630 0.001009266941493
3631 0.001043186502688
3632 0.001008483009956
3633 0.001014409343747
3634 0.001232624189776
3635 0.001300157766906
3636 0.001274537528902
3637 0.001239821703770
3638 0.001205121367953
3639 0.001198824552453
3640 0.001215701717599
3641 0.001181036598156
3642 0.001187784922200
3643 0.001153155361958
3644 0.001197556833486
3645 0.001163589230634
3646 0.001146880619755
3647 0.001141910270947
3648 0.001108999629034
3649 0.001196778705225
3650 0.001193535109423
3651 0.001158971009111
3652 0.001305045642116
3653 0.001275055268597
3654 0.001240957192547
3655 0.001212746222867
3656 0.001349524558678
3657 0.001314974510945
3658 0.001293756026084
3659 0.001259240260109
3660 0.001243174203449
3661 0.001208893289726
3662 0.001359764123736
3663 0.001325267873693
3664 0.001417348828910
3665 0.001382857223831
3666 0.001348405089990
3667 0.001313950595076
3668 0.001337280044795
3669 0.001308223076267
3670 0.001273806667578
3671 0.001327422974051
3672 0.001293020151488
3673 0.001258636159453
3674 0.001224358008205
3675 0.001359145764566
3676 0.001324771677440
3677 0.001478143944608
3678 0.001445776379084
3679 0.001451894173867
3680 0.001417677491598
3681 0.001392973424170
3682 0.001363863151528
3683 0.001329554607603
3684 0.001295265743911
3685 0.001261005453912
3686 0.001226751247332
3687 0.001195469138547
3688 0.001161355083882
3689 0.001127605314115
3690 0.001135204079782
3691 0.001113851008312
3692 0.001284121137464
3693 0.001249928606859
3694 0.001215862082847
3695 0.001299823293033
3696 0.001331347958616
3697 0.001297183346101
3698 0.001277461092870
3699 0.001243322838763
3700 0.001209203084197
3701 0.001180120823372
3702 0.001146044206536
3703 0.001119887092280
3704 0.001090903842255
3705 0.001128851036769
3706 0.001356402032479
3707 0.001322341147546
3708 0.001288697362880
3709 0.001254648131603
3710 0.001221488350023
3711 0.001188107429292
3712 0.001154214306750
3713 0.001346078603162
3714 0.001315161923308
3715 0.001425204794020
3716 0.001396149805254
3717 0.001366126993935
3718 0.001361184063205
3719 0.001327206881904
3720 0.001372329137434
3721 0.001338903588874
3722 0.001304959767383
3723 0.001322745571991
3724 0.001289059998487
3725 0.001269778505921
3726 0.001311723794218
3727 0.001278043003949
3728 0.001339664516246
3729 0.001421426878702
3730 0.001387535401125
3731 0.001365784714975
3732 0.001335963976850
3733 0.001302123025952
3734 0.001270778346419
3735 0.001472425015649
3736 0.001438572994313
3737 0.001404739232546
3738 0.001426677050816
3739 0.001392871067508
3740 0.001456261539449
3741 0.001528407311821
3742 0.001496995817085
3743 0.001486372392885
3744 0.001453346527505
3745 0.001612537470262
3746 0.001587469975000
3747 0.001553719562092
3748 0.001519953896407
3749 0.001487781510372
3750 0.001459813821658
3751 0.001426136302833
3752 0.001393988930722
3753 0.001360310809643
3754 0.001326918301673
3755 0.001297809034712
3756 0.001387759640305
3757 0.001389225553974
3758 0.001356875676749
3759 0.001324363008171
3760 0.001290766103129
3761 0.001257188615663
3762 0.001294461797856
3763 0.001325680122898
3764 0.001292118625613
3765 0.001259309788061
3766 0.001380087014369
3767 0.001584911906368
3768 0.001633617558958
3769 0.001600018853332
3770 0.001595183127721
3771 0.001618448179856
3772 0.001586003635847
3773 0.001552486752993
3774 0.001541762406327
3775 0.001516994107812
3776 0.001498887750655
3777 0.001469919762084
3778 0.001504399198993
3779 0.001470947322410
3780 0.001456868251228
3781 0.001423422901284
3782 0.001394219616227
3783 0.001360808528007
3784 0.001327428658672
3785 0.001294122198103
3786 0.001355871608013
3787 0.001510185362412
3788 0.001480880153830
3789 0.001448695324605
3790 0.001415338898473
3791 0.001381994240049
3792 0.001348777143523
3793 0.001315466122357
3794 0.001289577865522
3795 0.001265288910899
3796 0.001285967109402
3797 0.001252766944765
3798 0.001220734518771
3799 0.001196039251357
3800 0.001179307291651
3801 0.001162505876865
3802 0.001176236293459
3803 0.001143058213971
3804 0.001109898949797
3805 0.001076818651008
3806 0.001043692844743
3807 0.001010584860543
3808 0.000977493845613
3809 0.000994230870601
3810 0.000961162175844
3811 0.001032366537840
3812 0.001000108164016
3813 0.000967069965615
3814 0.000947515549769
3815 0.000917833898691
3816 0.000884836761592
3817 0.000851859392162
3818 0.000820444108202
3819 0.001000517930895
3820 0.000967649143750
3821 0.000990268278907
3822 0.000957303829777
3823 0.000927233007691
3824 0.000929378494581
3825 0.000907674728077
3826 0.000876745400943
3827 0.000843853646260
3828 0.000819076119209
3829 0.000839250033393
3830 0.000806393968105
3831 0.000868595841699
3832 0.000845500605442
3833 0.000911814757439
3834 0.001075568763327
3835 0.001119384040914
3836 0.001086506203573
3837 0.001242820295798
3838 0.001211210719665
3839 0.001178402742085
3840 0.001147812473134
3841 0.001126817758375
3842 0.001102988850214
3843 0.001070175230088
3844 0.001037452537776
3845 0.001004672966248
3846 0.001078148680355
3847 0.001052775476781
3848 0.001020017887496
3849 0.001009634069425
3850 0.000976911120904
3851 0.000952790244898
3852 0.000920103113604
3853 0.000927333897478
3854 0.000894659504453
3855 0.000863936911096
3856 0.000831347990554
3857 0.000855396255860
3858 0.000825447482253
3859 0.000792841783223
3860 0.000763968016069
3861 0.000872012164616
3862 0.000978078325718
3863 0.000977988012689
3864 0.000967220072308
3865 0.000954720897678
3866 0.000922163982037
3867 0.000889651776366
3868 0.001092140972092
3869 0.001059559848029
3870 0.001026986318379
3871 0.000994429632542
3872 0.000961889822917
3873 0.000929366850278
3874 0.000896864270484
3875 0.001082199989422
3876 0.001049742757056
3877 0.001018369761015
3878 0.000985882980037
3879 0.000953450537341
3880 0.000921030532618
3881 0.000964714050321
3882 0.000932265654227
3883 0.001007667171139
3884 0.000975249478880
3885 0.000943003402687
3886 0.000910607229148
3887 0.000878214498173
3888 0.001049660535838
3889 0.001024177552066
3890 0.001006989327629
3891 0.001014592832907
3892 0.000990001742774
3893 0.000971884775443
3894 0.001007897123205
3895 0.000975560111442
3896 0.001070423868849
3897 0.001038073538637
3898 0.001025399857737
3899 0.000993353478944
3900 0.000961047495908
3901 0.000928758259424
3902 0.000925284600350
3903 0.000895053540488
3904 0.000944677654684
3905 0.000912433477509
3906 0.001015891786768
3907 0.000984812025601
3908 0.000953322224792
3909 0.000923678000668
3910 0.000913864091126
3911 0.000889459231900
3912 0.000861297190125
3913 0.000836360985985
3914 0.000804210668749
3915 0.000815597311367
3916 0.000784082556115
3917 0.000756842962259
3918 0.000726762877021
3919 0.000694760173355
3920 0.000701175503440
3921 0.000669117055212
3922 0.000802609532989
3923 0.000770541573815
3924 0.000788907781477
3925 0.000756859652114
3926 0.000817729336023
3927 0.000785952735574
3928 0.000753938967328
3929 0.000721937883430
3930 0.000689961660074
3931 0.000657987624190
3932 0.000626081720743
3933 0.000607916940080
3934 0.000579913427720
3935 0.000551199580166
3936 0.000541965708701
3937 0.000696269526181
3938 0.000697700577555
3939 0.000671109378229
3940 0.000656901338974
3941 0.000625020193246
3942 0.000593216650723
3943 0.000565115358079
3944 0.000700374101855
3945 0.000899208650395
3946 0.000867305868215
3947 0.000835465961257
3948 0.000825041338964
3949 0.000793646659947
3950 0.000867471387422
3951 0.000835615002836
3952 0.000821519005437
3953 0.000789689630953
3954 0.000758002807437
3955 0.000963898434432
3956 0.000932057241620
3957 0.000900232107116
3958 0.000868423054036
3959 0.000836630207174
3960 0.000822518238208
3961 0.000925158493684
3962 0.001039909833720
3963 0.001008630045420
3964 0.000987912641352
3965 0.001014199424683
3966 0.000984273636593
3967 0.000952518214529
3968 0.000939817405871
3969 0.000908157590180
3970 0.000898953594496
3971 0.000867323094094
3972 0.000835634443286
3973 0.000806181376526
3974 0.000774524058624
3975 0.000742882728695
3976 0.000712301382826
3977 0.000927554119768
3978 0.000896657007695
3979 0.000865802949963
3980 0.000834178419594
3981 0.000897936460336
3982 0.000866661222724
3983 0.000845332035046
3984 0.000841476686636
3985 0.000835741363497
3986 0.000891514050402
3987 0.000863341241801
3988 0.000835200062501
3989 0.000815540920233
3990 0.000784088798281
3991 0.000754677854659
3992 0.000723196858931
3993 0.000691721515365
3994 0.000687640221212
3995 0.000656416041189
3996 0.000624970533349
3997 0.000599555719990
3998 0.000572725339695
3999 0.000542763427698
4000 0.000563730983544
4001 0.000532391626536
4002 0.000550379569115
4003 0.000535013287753
4004 0.000507791648832
4005 0.000477268289399
4006 0.000550341900223
4007 0.000519068464389
4008 0.000487751350934
4009 0.000466620639141
4010 0.000488880183200
4011 0.000457598098248
4012 0.000437091798411
4013 0.000592617895540
4014 0.000561329251321
4015 0.000557598572719
4016 0.000646277036404
4017 0.000614998401344
4018 0.000585894417196
4019 0.000578607657638
4020 0.000547369228483
4021 0.000627914463512
4022 0.000624165678958
4023 0.000595114720661
4024 0.000754997527254
4025 0.000723755917741
4026 0.000705748484611
4027 0.000849135459088
4028 0.000838408573044
4029 0.001036014296814
4030 0.001040788338041
4031 0.001009847791146
4032 0.000978595348748
4033 0.001061490206659
4034 0.001030240456979
4035 0.001012902706136
4036 0.000981682031485
4037 0.001196390405055
4038 0.001250248153447
4039 0.001218990438702
4040 0.001274653153044
4041 0.001356227672007
4042 0.001325013730035
4043 0.001300759663971
4044 0.001269574535807
4045 0.001253901804648
4046 0.001265402958519
4047 0.001235152433421
4048 0.001203970685439
4049 0.001323320163067
4050 0.001292162534673
4051 0.001263379061330
4052 0.001279385333529
4053 0.001285082824415
4054 0.001253956683884
4055 0.001222821519561
4056 0.001239180182212
4057 0.001243701419011
4058 0.001235314537820
4059 0.001204215014504
4060 0.001173680520790
4061 0.001142610912191
4062 0.001111556605788
4063 0.001219916679760
4064 0.001189206320930
4065 0.001158163580272
4066 0.001127260213252
4067 0.001096277027782
4068 0.001212741395998
4069 0.001181724872756
4070 0.001334112361159
4071 0.001307292923770
4072 0.001309289487438
4073 0.001321251194381
4074 0.001417210883240
4075 0.001394770403237
4076 0.001363760894310
4077 0.001332766594360
4078 0.001315165064019
4079 0.001334923304267
4080 0.001312369211832
4081 0.001282729230880
4082 0.001251794104270
4083 0.001380205479911
4084 0.001356193703841
4085 0.001325280213002
4086 0.001443007028335
4087 0.001412399194845
4088 0.001411899910757
4089 0.001560575571305
4090 0.001637867103246
4091 0.001831601646237
4092 0.001800626737004
4093 0.001783876205809
4094 0.001755515233508
4095 0.001724561511407
4096 0.001789519330089
