1 0.104064941406250
2 0.263565063476562
3 0.054779052734375
4 0.148239135742188
5 0.141430664062500
6 0.086135864257812
7 0.038099016462054
8 0.082138061523438
9 0.119160970052083
10 0.134878540039063
11 0.157884077592330
12 0.111740112304688
13 0.110933743990385
14 0.123855590820312
15 0.108607991536458
16 0.088607788085938
17 0.069612390854779
18 0.056018405490451
19 0.059135035464638
20 0.064303588867187
21 0.037545340401786
22 0.051490090110085
23 0.066293467646060
24 0.082056681315104
25 0.074978027343750
26 0.065125685471755
27 0.046754059968171
28 0.039858136858259
29 0.040813577586207
30 0.030024210611979
31 0.028744605279738
32 0.031234741210938
33 0.017668752959280
34 0.017385146197151
35 0.031160191127232
36 0.042173597547743
37 0.028785499366554
38 0.032245033665707
39 0.042708176832933
40 0.029891967773438
41 0.018213783822409
42 0.021174112955729
43 0.012693183366642
44 0.004096291281960
45 0.002880859375000
46 0.006392105765965
47 0.016720386261636
48 0.025945027669271
49 0.016388562260842
50 0.015508422851563
51 0.011087455001532
52 0.015182495117188
53 0.019565798201651
54 0.023970427336516
55 0.021623646129261
56 0.014929635184152
57 0.020866527891996
58 0.024774485620959
59 0.018424858481197
60 0.017225138346354
61 0.016433465676229
62 0.022804998582409
63 0.028784857855903
64 0.025863647460938
65 0.020666503906250
66 0.016080451734138
67 0.015643674935867
68 0.008820477653952
69 0.002959762794384
70 0.002284894670759
71 0.005693032707967
72 0.008465237087674
73 0.004077650096318
74 0.002214998812289
75 0.008184814453125
76 0.010844180458470
77 0.011950207995130
78 0.015893006936098
79 0.019318399550040
80 0.015884399414062
81 0.016001006703318
82 0.012819987971608
83 0.011583075465926
84 0.006557646251860
85 0.010979147518382
86 0.007415416628815
87 0.007067800938398
88 0.007283991033381
89 0.002409174201194
90 0.004590861002604
91 0.000626113388565
92 0.001165638799253
93 0.006478914650538
94 0.008865356445312
95 0.013337466591283
96 0.010075887044271
97 0.014276563506765
98 0.009569129165338
99 0.010473694464173
100 0.008375854492187
101 0.011134988010520
102 0.013343661439185
103 0.010264276300819
104 0.011938241811899
105 0.008944266183036
106 0.011218088977742
107 0.011754401376314
108 0.012293497721354
109 0.009821620556193
110 0.010299127752131
111 0.006244006457629
112 0.007762363978795
113 0.007841127108684
114 0.004634656404194
115 0.004721732761549
116 0.002285135203394
117 0.001044379340278
118 0.002850807319253
119 0.000942454618566
120 0.004485066731771
121 0.005479544647469
122 0.009368646340292
123 0.006749843194233
124 0.002719509986139
125 0.000128906250000
126 0.001262119838170
127 0.001983642578125
128 0.000503540039062
129 0.002266817314680
130 0.005996234600361
131 0.007199119975549
132 0.005820996833570
133 0.008824857554041
134 0.009042540592934
135 0.007037805627894
136 0.009199254653033
137 0.011261209084170
138 0.007620327714561
139 0.006039187204924
140 0.002601405552455
141 0.001116813497340
142 0.004142868686730
143 0.003891097915756
144 0.002321031358507
145 0.004486715382543
146 0.003327461138164
147 0.006267729259673
148 0.005153759105785
149 0.003556424339346
150 0.005221557617188
151 0.004169186219474
152 0.004120676141036
153 0.001165252885008
154 0.000684267514712
155 0.001621369392641
156 0.001772758288261
157 0.000933021496815
158 0.002474434768097
159 0.004830414394163
160 0.003500366210938
161 0.001935307283579
162 0.000558923791956
163 0.000663710518117
164 0.001329747641959
165 0.004186641808712
166 0.005290387624718
167 0.002551963943207
168 0.000520978655134
169 0.001517933501294
170 0.000670130112592
171 0.000553421109741
172 0.000582317973292
173 0.002287583544075
174 0.003429719771462
175 0.004144635881696
176 0.006354592063210
177 0.006181102688030
178 0.005091463581900
179 0.003606359385911
180 0.002031453450521
181 0.004660927788329
182 0.005513117863582
183 0.006338817825734
184 0.004703024159307
185 0.006819771431588
186 0.007924890005460
187 0.009082325002089
188 0.006733671147773
189 0.005768952546296
190 0.008048127826891
191 0.009504707695926
192 0.009587605794271
193 0.011382582274126
194 0.010333346337387
195 0.011234381260016
196 0.012696246711575
197 0.013062762730013
198 0.011926978525489
199 0.013211044234846
200 0.013661499023437
201 0.011627349094372
202 0.013295541895498
203 0.015073729266087
204 0.013337079216452
205 0.013318168826220
206 0.013048931232934
207 0.012262316717618
208 0.010708148662861
209 0.010143225272877
210 0.008117239815848
211 0.005894231570275
212 0.007784573536999
213 0.009382221060739
214 0.007926441798700
215 0.006887462527253
216 0.004691229926215
217 0.004529258622552
218 0.005729045342962
219 0.007668273089683
220 0.008930275656960
221 0.008214613970588
222 0.007088188652520
223 0.006251176911085
224 0.007936750139509
225 0.006059299045139
226 0.006664309881430
227 0.005746580955741
228 0.005926567211486
229 0.007068883904203
230 0.006554512355639
231 0.005261573956642
232 0.005208508721713
233 0.007291474567462
234 0.007109943618122
235 0.008751272647939
236 0.010583134020789
237 0.012008216310654
238 0.011284195074514
239 0.012060827789945
240 0.012468465169271
241 0.014220178374611
242 0.016153761178009
243 0.015938590092914
244 0.016767408027024
245 0.016058972417092
246 0.017460892840130
247 0.017541923986273
248 0.019425422914567
249 0.020021247097766
250 0.021720336914062
251 0.022675533218688
252 0.023093813941592
253 0.021034693058300
254 0.021749060923659
255 0.021583826401654
256 0.020980834960938
