1 0.086236650713098
2 0.208615498635769
3 0.083537652697723
4 0.193621527453335
5 0.139044944571937
6 0.088567565264936
7 0.052244700794904
8 0.094842989121505
9 0.137183325801899
10 0.134998417037002
11 0.157753558627612
12 0.130719561381666
13 0.113888172141292
14 0.116084611623038
15 0.097876729684374
16 0.081467907740081
17 0.066949630705172
18 0.054172141084866
19 0.047188312889598
20 0.042877014675100
21 0.032898744135019
22 0.043332231610770
23 0.058749950312423
24 0.080694259676162
25 0.071236156951665
26 0.062212736196554
27 0.053735779589135
28 0.046061879653161
29 0.040757289178663
30 0.033859245374014
31 0.028305197124326
32 0.024817876258509
33 0.019015437776819
34 0.014549493227124
35 0.037873630852214
36 0.051272969555521
37 0.045382715193890
38 0.043104271823346
39 0.056574393083119
40 0.050993367202954
41 0.045684594375857
42 0.043236429879669
43 0.038357145358371
44 0.033698511029473
45 0.029251472020418
46 0.039608746968320
47 0.055640544761768
48 0.067952165196993
49 0.063164038798769
50 0.059037854486399
51 0.054652520673209
52 0.054222674255300
53 0.054458197590804
54 0.054979421949300
55 0.051124099006694
56 0.047236193918438
57 0.051421613264942
58 0.051685948442240
59 0.047986350033843
60 0.044704377869958
61 0.041611006230858
62 0.048398197938599
63 0.054333197730462
64 0.050952996138337
65 0.047608619133317
66 0.044369481675168
67 0.041627773976042
68 0.038564625851278
69 0.035590439304966
70 0.032701712679366
71 0.029909114123151
72 0.027209771510974
73 0.029384505796415
74 0.028116781837915
75 0.025519673378239
76 0.023017756354876
77 0.020694078618450
78 0.018294474919002
79 0.015958809936384
80 0.016750668820392
81 0.014783749605462
82 0.015366754959605
83 0.014033795821279
84 0.019334153110907
85 0.017146172955258
86 0.018713122731341
87 0.017031346463858
88 0.015215503651031
89 0.020845714188493
90 0.018789805470779
91 0.021808178886511
92 0.021164796578046
93 0.029647483013120
94 0.029776608211606
95 0.035179289616532
96 0.033080079766969
97 0.037725187706941
98 0.035639560786271
99 0.034375782073173
100 0.032389938200465
101 0.033409180376280
102 0.033571027717811
103 0.031629792713910
104 0.031166471207321
105 0.029285213063643
106 0.029674878459268
107 0.028395384990010
108 0.027146263819485
109 0.025375914285733
110 0.024141319695660
111 0.022422335939042
112 0.021997261500345
113 0.020653473410945
114 0.019010826172631
115 0.017710185638697
116 0.016125386457511
117 0.014563216831224
118 0.019886628258019
119 0.018332352883699
120 0.022466203016146
121 0.021690128184759
122 0.027553515138001
123 0.025976361123656
124 0.024422788319030
125 0.022894615628278
126 0.022503429393885
127 0.021590783198041
128 0.020121652820094
129 0.018685229802940
130 0.017259445986701
131 0.015888328280455
132 0.015564643017149
133 0.014194539955994
134 0.013001913285226
135 0.013569014083853
136 0.012246046723955
137 0.010942977772007
138 0.016588365271918
139 0.016587838676990
140 0.021580499259717
141 0.021495776974732
142 0.020170700504878
143 0.019161758590016
144 0.019235616393597
145 0.017954972614020
146 0.017579613142121
147 0.016326244655631
148 0.015927039249817
149 0.016120265133473
150 0.014907774251462
151 0.014495737788024
152 0.013516144833319
153 0.017344418752975
154 0.018068741158858
155 0.016877289813074
156 0.015855342185922
157 0.018960447511621
158 0.019233021627863
159 0.021328118310087
160 0.020166423721254
161 0.019012222730320
162 0.017866112174503
163 0.017755797248370
164 0.016632235218448
165 0.015521332874393
166 0.014441794325182
167 0.018040358400632
168 0.019410381535766
169 0.020844272732142
170 0.019775565404705
171 0.018835377940419
172 0.017948823686902
173 0.018724190105974
174 0.018631697957586
175 0.018133416081415
176 0.020311763286117
177 0.019392934752621
178 0.018364325522830
179 0.017335012864303
180 0.016315652471923
181 0.020247134586450
182 0.019906977837701
183 0.019554420667884
184 0.018544334196619
185 0.020669980880046
186 0.020649121169972
187 0.020713896920237
188 0.019717199267853
189 0.018750050053266
190 0.021612483517581
191 0.022199926894236
192 0.021424809349022
193 0.022831779175963
194 0.021869231220617
195 0.021681667133650
196 0.022369268073736
197 0.021757184166473
198 0.020815586276353
199 0.021211336225426
200 0.020671563101865
201 0.019739594994245
202 0.020995352294320
203 0.022586996856085
204 0.021659809759189
205 0.020908560617524
206 0.020095674064764
207 0.019218893165441
208 0.018326371880128
209 0.017485887756395
210 0.016608991572348
211 0.015740386988037
212 0.017769688834630
213 0.018963535444226
214 0.018097521093504
215 0.017246828851182
216 0.016395377650941
217 0.015656950385363
218 0.016030984139991
219 0.018380585758736
220 0.018897086626779
221 0.018081459434896
222 0.017254424742894
223 0.016444815764227
224 0.018034874738986
225 0.017213999318692
226 0.016885928189758
227 0.016087738360951
228 0.015500543063640
229 0.015868120215510
230 0.015113100651818
231 0.014327856034764
232 0.013673173880978
233 0.016991819748862
234 0.016299675091709
235 0.017935205717497
236 0.020280505971884
237 0.021345528594321
238 0.020574565354967
239 0.020478914072903
240 0.020050749709276
241 0.022235259204993
242 0.025230982271829
243 0.024529661639657
244 0.024529043466940
245 0.023768087369936
246 0.024916645072011
247 0.024322596152208
248 0.027284610121651
249 0.027039007091632
250 0.029275421392180
251 0.029514783234286
252 0.029124151806897
253 0.028350275054037
254 0.028256009301404
255 0.027591128914178
256 0.026858393745653
257 0.028961072705435
258 0.028202870049847
259 0.027620726640886
260 0.026924217995442
261 0.026423595209832
262 0.026020632020476
263 0.025293779853468
264 0.024694300635687
265 0.024091627559264
266 0.023375886548575
267 0.022830396405915
268 0.023743634069531
269 0.024349648229294
270 0.023660686809512
271 0.023451312572628
272 0.022752686825372
273 0.022058882741363
274 0.021370103363969
275 0.020816379065107
276 0.020572886828423
277 0.019974007109178
278 0.019716863139606
279 0.019093157744268
280 0.018429733018917
281 0.017872610716675
282 0.017221576766847
283 0.016573516073030
284 0.016192780728326
285 0.015557047690780
286 0.014925090333188
287 0.014296817283633
288 0.016737515716982
289 0.016147849633069
290 0.016047899479657
291 0.015454310516562
292 0.014875275475679
293 0.014255678403616
294 0.016485698377325
295 0.018683154044498
296 0.018440732102193
297 0.018170676149518
298 0.017550423209584
299 0.018064430580997
300 0.019174217048048
301 0.018591279431904
302 0.018060785789811
303 0.017455458403974
304 0.018119904314881
305 0.019382379200099
306 0.018774641538391
307 0.018171372915644
308 0.018183138252179
309 0.017586192015074
310 0.017172844749641
311 0.018681846194761
312 0.018091886507706
313 0.019837254668333
314 0.019696926557411
315 0.019112830039859
316 0.019014969719218
317 0.018429817171028
318 0.020495089390636
319 0.020341088041468
320 0.020316609876149
321 0.019857161749743
322 0.019308782731667
323 0.020416211277105
324 0.019985642185783
325 0.019411331061835
326 0.018891427808170
327 0.018329157871792
328 0.019687583223180
329 0.019151422094255
330 0.018588340092162
331 0.018530955415438
332 0.017973131351896
333 0.017682704548732
334 0.017773859563772
335 0.017305010320403
336 0.017035874988043
337 0.016499342509246
338 0.015998227971724
339 0.015541268328589
340 0.016768701038183
341 0.016420857089110
342 0.016113240600861
343 0.015580355191790
344 0.015260329851075
345 0.014733005224377
346 0.014210626701547
347 0.013689366490118
348 0.014929132667889
349 0.014912219565413
350 0.015247782203070
351 0.015233310487948
352 0.014883640939468
353 0.014372298508468
354 0.013862813762666
355 0.016136962910902
356 0.016503666078433
357 0.016646425068188
358 0.016134377653785
359 0.015626605238749
360 0.015127160557945
361 0.015441496511021
362 0.014938952312238
363 0.014439988141628
364 0.013950585956675
365 0.013508468648447
366 0.013016246850347
367 0.012537908771430
368 0.012179794490306
369 0.011709885913345
370 0.012242010228905
371 0.011792197728195
372 0.011313683552158
373 0.011003095561596
374 0.011220724883870
375 0.011615780693119
376 0.011141625650185
377 0.011151108948643
378 0.012328284268772
379 0.011867250056475
380 0.011399951788730
381 0.012150204561619
382 0.012224146994208
383 0.011774295034429
384 0.011441638739660
385 0.011194771488480
386 0.010734677081767
387 0.010830035920479
388 0.010372903970552
389 0.009917790759367
390 0.010144281312306
391 0.010454625443335
392 0.010926796684722
393 0.011279162017736
394 0.010861037370303
395 0.010427035109611
396 0.010459811861974
397 0.011652830626799
398 0.011442251652158
399 0.011844672054951
400 0.011576196688481
401 0.011131700777089
402 0.010701478213559
403 0.012315260877706
404 0.012161180623021
405 0.011720305165482
406 0.011280929267899
407 0.010844139931714
408 0.010634317247786
409 0.010200818620642
410 0.010219965393022
411 0.009794727073338
412 0.009826197877914
413 0.009646825389676
414 0.010008317138725
415 0.009863286771790
416 0.009738180492562
417 0.009482938006646
418 0.009065468297878
419 0.008646080534118
420 0.008540467917749
421 0.010362950870347
422 0.010155820423871
423 0.011825728597318
424 0.011451175564817
425 0.011066662035662
426 0.011358505440124
427 0.010941668811702
428 0.010528875201010
429 0.010115831979901
430 0.009707252283830
431 0.010683196528310
432 0.010860690693928
433 0.010457479317899
434 0.012261831429551
435 0.011850615339505
436 0.011442161436587
437 0.011071860255396
438 0.010715405401488
439 0.010311777079889
440 0.009917486886339
441 0.011590295895823
442 0.011433861191599
443 0.012175171996101
444 0.011778794302241
445 0.011377793390217
446 0.013148811581549
447 0.012869408007596
448 0.013733474053052
449 0.013332272442289
450 0.012993473492601
451 0.012595123516887
452 0.012203060395473
453 0.011915163712763
454 0.011683144649948
455 0.011971276454414
456 0.011580669391010
457 0.011534696604371
458 0.011149255015466
459 0.010846866668456
460 0.011766068112874
461 0.011799895317508
462 0.011413604058474
463 0.011232755459317
464 0.010849352738749
465 0.010468939716002
466 0.010648762315769
467 0.011819813718422
468 0.012692012651572
469 0.012315593278181
470 0.011934779959150
471 0.012286708085495
472 0.011907728801778
473 0.011642004134221
474 0.011609819590034
475 0.011234507091365
476 0.010860765162708
477 0.010488592128802
478 0.010124242787750
479 0.009755174687084
480 0.009389704999145
481 0.009051325702422
482 0.009467633698650
483 0.009443000902577
484 0.009079138138774
485 0.009139707786625
486 0.009107911918805
487 0.008748338581752
488 0.008388914813481
489 0.008161125022736
490 0.008973045393763
491 0.008709939259399
492 0.008656145305382
493 0.008300522423356
494 0.009104795576293
495 0.010487532824348
496 0.010180195883474
497 0.010371006482619
498 0.010270496346842
499 0.009928423196892
500 0.009936988693011
501 0.010255630363895
502 0.010163465739828
503 0.009811916447959
504 0.009461782261137
505 0.009594703330611
506 0.010257013243357
507 0.011138289709998
508 0.011770945639338
509 0.011782585555238
510 0.011920664465278
511 0.011573209101435
512 0.011642347169317
513 0.011297884815493
514 0.010955147067685
515 0.011991009268459
516 0.012874166730726
517 0.012612522042508
518 0.013532135238333
519 0.013189365503916
520 0.012843546706852
521 0.012499007040736
522 0.012354675781059
523 0.012012791025597
524 0.011806546119936
525 0.011466597155816
526 0.012258140880737
527 0.013326234547654
528 0.012985338913552
529 0.014015169159610
530 0.013957362102379
531 0.013639589415455
532 0.013513585054841
533 0.014440950009657
534 0.014137799098789
535 0.015163206853431
536 0.014824314723859
537 0.014605405002292
538 0.014268801999940
539 0.013945293899182
540 0.014376315162998
541 0.015794549616613
542 0.015464751780333
543 0.015129334935200
544 0.014803853331962
545 0.014922299858700
546 0.015489024851177
547 0.015741658951636
548 0.016560223138128
549 0.017780113032233
550 0.017447345970527
551 0.018814716213446
552 0.018481041577846
553 0.018147231972119
554 0.017871133695053
555 0.017573144889077
556 0.017404968508288
557 0.017228633401635
558 0.016899072002652
559 0.016651843303685
560 0.016611717703152
561 0.016653420317123
562 0.017035573168915
563 0.016709290255604
564 0.016700476254853
565 0.016613776021821
566 0.016301688379136
567 0.016008669193950
568 0.015701216939359
569 0.015380711010662
570 0.015205781073890
571 0.014918526620038
572 0.015822657791292
573 0.016483140070032
574 0.016164063758530
575 0.015876929664248
576 0.015560018159276
577 0.016059140120259
578 0.015854003051305
579 0.015541942335094
580 0.015227789665803
581 0.014914718334074
582 0.014997604260967
583 0.014690354494316
584 0.014450803292308
585 0.015715783448659
586 0.015454315725313
587 0.015152619673821
588 0.015316061548094
589 0.015659373195234
590 0.015353815675679
591 0.015475913553694
592 0.015215847022952
593 0.014909245122427
594 0.014603582466724
595 0.014313463063337
596 0.014972955660752
597 0.014668701847864
598 0.014383658800376
599 0.014181591752584
600 0.014177263325721
601 0.013876373672685
602 0.013576645840065
603 0.013277874260531
604 0.012980072760854
605 0.012704021147844
606 0.013098886071975
607 0.012844968521034
608 0.013722527966469
609 0.013543136196656
610 0.013267247294084
611 0.012988693683383
612 0.012698215027334
613 0.012697716183601
614 0.012413644140989
615 0.012123835539597
616 0.012896173991007
617 0.012616303289962
618 0.012462134721730
619 0.012957246687304
620 0.012667531463053
621 0.012587749116381
622 0.012519425108941
623 0.012364135831984
624 0.012095947544352
625 0.011810308523817
626 0.011575965199678
627 0.011296366036000
628 0.011013582624273
629 0.010731102179674
630 0.010543330403718
631 0.010268030433146
632 0.009988238629548
633 0.010216210026899
634 0.010594208965455
635 0.010356941204341
636 0.010123637954471
637 0.009939357807410
638 0.010128332074872
639 0.009851741064375
640 0.010594596790913
641 0.011486997285419
642 0.011220638116414
643 0.010944051465900
644 0.010861380358115
645 0.010586143077825
646 0.010311760792015
647 0.010572074460546
648 0.010322150167044
649 0.010061679163074
650 0.010474646125819
651 0.010202539654648
652 0.009962728811433
653 0.009692293556642
654 0.009422909076343
655 0.009154074649041
656 0.008916299948551
657 0.009346656529954
658 0.009079159090745
659 0.009531852421152
660 0.009431389479478
661 0.009346985800296
662 0.009775543107936
663 0.009763933728582
664 0.009826982481791
665 0.009561615813795
666 0.009462091584992
667 0.009222807725715
668 0.010174641137530
669 0.009917600621632
670 0.010331428399513
671 0.010088056251150
672 0.009825028408740
673 0.010560336065614
674 0.010327042061563
675 0.010109126400675
676 0.009847769922700
677 0.010724937345887
678 0.011445828526907
679 0.012648194355230
680 0.012384499084802
681 0.012121575201211
682 0.011860124091944
683 0.012014961505317
684 0.013143356083188
685 0.012881569749468
686 0.013129353522990
687 0.012867883459278
688 0.012748310475025
689 0.012488012785187
690 0.012426386678740
691 0.012167207240598
692 0.011909293610556
693 0.012502935221113
694 0.012246800405894
695 0.012237289251112
696 0.012003864990813
697 0.011747524877784
698 0.011579448455754
699 0.011324446866628
700 0.011143328988120
701 0.011219880701038
702 0.010966481431017
703 0.010719638664142
704 0.010469350569923
705 0.010276242596548
706 0.010212896538867
707 0.009999859300675
708 0.010163734974080
709 0.009961471098422
710 0.010533127939506
711 0.010787559378290
712 0.011117625166556
713 0.010870552066188
714 0.010871014672967
715 0.010622915568624
716 0.010531426717834
717 0.011261551639719
718 0.011095525509223
719 0.011656385581652
720 0.012340996366393
721 0.012092720991272
722 0.011869047194184
723 0.012186696660173
724 0.012715377911888
725 0.012841203331970
726 0.013066036639745
727 0.012824311493033
728 0.012579617545085
729 0.012482667026953
730 0.012368376418567
731 0.012124288349525
732 0.011881987194143
733 0.012014059629641
734 0.011779760800344
735 0.012204679586098
736 0.012084320629833
737 0.012179937697124
738 0.011937598124815
739 0.011695925000202
740 0.011512027696473
741 0.011481712817708
742 0.012576831886776
743 0.012337033308888
744 0.012370008502787
745 0.012129842511996
746 0.011894968975368
747 0.011656259481260
748 0.011436494373935
749 0.011200629383575
750 0.010987822508256
751 0.010752411571953
752 0.010522912827746
753 0.010396590077485
754 0.010167920197018
755 0.009935298483009
756 0.009928083941581
757 0.009696530411279
758 0.009494216634245
759 0.009351889455042
760 0.009120949302332
761 0.009438400329772
762 0.009648639008998
763 0.009417558236656
764 0.009187105044547
765 0.008975146185868
766 0.009206290457905
767 0.008976990661187
768 0.008748302073903
769 0.008631725252545
770 0.008431437802514
771 0.008209605288714
772 0.007997227592607
773 0.007810503942881
774 0.007585805386711
775 0.007365305989339
776 0.007430826621781
777 0.007384656378192
778 0.007160941562399
779 0.007453436777837
780 0.007235278131107
781 0.007013512043962
782 0.006816600165340
783 0.006595630825108
784 0.007087554911474
785 0.007218930114742
786 0.007005829623487
787 0.006788822966042
788 0.006703974808121
789 0.006494987821774
790 0.006277253899419
791 0.006085304410812
792 0.005870060652455
793 0.005813912968089
794 0.005596701421431
795 0.005425323948833
796 0.005209132157008
797 0.005204927619229
798 0.004999636018554
799 0.005222983093178
800 0.005233636128878
801 0.005019036959460
802 0.004804965298474
803 0.004591776070746
804 0.004392188106023
805 0.005042167631193
806 0.004906646560517
807 0.004694040224591
808 0.005141136327245
809 0.005356843607370
810 0.006010804061870
811 0.005797898347723
812 0.005593053345976
813 0.005845411635758
814 0.005719638132699
815 0.005941612399023
816 0.005798218912485
817 0.005657902734959
818 0.005490016681672
819 0.006413967467713
820 0.006408725168177
821 0.006197960469470
822 0.005987843243436
823 0.006795965912401
824 0.006622745471028
825 0.006412718257460
826 0.006257035182487
827 0.006138459517644
828 0.005929944851336
829 0.005816918484414
830 0.005609109897788
831 0.005402416535742
832 0.005216199812010
833 0.005010203857585
834 0.005102520498193
835 0.005073675483090
836 0.004917437523045
837 0.005832898426213
838 0.005627052058884
839 0.005426087971276
840 0.005221295353477
841 0.005088230028423
842 0.005679077618343
843 0.006633615071848
844 0.006471736470702
845 0.006266839032111
846 0.006570372565915
847 0.006365842465526
848 0.006168629512819
849 0.007043299073693
850 0.007187190184053
851 0.006985112147366
852 0.007426149196511
853 0.007258846648927
854 0.007055660087665
855 0.006852484277745
856 0.007097521932909
857 0.006895011951563
858 0.006692732611071
859 0.006493818206167
860 0.006303064996395
861 0.006102211082029
862 0.006567493119676
863 0.006367984032256
864 0.006170609779161
865 0.006755172341911
866 0.006638887142591
867 0.006803975941631
868 0.006930931005286
869 0.006886368012884
870 0.006820743904241
871 0.006623104800825
872 0.006475074741178
873 0.007188491391082
874 0.006989572549591
875 0.006832077025695
876 0.007000061969511
877 0.007389130386627
878 0.007191566774374
879 0.007595837630690
880 0.007399694264709
881 0.007202116112440
882 0.007005208463181
883 0.006808986668465
884 0.006613097081578
885 0.006451065970496
886 0.006263784465072
887 0.006557595232407
888 0.006364379935655
889 0.006772290289672
890 0.006879602804465
891 0.006798499448390
892 0.006842146791799
893 0.006649757431147
894 0.006921474396261
895 0.007437140631796
896 0.007244933767350
897 0.007052965779153
898 0.006916570776820
899 0.006770771687713
900 0.006578151447141
901 0.007376269928279
902 0.007191656901912
903 0.007440379995264
904 0.007247784070467
905 0.007985690867130
906 0.007794825699184
907 0.007737924320977
908 0.007546217466618
909 0.007359528699669
910 0.007401211065149
911 0.007216084147908
912 0.007029323803853
913 0.007012212290763
914 0.007011157398039
915 0.007098025148419
916 0.007021182643731
917 0.006831796438221
918 0.006779982390189
919 0.006591861920101
920 0.006899501845589
921 0.006711449342167
922 0.006590237081463
923 0.006479083407742
924 0.006292054172782
925 0.006105072359180
926 0.006587001566190
927 0.006400427641892
928 0.006224110539210
929 0.006039269118207
930 0.005966279317440
931 0.006394391026283
932 0.006333484569094
933 0.006817255769414
934 0.006632153240153
935 0.006446806914652
936 0.006429215774355
937 0.006328769594521
938 0.006264700223221
939 0.006095480310609
940 0.006135399657252
941 0.005967098139795
942 0.005790720056283
943 0.005627158399002
944 0.005476016998891
945 0.006267388099431
946 0.006090237438577
947 0.006660664537078
948 0.006478140295940
949 0.006302131338309
950 0.006120061227198
951 0.005939004513469
952 0.005813970157980
953 0.005633074355975
954 0.005485696017304
955 0.005305579035431
956 0.005455994618473
957 0.005297016053966
958 0.005117525281220
959 0.004938411154334
960 0.004860583435667
961 0.005182612852477
962 0.005456840017318
963 0.005830320517655
964 0.005652993233837
965 0.005497617182275
966 0.005319743519748
967 0.005568657793947
968 0.005410844426769
969 0.005726149942735
970 0.005548476362827
971 0.005751953595410
972 0.005583540518206
973 0.005406570410477
974 0.005229931497739
975 0.005053775214765
976 0.005194219037185
977 0.005624221364025
978 0.005448084485140
979 0.005490453669249
980 0.005863176154908
981 0.005687973735295
982 0.005599821131656
983 0.005889002398846
984 0.005722133168298
985 0.005753799309113
986 0.005632406357901
987 0.005465425001818
988 0.005326769227191
989 0.005179602259836
990 0.005019572405764
991 0.004955310141485
992 0.005718812410589
993 0.005545218855066
994 0.005372167553708
995 0.005228727607741
996 0.005056141877481
997 0.005000575901218
998 0.004831116366245
999 0.004661114953600
1000 0.004494640366409
1001 0.004558124587360
1002 0.004630255451130
1003 0.004871823109584
1004 0.004701099885372
1005 0.004556240867726
1006 0.004386039170376
1007 0.004252930231234
1008 0.004083786552761
1009 0.003931362641779
1010 0.003762453706119
1011 0.003593979993606
1012 0.003585660201292
1013 0.003616711928940
1014 0.003450330479778
1015 0.003282741861596
1016 0.003119697195421
1017 0.003620771964562
1018 0.003662572889429
1019 0.003495790622208
1020 0.003334464746630
1021 0.003168004045199
1022 0.003479914354129
1023 0.003633759365314
1024 0.003489558271952
1025 0.004069818598115
1026 0.004009554511416
1027 0.004046549064523
1028 0.004446546488209
1029 0.004299828809765
1030 0.004173838751671
1031 0.004012782177735
1032 0.003853186313281
1033 0.003689244137816
1034 0.003553256279486
1035 0.003413847639445
1036 0.003249679247092
1037 0.003102654440889
1038 0.002939100181761
1039 0.002802741871211
1040 0.002879377594017
1041 0.002797267967429
1042 0.002634634785281
1043 0.002472695502180
1044 0.002406697046933
1045 0.002659925408627
1046 0.002498046256300
1047 0.003225300361838
1048 0.003074705240475
1049 0.003137369062554
1050 0.002975651004549
1051 0.002935984377543
1052 0.002778077064694
1053 0.002628341069587
1054 0.002482647801231
1055 0.002386764413770
1056 0.002226678530536
1057 0.002080370970539
1058 0.001921441608513
1059 0.001831642235342
1060 0.002218673198213
1061 0.002587468739742
1062 0.002922195249208
1063 0.002762657322497
1064 0.002632441635932
1065 0.002482485578971
1066 0.002329584291810
1067 0.002393965665924
1068 0.002235680143470
1069 0.002077679860770
1070 0.001920029635631
1071 0.001762623372210
1072 0.001618943678134
1073 0.001471822067985
1074 0.001315506037285
1075 0.001660817126747
1076 0.001652686404893
1077 0.001563486902582
1078 0.002229670222584
1079 0.002098959822563
1080 0.002024494429905
1081 0.001868718454081
1082 0.001733325935036
1083 0.001788177855024
1084 0.001644158580942
1085 0.001491788210784
1086 0.001336980648639
1087 0.002071916031045
1088 0.002238445785876
1089 0.002122402761804
1090 0.002629251747144
1091 0.002474079864505
1092 0.002319189074227
1093 0.002865772859520
1094 0.002715930810901
1095 0.002566004997556
1096 0.002648250750520
1097 0.002493990250131
1098 0.002344885029082
1099 0.002291734323140
1100 0.002139184155764
1101 0.001986711307388
1102 0.001842875045320
1103 0.001692583717861
1104 0.001540596951598
1105 0.001720665255318
1106 0.001587777277207
1107 0.001435974336037
1108 0.001758666196400
1109 0.002347268160936
1110 0.002195003355314
1111 0.002123221646506
1112 0.002640799924097
1113 0.002489978785749
1114 0.002338132607777
1115 0.002203099427603
1116 0.002142822923219
1117 0.002363990007344
1118 0.002903290042007
1119 0.002751753007978
1120 0.002720114911889
1121 0.002570098105431
1122 0.002663181289461
1123 0.002512635469463
1124 0.002363383478214
1125 0.002301911487692
1126 0.002857947386558
1127 0.002709343630599
1128 0.002559262179859
1129 0.002450541957905
1130 0.002320901749047
1131 0.002171587187973
1132 0.002062523136151
1133 0.001913604939660
1134 0.002021342088573
1135 0.001872794435290
1136 0.001724488754775
1137 0.001991125005368
1138 0.002258838158401
1139 0.002110540934079
1140 0.001962712718567
1141 0.002516535796210
1142 0.002368542965638
1143 0.002226682156936
1144 0.002087432900790
1145 0.002684511549717
1146 0.002682036767469
1147 0.002787734359370
1148 0.003410542141339
1149 0.004091934380940
1150 0.004439724876112
1151 0.004423679433825
1152 0.004377736171736
1153 0.004306180128177
1154 0.004339716164091
1155 0.004794555733477
1156 0.004741657514021
1157 0.005222496873108
1158 0.005200315349094
1159 0.005447053916093
1160 0.005413133278864
1161 0.005309084722928
1162 0.005316278177058
1163 0.005170702897337
1164 0.005667108448517
1165 0.005562570129742
1166 0.005416557974720
1167 0.005351220167239
1168 0.005204161918493
1169 0.005092044573874
1170 0.004952333502366
1171 0.004911273513733
1172 0.004847788717813
1173 0.004755904109514
1174 0.004628490899097
1175 0.004681241246717
1176 0.005273139110945
1177 0.005128853714839
1178 0.005010190882008
1179 0.005049081019611
1180 0.004918101887499
1181 0.004997262948937
1182 0.005553525625188
1183 0.006136934543958
1184 0.006206225520482
1185 0.006123418520229
1186 0.006283933991862
1187 0.006140033189116
1188 0.005994622441183
1189 0.006271094150348
1190 0.006161357805412
1191 0.006016246282769
1192 0.005873680930937
1193 0.005729249486962
1194 0.005584866440932
1195 0.005440724814300
1196 0.005316886148068
1197 0.005262450765500
1198 0.005668399358734
1199 0.005688627417698
1200 0.005550167442146
1201 0.005714332141316
1202 0.005570920352387
1203 0.005761157826071
1204 0.005618144977461
1205 0.005786071292504
1206 0.006076971066178
1207 0.006130940389268
1208 0.006103125509776
1209 0.005960881772048
1210 0.005830523147327
1211 0.005690771367460
1212 0.005548562312070
1213 0.005406698507267
1214 0.005265037670491
1215 0.005557889401870
1216 0.006214936225873
1217 0.006073142097637
1218 0.005931319605441
1219 0.005791136223901
1220 0.005866662272035
1221 0.005737209507319
1222 0.005623520300344
1223 0.005870000025823
1224 0.005729040283358
1225 0.005603131047691
1226 0.005510565690114
1227 0.005388542586684
1228 0.005248462194013
1229 0.005113053245680
1230 0.005088679623482
1231 0.004963166843220
1232 0.004923782857936
1233 0.004960237807897
1234 0.005092451189426
1235 0.005035544034924
1236 0.005312542865504
1237 0.005301639876140
1238 0.005172867372069
1239 0.005040428231567
1240 0.004927473290774
1241 0.005075926800812
1242 0.004959217147134
1243 0.004852977089915
1244 0.004911076872591
1245 0.004773487111235
1246 0.004655692192109
1247 0.004528079267750
1248 0.004395269245440
1249 0.004269979325894
1250 0.004138171775981
1251 0.004453270130895
1252 0.004345678590952
1253 0.004277305193397
1254 0.004206976805252
1255 0.004072812128330
1256 0.004591824993178
1257 0.004458902240647
1258 0.004323038048165
1259 0.004208886766597
1260 0.004568046741359
1261 0.004558163590474
1262 0.004465521818411
1263 0.004574659006833
1264 0.004439185654488
1265 0.004305245741915
1266 0.004303806532626
1267 0.004168865855263
1268 0.004154755504666
1269 0.004020324413924
1270 0.003885927737536
1271 0.003830585608064
1272 0.003711610142810
1273 0.003577770176898
1274 0.003545107035657
1275 0.003416043743243
1276 0.003342098731009
1277 0.003548099441490
1278 0.003934092591993
1279 0.003849155286702
1280 0.004034901358096
1281 0.003903080846410
1282 0.004061879249636
1283 0.003928837727236
1284 0.003802962163217
1285 0.003680337124083
1286 0.003859937999461
1287 0.003732616418884
1288 0.004289144459554
1289 0.004490799143719
1290 0.004882429665750
1291 0.004749577779319
1292 0.004895371088375
1293 0.004856601492782
1294 0.004768652619812
1295 0.004835082194645
1296 0.004776067494051
1297 0.004657394258529
1298 0.004677981561093
1299 0.004546087531820
1300 0.004486836101389
1301 0.004357379187735
1302 0.004603949211264
1303 0.004498766645611
1304 0.004399741185969
1305 0.004579286266418
1306 0.005096441261345
1307 0.005233914497969
1308 0.005146357082095
1309 0.005015122769798
1310 0.004905756689473
1311 0.004779342294398
1312 0.004661873019380
1313 0.004728653524616
1314 0.004606659002025
1315 0.005205827140420
1316 0.005081957003854
1317 0.005291440244768
1318 0.005161129927439
1319 0.005030859140243
1320 0.004900801166893
1321 0.005457900480510
1322 0.005561912858761
1323 0.005439345798429
1324 0.005635447936622
1325 0.005506072268044
1326 0.005500385942236
1327 0.005375138601948
1328 0.005247283985970
1329 0.005118495092878
1330 0.005365853333282
1331 0.005456634195140
1332 0.005440611904084
1333 0.005311499457308
1334 0.005400196551856
1335 0.005271307515931
1336 0.005300668606009
1337 0.005173404985240
1338 0.005052249405695
1339 0.005346534322233
1340 0.005309783001004
1341 0.005181538077578
1342 0.005053645339262
1343 0.005123078093556
1344 0.004995390421058
1345 0.005233538853883
1346 0.005105842854688
1347 0.004997041517124
1348 0.004895949977076
1349 0.005229125260452
1350 0.005194049400929
1351 0.005072178286841
1352 0.004951063068706
1353 0.004989914080200
1354 0.005079388336236
1355 0.004954211490991
1356 0.004827647421553
1357 0.004716231051115
1358 0.005171764645892
1359 0.005093904254818
1360 0.004967614391982
1361 0.004929654699378
1362 0.004803710546315
1363 0.004677909619870
1364 0.004920842505655
1365 0.004804977126185
1366 0.004949103306494
1367 0.004823600775820
1368 0.004698242954302
1369 0.004577259942003
1370 0.005016107021997
1371 0.004946842746886
1372 0.005195926422716
1373 0.005107405125965
1374 0.004982387606466
1375 0.005097213154323
1376 0.004972384798240
1377 0.004902916281197
1378 0.005344041332632
1379 0.005271726671138
1380 0.005332842710509
1381 0.005260830268086
1382 0.005137282786849
1383 0.005015241754011
1384 0.005087144922539
1385 0.004963159048263
1386 0.005261609803871
1387 0.005390273122964
1388 0.005267573108787
1389 0.005145469437877
1390 0.005024934664281
1391 0.004911753377653
1392 0.004788493018623
1393 0.004782950009755
1394 0.004693124167249
1395 0.004570285607522
1396 0.004447770108005
1397 0.004334354283420
1398 0.004865325749243
1399 0.005148508008940
1400 0.005050912960759
1401 0.004928345438551
1402 0.004875838310620
1403 0.005247945491254
1404 0.005125849275232
1405 0.005124362049393
1406 0.005548412972546
1407 0.005440665856597
1408 0.005318430537237
1409 0.005750531950920
1410 0.006074110118558
1411 0.005954401559903
1412 0.005832181208003
1413 0.006126499543130
1414 0.006661514264703
1415 0.006909406976087
1416 0.006788151553915
1417 0.006665776982050
1418 0.006543577129333
1419 0.006979399091479
1420 0.006964246912625
1421 0.007022155714545
1422 0.007198729687120
1423 0.007489318360856
1424 0.007367018275926
1425 0.007249333280089
1426 0.007127373257996
1427 0.007043033349172
1428 0.006985303854725
1429 0.006863783983486
1430 0.006743439503912
1431 0.006623277491315
1432 0.006502268891134
1433 0.006386792559636
1434 0.006276617944395
1435 0.006535490200943
1436 0.006520439586231
1437 0.006417234587949
1438 0.006296870262908
1439 0.006335370863466
1440 0.006215254383487
1441 0.006581220142553
1442 0.007141847625760
1443 0.007130508594550
1444 0.007081466376675
1445 0.007237074220102
1446 0.007399256873098
1447 0.007278963621461
1448 0.007625473204437
1449 0.007696576626518
1450 0.007599163690045
1451 0.007615121437940
1452 0.007495419948836
1453 0.007681432685932
1454 0.007578058961798
1455 0.008131031285291
1456 0.008011410776307
1457 0.007974479384086
1458 0.007979023663406
1459 0.008002822037632
1460 0.007883318682830
1461 0.007765080606961
1462 0.007747578373600
1463 0.007629413374447
1464 0.007722262154026
1465 0.007605738244641
1466 0.007491033256126
1467 0.007387384974420
1468 0.007269960289308
1469 0.007508946258516
1470 0.007390752481440
1471 0.007353415155438
1472 0.007239380848476
1473 0.007151270511853
1474 0.007033601212473
1475 0.007013128597555
1476 0.006896244369018
1477 0.006784810302481
1478 0.006905728335976
1479 0.007154701177972
1480 0.007142351008955
1481 0.007024991813205
1482 0.007572626553594
1483 0.007455149901829
1484 0.007677041918807
1485 0.007598119062736
1486 0.007481293450967
1487 0.007491975975102
1488 0.007401720370513
1489 0.007326058111383
1490 0.007226949151682
1491 0.007138700607242
1492 0.007351659004181
1493 0.007235158595535
1494 0.007119113576304
1495 0.007401663796775
1496 0.007345779604408
1497 0.007622305333259
1498 0.007514127460053
1499 0.007489764129705
1500 0.008027907883406
1501 0.008316991151924
1502 0.008228752297239
1503 0.008112542769128
1504 0.008124767745320
1505 0.008182941122521
1506 0.008097676778327
1507 0.007983081880127
1508 0.007867266397024
1509 0.007792255059003
1510 0.008095007537182
1511 0.007981750304571
1512 0.007909237365867
1513 0.008230003597593
1514 0.008171772111388
1515 0.008056396809591
1516 0.008018870002382
1517 0.008299530592682
1518 0.008184281799680
1519 0.008069173262870
1520 0.008452210285650
1521 0.008337089081156
1522 0.008227352490911
1523 0.008636978977545
1524 0.008616728482234
1525 0.008576645212153
1526 0.008816304033489
1527 0.008701441903351
1528 0.008626253185012
1529 0.008511613472113
1530 0.008445138564921
1531 0.008351931178237
1532 0.008509084509866
1533 0.008429732385317
1534 0.008892686432100
1535 0.008781583638600
1536 0.008667584812485
1537 0.008612965543928
1538 0.008498999593206
1539 0.008411803710174
1540 0.008644209373279
1541 0.008535574770591
1542 0.008421986847287
1543 0.008314399090663
1544 0.008248777187154
1545 0.008145186139050
1546 0.008035731898281
1547 0.008107721528144
1548 0.008029539970204
1549 0.008232805267773
1550 0.008119982928795
1551 0.008007290091230
1552 0.007913266689116
1553 0.007801986440764
1554 0.007696559910947
1555 0.007584429218619
1556 0.007529274683944
1557 0.007589001547876
1558 0.007565412598234
1559 0.007453653751226
1560 0.007415129214678
1561 0.007727471308925
1562 0.007987479299957
1563 0.008396638975592
1564 0.008503267802748
1565 0.008647909562272
1566 0.008566735327385
1567 0.008454932615312
1568 0.008567760633238
1569 0.008456081328202
1570 0.008388608714856
1571 0.008282932693309
1572 0.008508816049430
1573 0.008622474115358
1574 0.008528759036225
1575 0.008417526049941
1576 0.008440866629692
1577 0.008366894451920
1578 0.008256304926265
1579 0.008145524217382
1580 0.008079202114682
1581 0.007981109947520
1582 0.007871352970807
1583 0.007825015302663
1584 0.007714928228950
1585 0.007604909630584
1586 0.007526907783265
1587 0.007509208412618
1588 0.007489183754185
1589 0.007401969106548
1590 0.007335782076095
1591 0.007254098684300
1592 0.007423371267694
1593 0.007318378937427
1594 0.007211526641308
1595 0.007102512170684
1596 0.007362725570504
1597 0.007387666838894
1598 0.007279240811640
1599 0.007199215259347
1600 0.007120587209212
1601 0.007012256941085
1602 0.006905264209270
1603 0.007121441741584
1604 0.007013095040583
1605 0.007215526210350
1606 0.007625514655034
1607 0.007523144142289
1608 0.008029999425444
1609 0.007923764617991
1610 0.007815588609306
1611 0.008164475011595
1612 0.008196325332165
1613 0.008171380362113
1614 0.008084147221821
1615 0.008257415631592
1616 0.008649872750621
1617 0.008558973701303
1618 0.008683986900589
1619 0.009135335889252
1620 0.009323466042187
1621 0.009546493727811
1622 0.009496007369957
1623 0.009466666769431
1624 0.009358317355994
1625 0.009260399212301
1626 0.009475590242490
1627 0.009510122296645
1628 0.009401919259801
1629 0.009294577850669
1630 0.009186626602904
1631 0.009117124554938
1632 0.009015955658760
1633 0.009341693699756
1634 0.009234001121257
1635 0.009707316412287
1636 0.009600152227644
1637 0.009523974282292
1638 0.009451418625918
1639 0.009346607835926
1640 0.009244608802381
1641 0.009249854940099
1642 0.009145034797216
1643 0.009050459301252
1644 0.008943575408680
1645 0.008857485732409
1646 0.009091000541862
1647 0.009086921465637
1648 0.009299455811620
1649 0.009218657608891
1650 0.009112375837410
1651 0.009374165291811
1652 0.009267702970751
1653 0.009477557304580
1654 0.009553260050410
1655 0.009454345174820
1656 0.009407533074467
1657 0.009301305214977
1658 0.009227822161380
1659 0.009121799482877
1660 0.009028325542663
1661 0.008929721190114
1662 0.008824067527144
1663 0.008718958501565
1664 0.008618758376691
1665 0.008514664813863
1666 0.008409517707311
1667 0.008426360564862
1668 0.008379873445227
1669 0.008557330376730
1670 0.008453636808528
1671 0.008706595508766
1672 0.008959070254950
1673 0.008972946927157
1674 0.008903749725882
1675 0.008846442208784
1676 0.008750327704316
1677 0.009164027494249
1678 0.009065141546860
1679 0.008960567910399
1680 0.009259820759340
1681 0.009155351867135
1682 0.009185342814852
1683 0.009092452584749
1684 0.009038949844430
1685 0.008952938240778
1686 0.008848776162750
1687 0.008932166239912
1688 0.008828360025307
1689 0.008737145906767
1690 0.008637024179448
1691 0.008533355553878
1692 0.008836322971864
1693 0.008732800236451
1694 0.008629259829234
1695 0.008547779661887
1696 0.008462018080657
1697 0.008359620956296
1698 0.008256642488684
1699 0.008153689214589
1700 0.008050873039780
1701 0.008132409033801
1702 0.008029739290684
1703 0.007927161734314
1704 0.007852093561271
1705 0.007753267195265
1706 0.008071055747626
1707 0.007972826664061
1708 0.008344612758538
1709 0.008242207597853
1710 0.008139921718766
1711 0.008038581129923
1712 0.007936538490094
1713 0.007851315408724
1714 0.007754783924156
1715 0.007710894673740
1716 0.007609367003446
1717 0.007640270730381
1718 0.007554901734033
1719 0.007640909450930
1720 0.007899352883051
1721 0.007804811528480
1722 0.007704693797234
1723 0.007654548676704
1724 0.007575628277383
1725 0.007516072571475
1726 0.007415940818051
1727 0.007323348211206
1728 0.007341439068294
1729 0.007531801804006
1730 0.007436059465023
1731 0.007335481718890
1732 0.007372840818443
1733 0.007275467582668
1734 0.007175167204611
1735 0.007430866583232
1736 0.007332136257508
1737 0.007284886375417
1738 0.007192940636636
1739 0.007243521453572
1740 0.007193693772902
1741 0.007254506728377
1742 0.007326857590303
1743 0.007774970418803
1744 0.007680262122265
1745 0.007586849804670
1746 0.007487113769496
1747 0.007395810805950
1748 0.007564998757695
1749 0.007515156981804
1750 0.007415624517899
1751 0.007324140451880
1752 0.007347787246584
1753 0.007777904299351
1754 0.007681203709998
1755 0.007794457362569
1756 0.007695544774015
1757 0.007646949293095
1758 0.007587193437875
1759 0.007954236356181
1760 0.007855022756938
1761 0.007755925023399
1762 0.007767448371943
1763 0.007756557466735
1764 0.007675377294463
1765 0.007601004445153
1766 0.007502596893236
1767 0.007406938789074
1768 0.007308644788108
1769 0.007229079611200
1770 0.007130833509323
1771 0.007199357855440
1772 0.007106610823101
1773 0.007008610787394
1774 0.006985584401443
1775 0.006890220047574
1776 0.006992510382462
1777 0.007330814438658
1778 0.007232953535562
1779 0.007391275642151
1780 0.007370075965562
1781 0.007272365982951
1782 0.007261926917016
1783 0.007244790333312
1784 0.007233571605271
1785 0.007136264777093
1786 0.007060842906110
1787 0.007029610486151
1788 0.006932466892456
1789 0.006836199283081
1790 0.006739270322701
1791 0.006642463619889
1792 0.006579428652333
1793 0.006927295858484
1794 0.006830640142885
1795 0.007113843278629
1796 0.007021154107961
1797 0.006927056546026
1798 0.006839941335735
1799 0.006750250703396
1800 0.006654138803640
1801 0.006557902932408
1802 0.006626301427313
1803 0.006538060987261
1804 0.006443384625069
1805 0.006347480360632
1806 0.006329070149961
1807 0.006234897828470
1808 0.006142560808053
1809 0.006047045568065
1810 0.005951625769110
1811 0.006190224800801
1812 0.006140612956156
1813 0.006045644229527
1814 0.005964066820222
1815 0.005898236467867
1816 0.005947414319855
1817 0.005852414825648
1818 0.005969825214158
1819 0.005874925987473
1820 0.005780123069487
1821 0.005711617833350
1822 0.005659667298945
1823 0.005897079843754
1824 0.005802572549988
1825 0.005716615203994
1826 0.005766483502502
1827 0.005839009928147
1828 0.005748588766258
1829 0.005805587173290
1830 0.005882767333173
1831 0.005788536284875
1832 0.005697283544299
1833 0.005603294964603
1834 0.005572804705236
1835 0.005567662235048
1836 0.005475975939533
1837 0.005453964341981
1838 0.005545947012540
1839 0.005784029222412
1840 0.005690306030930
1841 0.005934236580859
1842 0.005840884491490
1843 0.005782621518028
1844 0.005761960776551
1845 0.006143764667283
1846 0.006055053087718
1847 0.005961538736201
1848 0.006325835869016
1849 0.006242810458201
1850 0.006149932591309
1851 0.006056699689680
1852 0.005963467438553
1853 0.005879774746422
1854 0.005787898049247
1855 0.005696565663296
1856 0.005943893601651
1857 0.005875579730836
1858 0.005795839477288
1859 0.005703927455575
1860 0.005627554664948
1861 0.005747905739013
1862 0.005656060790056
1863 0.005570561744471
1864 0.005525366421772
1865 0.005773921041942
1866 0.005739761325321
1867 0.005685422387735
1868 0.005607525032166
1869 0.005798601315190
1870 0.005706374443658
1871 0.005614263666918
1872 0.005727275189165
1873 0.005637206457622
1874 0.005562385049895
1875 0.005750241809006
1876 0.005903125727888
1877 0.005813759613508
1878 0.005729592680324
1879 0.005637965078479
1880 0.005547486421725
1881 0.005477776494818
1882 0.005570495576120
1883 0.005784450961212
1884 0.005696104852089
1885 0.006064618682805
1886 0.005973042674045
1887 0.005884249820635
1888 0.005936725996553
1889 0.005846100187700
1890 0.005756357033077
1891 0.005669837327526
1892 0.005700868301131
1893 0.005628693874897
1894 0.005799723453166
1895 0.005711913176124
1896 0.005620996203634
1897 0.005531437657531
1898 0.005572362879645
1899 0.005481670640542
1900 0.005529223802766
1901 0.005540017933664
1902 0.005458669288873
1903 0.005829429112825
1904 0.005860677920271
1905 0.005773666012948
1906 0.005993199168482
1907 0.006078511685419
1908 0.005988043254173
1909 0.005899956236912
1910 0.005847484062490
1911 0.006140882741884
1912 0.006171639654245
1913 0.006081601096128
1914 0.006005770463609
1915 0.005915912137998
1916 0.005915008183330
1917 0.005824996051035
1918 0.005735063303891
1919 0.005645223944873
1920 0.005682352389192
1921 0.005641723650023
1922 0.005552829671419
1923 0.005463288133177
1924 0.005373836446582
1925 0.005478503333272
1926 0.005427783951176
1927 0.005691151350684
1928 0.005621345218193
1929 0.005533511707758
1930 0.005959819766374
1931 0.005870940507905
1932 0.005781710044232
1933 0.005692604241593
1934 0.006007797649625
1935 0.005927672283504
1936 0.006000003193795
1937 0.005910861936341
1938 0.005828765688550
1939 0.005742652171049
1940 0.005695187822900
1941 0.006025180206259
1942 0.006207209507731
1943 0.006119903897699
1944 0.006032844923540
1945 0.005969840309632
1946 0.005882207855915
1947 0.005793688529106
1948 0.005705229566959
1949 0.005919081694067
1950 0.005830593318372
1951 0.005743250625060
1952 0.005899213105122
1953 0.005851704706935
1954 0.005766328167701
1955 0.005692253528408
1956 0.005650614445294
1957 0.005686962607856
1958 0.005607890045506
1959 0.005519960758769
1960 0.005432162231054
1961 0.005729968888538
1962 0.005645412224225
1963 0.005557632256896
1964 0.005556029374135
1965 0.005469144081377
1966 0.005416090583723
1967 0.005352517090491
1968 0.005686833978175
1969 0.005601205408480
1970 0.005513760643593
1971 0.005447287093073
1972 0.005360071052475
1973 0.005273062016051
1974 0.005187045790666
1975 0.005101748305101
1976 0.005014820975225
1977 0.004943453560135
1978 0.004856955787420
1979 0.004901320900634
1980 0.004945144584830
1981 0.004859762200705
1982 0.004774956483125
1983 0.004688663454373
1984 0.004602298893444
1985 0.004516211464600
1986 0.004459173070853
1987 0.004385232296591
1988 0.004299616931667
1989 0.004215134679075
1990 0.004135909592201
1991 0.004402400883675
1992 0.004653937835257
1993 0.004568164435747
1994 0.004713333904610
1995 0.004633476172802
1996 0.004550523639225
1997 0.004931507124594
1998 0.004847918615793
1999 0.004762763374457
2000 0.004677634862955
2001 0.004592439533096
2002 0.004718918208181
2003 0.004635252721703
2004 0.004773746069417
2005 0.004688240785044
2006 0.004799962078947
2007 0.005097253333126
2008 0.005236363927300
2009 0.005150798365896
2010 0.005066083918495
2011 0.005406567597152
2012 0.005333790512680
2013 0.005250212465737
2014 0.005218566792605
2015 0.005239354152268
2016 0.005163664519088
2017 0.005086381406578
2018 0.005294865971061
2019 0.005209696861548
2020 0.005600401413428
2021 0.005529731498577
2022 0.005463660102248
2023 0.005382092414491
2024 0.005472857944601
2025 0.005387854044768
2026 0.005314570636558
2027 0.005237138286136
2028 0.005152396362983
2029 0.005069498738926
2030 0.004985168294482
2031 0.004942566533831
2032 0.004929773622956
2033 0.004993112425102
2034 0.005017783266851
2035 0.005052324518098
2036 0.005031132698155
2037 0.004976319992432
2038 0.004906496781543
2039 0.004822514109624
2040 0.004904122037789
2041 0.004820754504371
2042 0.004746075743075
2043 0.004823104003297
2044 0.004740935448088
2045 0.005096205796669
2046 0.005012257430371
2047 0.005206862764097
2048 0.005476609240062
2049 0.005393624263092
2050 0.005312665209762
2051 0.005230573675403
2052 0.005384329244687
2053 0.005301742057802
2054 0.005331381840958
2055 0.005255473328621
2056 0.005361042724435
2057 0.005316119493408
2058 0.005232768822984
2059 0.005149283154164
2060 0.005065877414170
2061 0.004983526613484
2062 0.004900589782047
2063 0.004849972613461
2064 0.004767159777900
2065 0.005065178984560
2066 0.005106749367345
2067 0.005184903695494
2068 0.005139406782920
2069 0.005131896645806
2070 0.005049761114040
2071 0.004966847903736
2072 0.005141779083429
2073 0.005058903231645
2074 0.005095423389240
2075 0.005013182516568
2076 0.004931493168130
2077 0.004849394679147
2078 0.004824710882777
2079 0.004811062385397
2080 0.004751935197337
2081 0.004800528656006
2082 0.005081155236577
2083 0.004998812902994
2084 0.005149003211926
2085 0.005168998303719
2086 0.005086626903203
2087 0.005004346504896
2088 0.005328252552574
2089 0.005351131639383
2090 0.005268828045247
2091 0.005188905169927
2092 0.005106757155436
2093 0.005273443250944
2094 0.005194267452029
2095 0.005112322099775
2096 0.005307429531351
2097 0.005334992642598
2098 0.005550256989374
2099 0.005480041149727
2100 0.005458395636962
2101 0.005383883573367
2102 0.005302166538152
2103 0.005252254340143
2104 0.005170545844893
2105 0.005110894695699
2106 0.005029431876606
2107 0.004950026253216
2108 0.004872571975168
2109 0.004791279628365
2110 0.004712472662369
2111 0.004631291163193
2112 0.004550989319885
2113 0.004713461302029
2114 0.004689634287892
2115 0.004674533403445
2116 0.005041098219706
2117 0.005107124310483
2118 0.005055271461445
2119 0.004982305611534
2120 0.004901657573339
2121 0.004835402236283
2122 0.004754582145999
2123 0.004674193626794
2124 0.004593809720723
2125 0.004513219572185
2126 0.004475107453118
2127 0.004399520708284
2128 0.004394188603561
2129 0.004313893305259
2130 0.004233715378740
2131 0.004286711325054
2132 0.004412271069492
2133 0.004490663410688
2134 0.004410780287428
2135 0.004415352437764
2136 0.004340775579051
2137 0.004301613676343
2138 0.004324554827596
2139 0.004244615107118
2140 0.004201608783317
2141 0.004191120014315
2142 0.004111417520446
2143 0.004031738605551
2144 0.003952144924829
2145 0.003910402941791
2146 0.003844140044593
2147 0.003905001921461
2148 0.003825949320296
2149 0.003757812184057
2150 0.003678618997105
2151 0.003603290308169
2152 0.003567381070296
2153 0.003740571403421
2154 0.003661566907719
2155 0.003697200713405
2156 0.003633793276374
2157 0.003877989509764
2158 0.004261999072862
2159 0.004183260504074
2160 0.004144498202336
2161 0.004065619697589
2162 0.004016957469287
2163 0.004016948895957
2164 0.003938122584205
2165 0.004010894171387
2166 0.003936596553073
2167 0.003867714480681
2168 0.004010564549729
2169 0.003933245176791
2170 0.003860469716475
2171 0.003785326707093
2172 0.004052887583807
2173 0.004160192415183
2174 0.004081623543958
2175 0.004136199119352
2176 0.004057717136402
2177 0.004352926116037
2178 0.004282915655435
2179 0.004222579650622
2180 0.004183640970460
2181 0.004239531525703
2182 0.004431082283448
2183 0.004705480532542
2184 0.004627035133798
2185 0.004812658939086
2186 0.004740837040557
2187 0.004931949104104
2188 0.005143064549723
2189 0.005068926695439
2190 0.005005757535010
2191 0.005015324570056
2192 0.004994004073018
2193 0.005144517940428
2194 0.005066213473721
2195 0.004988437815431
2196 0.004944544483821
2197 0.004872406259134
2198 0.004862566058852
2199 0.004976092546332
2200 0.004905629493709
2201 0.004874792563284
2202 0.004797130276947
2203 0.004721096705121
2204 0.004648737808065
2205 0.004609515595570
2206 0.004531964996359
2207 0.004454394761291
2208 0.004377182769533
2209 0.004630268023565
2210 0.004572659211490
2211 0.004742465147884
2212 0.004664982281293
2213 0.004671873628133
2214 0.004701734071610
2215 0.004624390720839
2216 0.004674200036255
2217 0.004616056530672
2218 0.004681912053290
2219 0.004664729943861
2220 0.004595241079006
2221 0.004529977754020
2222 0.004452954510705
2223 0.004538763932461
2224 0.004639536019997
2225 0.004562596415779
2226 0.004592084836575
2227 0.004521539784004
2228 0.004444748532258
2229 0.004426531641408
2230 0.004349812136711
2231 0.004465250548889
2232 0.004388605196167
2233 0.004342371266875
2234 0.004265856752855
2235 0.004471459129447
2236 0.004394921506105
2237 0.004318452311678
2238 0.004245423408927
2239 0.004560104948712
2240 0.004493154881309
2241 0.004437943820626
2242 0.004464217093121
2243 0.004614684806069
2244 0.004634115719386
2245 0.004558480540059
2246 0.004571845047437
2247 0.004849075936370
2248 0.004793356517997
2249 0.004855938038135
2250 0.004780557739155
2251 0.004704393223244
2252 0.004628300024832
2253 0.004552401864541
2254 0.004731723164556
2255 0.004675650792496
2256 0.004599715539708
2257 0.004523834690436
2258 0.004465214634058
2259 0.004389723297937
2260 0.004503697041831
2261 0.004447482496791
2262 0.004417602701276
2263 0.004352359114266
2264 0.004656122543300
2265 0.004580525515429
2266 0.004505107384530
2267 0.004429611586561
2268 0.004441163289809
2269 0.004365752206566
2270 0.004362174141708
2271 0.004301751714566
2272 0.004390996474929
2273 0.004437170369728
2274 0.004361928285274
2275 0.004298649162443
2276 0.004235236363756
2277 0.004168746580742
2278 0.004262812231710
2279 0.004192050216043
2280 0.004123593762993
2281 0.004111546104616
2282 0.004298811422624
2283 0.004223926562898
2284 0.004378291305802
2285 0.004322766077711
2286 0.004372007917167
2287 0.004533799496577
2288 0.004480454566550
2289 0.004446401137582
2290 0.004377362386413
2291 0.004353883746133
2292 0.004332137838681
2293 0.004257563579094
2294 0.004184086204284
2295 0.004196905251373
2296 0.004412913099318
2297 0.004340898017451
2298 0.004270035524148
2299 0.004530443225272
2300 0.004481172044535
2301 0.004474585104192
2302 0.004400263861861
2303 0.004383356771801
2304 0.004310256581547
2305 0.004278289149709
2306 0.004224117023577
2307 0.004235761294101
2308 0.004164272269686
2309 0.004090828623446
2310 0.004016907792034
2311 0.003952042332938
2312 0.003885801360685
2313 0.003812168548219
2314 0.003786189452563
2315 0.003798416124708
2316 0.003852577223385
2317 0.003792428541910
2318 0.003846694662039
2319 0.003971441181224
2320 0.003897893318736
2321 0.003956246590757
2322 0.003890039696444
2323 0.003889576867281
2324 0.003847526583325
2325 0.003774220706846
2326 0.003700946399065
2327 0.003661966306389
2328 0.004016848939027
2329 0.003943640626209
2330 0.003935622084367
2331 0.003867109795271
2332 0.003812489964018
2333 0.004099977885670
2334 0.004103745680578
2335 0.004038627577568
2336 0.004237294456944
2337 0.004164170820176
2338 0.004091116903048
2339 0.004047516937146
2340 0.003977051780314
2341 0.003973550064752
2342 0.003905196230783
2343 0.003832429384460
2344 0.003788857312264
2345 0.003717703327176
2346 0.003659744523066
2347 0.003997367136527
2348 0.004076995355642
2349 0.004004309866490
2350 0.004205894871407
2351 0.004141306554533
2352 0.004179492176295
2353 0.004135048170774
2354 0.004092749964582
2355 0.004023430821738
2356 0.004001654379102
2357 0.004174164584432
2358 0.004524960640192
2359 0.004452396694068
2360 0.004380029184542
2361 0.004348550499267
2362 0.004276156193129
2363 0.004215298743943
2364 0.004183720934292
2365 0.004319063028805
2366 0.004251324597733
2367 0.004378407765895
2368 0.004353875079366
2369 0.004281862640536
2370 0.004381182637317
2371 0.004309041848224
2372 0.004247855523094
2373 0.004277759995407
2374 0.004425561532023
2375 0.004362842532689
2376 0.004476942253938
2377 0.004404944314530
2378 0.004346271122321
2379 0.004503864533468
2380 0.004791625282589
2381 0.004720676814233
2382 0.004648790280600
2383 0.004635457805574
2384 0.004586722438680
2385 0.004930253631151
2386 0.005057834764507
2387 0.005044937545150
2388 0.005148412971395
2389 0.005077051704828
2390 0.005005192440258
2391 0.004933685206120
2392 0.004879198504945
2393 0.004877752115426
2394 0.004861833212021
2395 0.004790323133938
2396 0.004897401838706
2397 0.004829775254181
2398 0.004758488736894
2399 0.004925946938902
2400 0.004868123303922
2401 0.005103941289284
2402 0.005088695027773
2403 0.005017309959758
2404 0.005032351275642
2405 0.004967471363164
2406 0.004906573073051
2407 0.004839937849684
2408 0.004769038318091
2409 0.004707496542595
2410 0.004673537134364
2411 0.004606964921258
2412 0.004536358118599
2413 0.004465431178797
2414 0.004416262041546
2415 0.004361333683615
2416 0.004301199409287
2417 0.004230463884923
2418 0.004160273405892
2419 0.004121957361960
2420 0.004051416818421
2421 0.003981403194182
2422 0.003911080394664
2423 0.004226656514947
2424 0.004530477125261
2425 0.004464011706863
2426 0.004395549305028
2427 0.004341218874452
2428 0.004270880657759
2429 0.004220321076868
2430 0.004150051193898
2431 0.004101219460113
2432 0.004042418623021
2433 0.003973180214768
2434 0.003943878566431
2435 0.004147977034837
2436 0.004077861172350
2437 0.004100777780846
2438 0.004030879313599
2439 0.004317600388138
2440 0.004347198781720
2441 0.004287770083851
2442 0.004408583222940
2443 0.004358803413182
2444 0.004338131625596
2445 0.004301386957523
2446 0.004231490316869
2447 0.004555808293109
2448 0.004502451623667
2449 0.004504733966546
2450 0.004554193825285
2451 0.004484367660839
2452 0.004443303127566
2453 0.004590262421515
2454 0.004531853227187
2455 0.004464743871443
2456 0.004417069975235
2457 0.004427011916751
2458 0.004357436827585
2459 0.004298167748143
2460 0.004277472730135
2461 0.004209406578673
2462 0.004140302745729
2463 0.004238752285058
2464 0.004200094023392
2465 0.004131414492380
2466 0.004137960667902
2467 0.004069482651263
2468 0.004032719328276
2469 0.004020639870120
2470 0.003951535897132
2471 0.003882534170534
2472 0.003817350661398
2473 0.003748421576346
2474 0.003679770074972
2475 0.003612229480510
2476 0.003543545733896
2477 0.003539837577404
2478 0.003535747586187
2479 0.003467092209516
2480 0.003465194316705
2481 0.003797841989632
2482 0.003735044342783
2483 0.003667881678850
2484 0.003599339372661
2485 0.003530834851170
2486 0.003702479017671
2487 0.003636672433153
2488 0.003568700455343
2489 0.003554443381982
2490 0.003486082770532
2491 0.003417776085658
2492 0.003349894493063
2493 0.003360853431478
2494 0.003298642131979
2495 0.003323864886093
2496 0.003413677145694
2497 0.003556256689216
2498 0.003759231542938
2499 0.003691629374697
2500 0.003623729537755
2501 0.003555917186773
2502 0.003487882591234
2503 0.003778087076552
2504 0.003710057395783
2505 0.003645133031296
2506 0.003652151593465
2507 0.003656285951824
2508 0.003755606834016
2509 0.003692182912822
2510 0.003631666069979
2511 0.003703700309287
2512 0.004021550822462
2513 0.004210352808427
2514 0.004142515996290
2515 0.004074611954507
2516 0.004169375289420
2517 0.004491937686260
2518 0.004430515603513
2519 0.004750691422299
2520 0.004682670660558
2521 0.004615037824120
2522 0.004547139464031
2523 0.004479809646520
2524 0.004743544331889
2525 0.004769145066895
2526 0.004795431855800
2527 0.004728277728825
2528 0.004660573254632
2529 0.004592834270638
2530 0.004525612200512
2531 0.004671598151241
2532 0.004954545978769
2533 0.004891707650604
2534 0.004824020252406
2535 0.004761454719358
2536 0.004693856976437
2537 0.004626817681060
2538 0.004560915450076
2539 0.004574434365822
2540 0.004543305869119
2541 0.004567320436849
2542 0.004501542397915
2543 0.004434271359618
2544 0.004371828982549
2545 0.004312547679704
2546 0.004245395463447
2547 0.004198017009282
2548 0.004175750463559
2549 0.004119995448159
2550 0.004053024859018
2551 0.003986473023484
2552 0.003919602707850
2553 0.003859334730628
2554 0.003793723757483
2555 0.003727010795014
2556 0.003794894570634
2557 0.003732263396302
2558 0.003665758570107
2559 0.003605681531765
2560 0.003592662402884
2561 0.003850306662509
2562 0.003859242818236
2563 0.003792719469733
2564 0.003899793489993
2565 0.003833513614445
2566 0.003769312968505
2567 0.003713291704155
2568 0.003646944733406
2569 0.003689281005742
2570 0.003622995463185
2571 0.003559543244909
2572 0.003509018727091
2573 0.003513314142209
2574 0.003448931206002
2575 0.003382881049196
2576 0.003634186367167
2577 0.003605126667451
2578 0.003539089044549
2579 0.003503145441859
2580 0.003463603788989
2581 0.003430884534158
2582 0.003582742915366
2583 0.003516843876543
2584 0.003450991684665
2585 0.003385682621588
2586 0.003354136656961
2587 0.003308490705899
2588 0.003351221614396
2589 0.003340458536675
2590 0.003375323921768
2591 0.003309917216490
2592 0.003245007422744
2593 0.003186055172802
2594 0.003121591936928
2595 0.003411457144354
2596 0.003516376295639
2597 0.003497691682936
2598 0.003500244556220
2599 0.003434833142858
2600 0.003369538635588
2601 0.003544694213372
2602 0.003760467247793
2603 0.003736524919490
2604 0.003691546751039
2605 0.003627075190320
2606 0.003570580714558
2607 0.003582749862329
2608 0.003555941776977
2609 0.003495533355912
2610 0.003430879350271
2611 0.003366328807800
2612 0.003344271577650
2613 0.003281423341226
2614 0.003345162507183
2615 0.003317881475598
2616 0.003254158191141
2617 0.003259495821582
2618 0.003194589026364
2619 0.003169004919575
2620 0.003292585811933
2621 0.003252419721610
2622 0.003195329343465
2623 0.003169595733937
2624 0.003104871548755
2625 0.003058924664771
2626 0.002994291918920
2627 0.002938549895201
2628 0.003206783890916
2629 0.003212655952361
2630 0.003148140471834
2631 0.003094345376172
2632 0.003038248069678
2633 0.003025534309234
2634 0.003226129989495
2635 0.003178198846818
2636 0.003182975954762
2637 0.003132087383451
2638 0.003144909182525
2639 0.003370508956570
2640 0.003311495317238
2641 0.003399953989372
2642 0.003353241178612
2643 0.003312533331297
2644 0.003399416863648
2645 0.003411893947272
2646 0.003507919432406
2647 0.003537668230042
2648 0.003515806063896
2649 0.003564773853255
2650 0.003529420683152
2651 0.003466948440116
2652 0.003402797276411
2653 0.003338697428220
2654 0.003275263188528
2655 0.003261386693921
2656 0.003387342945126
2657 0.003323953531143
2658 0.003426757483000
2659 0.003388225862571
2660 0.003324500756954
2661 0.003264297500432
2662 0.003311230572134
2663 0.003252956381028
2664 0.003361924413144
2665 0.003298124040821
2666 0.003234371390734
2667 0.003170666621064
2668 0.003466798646040
2669 0.003405085827295
2670 0.003341394363386
2671 0.003396307381187
2672 0.003334575983578
2673 0.003464002103060
2674 0.003673640060619
2675 0.003621530044641
2676 0.003557917793622
2677 0.003567673067401
2678 0.003504105352790
2679 0.003453480631242
2680 0.003390006325306
2681 0.003336502387770
2682 0.003273721805227
2683 0.003261319018553
2684 0.003203412764369
2685 0.003140556281971
2686 0.003077537734867
2687 0.003015762573755
2688 0.003123114907200
2689 0.003097294304312
2690 0.003163632476747
2691 0.003101784590722
2692 0.003066794123291
2693 0.003067998547411
2694 0.003017661084620
2695 0.003318342231914
2696 0.003257894255314
2697 0.003194889754001
2698 0.003132666516912
2699 0.003069863211025
2700 0.003010656082358
2701 0.003081863780920
2702 0.003051882059473
2703 0.002989587963473
2704 0.002930359893985
2705 0.002885118538485
2706 0.002830208766058
2707 0.002767594581397
2708 0.002729363613804
2709 0.002668565562047
2710 0.002606884559817
2711 0.002748189468859
2712 0.002737420135034
2713 0.002801477088450
2714 0.002739036132030
2715 0.002712527226743
2716 0.002863543613115
2717 0.002801147523855
2718 0.002739569722617
2719 0.002708698864699
2720 0.002952332982684
2721 0.002921265781881
2722 0.003069635647692
2723 0.003061926311172
2724 0.002999620656666
2725 0.002975742973844
2726 0.002915713458511
2727 0.002853609554034
2728 0.002791468690364
2729 0.002792483841210
2730 0.002774325630659
2731 0.003018840043948
2732 0.003207832552406
2733 0.003367764796481
2734 0.003305914646824
2735 0.003246069250262
2736 0.003205005309986
2737 0.003291265519299
2738 0.003229197413019
2739 0.003167373199136
2740 0.003105411042931
2741 0.003068973242217
2742 0.003071326093698
2743 0.003214156726563
2744 0.003155030581270
2745 0.003182935858853
2746 0.003121082398380
2747 0.003059418240063
2748 0.003007872352968
2749 0.002951736799160
2750 0.002899885056080
2751 0.002852151389442
2752 0.002790661610409
2753 0.002729276317243
2754 0.002667771829965
2755 0.002655463965679
2756 0.002664056017493
2757 0.002602737927062
2758 0.002542894940416
2759 0.002481564907213
2760 0.002521692709621
2761 0.002762206270422
2762 0.002700887040268
2763 0.002641736089476
2764 0.002604779946597
2765 0.002576383806631
2766 0.002515196875875
2767 0.002454055737001
2768 0.002563770907567
2769 0.002589512285342
2770 0.002720621974370
2771 0.002659493399282
2772 0.002739249013659
2773 0.002685382320854
2774 0.002624648961702
2775 0.002577202555464
2776 0.002516364193267
2777 0.002456827569646
2778 0.002395948338141
2779 0.002339531102616
2780 0.002278874826542
2781 0.002225542580447
2782 0.002286364037939
2783 0.002225655257460
2784 0.002184023101539
2785 0.002129652189295
2786 0.002074961932676
2787 0.002015064005392
2788 0.001962670646640
2789 0.001904935048108
2790 0.001850138878246
2791 0.001795822456511
2792 0.001782003070677
2793 0.001880475559924
2794 0.001911912242077
2795 0.001854329777845
2796 0.001796310132864
2797 0.002024125655379
2798 0.002159588708582
2799 0.002104602546545
2800 0.002044961410431
2801 0.001985513047915
2802 0.002027718670114
2803 0.001973990816160
2804 0.001952154660050
2805 0.002171658653644
2806 0.002331212709152
2807 0.002368600986620
2808 0.002308436701019
2809 0.002262774967362
2810 0.002202951084850
2811 0.002143196026024
2812 0.002083164179820
2813 0.002023181034199
2814 0.001963577004999
2815 0.001903832230664
2816 0.001843970580241
2817 0.001785005104046
2818 0.001934337240588
2819 0.001888018170023
2820 0.001829922745148
2821 0.001770269165431
2822 0.001755372723153
2823 0.001707659756142
2824 0.001699323154985
2825 0.001641884564820
2826 0.001593709761900
2827 0.001534190705451
2828 0.001475204612307
2829 0.001650737284406
2830 0.001792377996854
2831 0.001736625508982
2832 0.001814307835206
2833 0.001762186352883
2834 0.001819455206300
2835 0.001770833787021
2836 0.001733908344507
2837 0.001674550380043
2838 0.001672737506683
2839 0.001654242852948
2840 0.001595220242691
2841 0.001537853327956
2842 0.001495645438439
2843 0.001496421473805
2844 0.001437292399829
2845 0.001381290891435
2846 0.001451477581426
2847 0.001740469519814
2848 0.001721298237022
2849 0.001762801743229
2850 0.001713079762076
2851 0.001656885117512
2852 0.001599499101926
2853 0.001571894366425
2854 0.001512946026971
2855 0.001454145896784
2856 0.001524397706933
2857 0.001476077683579
2858 0.001419642645585
2859 0.001361559540500
2860 0.001303636927858
2861 0.001257037941022
2862 0.001198364393025
2863 0.001488376706985
2864 0.001440419058223
2865 0.001382104679065
2866 0.001591958655204
2867 0.001533324429498
2868 0.001511561247400
2869 0.001580448450848
2870 0.001551008571409
2871 0.001492445483365
2872 0.001439368943573
2873 0.001493948946587
2874 0.001740585536601
2875 0.001784351881281
2876 0.001725786324610
2877 0.001667959463958
2878 0.001621818194482
2879 0.001567260133517
2880 0.001511629162304
2881 0.001639956570472
2882 0.001581654032630
2883 0.001695809604198
2884 0.001645028979902
2885 0.001635167097733
2886 0.001586380929026
2887 0.001540474128496
2888 0.001482232087141
2889 0.001424418081442
2890 0.001368356677494
2891 0.001310303905832
2892 0.001258872714450
2893 0.001269733173607
2894 0.001212321054486
2895 0.001154515163215
2896 0.001097330335118
2897 0.001086019080579
2898 0.001028316991493
2899 0.000978608459791
2900 0.001052279659222
2901 0.000994546273801
2902 0.000975859549900
2903 0.000918711171943
2904 0.000950033577766
2905 0.001065776643614
2906 0.001022152044925
2907 0.000974087218354
2908 0.000917750118552
2909 0.000984213929601
2910 0.000927995729233
2911 0.000876187199926
2912 0.000818921290788
2913 0.000791104065052
2914 0.000733637438988
2915 0.000989374378228
2916 0.000995851172232
2917 0.000940371462569
2918 0.000882934256896
2919 0.000832140728598
2920 0.000782922285932
2921 0.000763191088736
2922 0.000714301034100
2923 0.000715120688728
2924 0.000730758396083
2925 0.000692896161986
2926 0.000679781802491
2927 0.000622608930859
2928 0.000565632842148
2929 0.000570997869192
2930 0.000544902591121
2931 0.000491237470211
2932 0.000434241856241
2933 0.000377339223327
2934 0.000439356169384
2935 0.000382420571358
2936 0.000325680646489
2937 0.000289332394477
2938 0.000232633825996
2939 0.000302043523948
2940 0.000291535393032
2941 0.000522236106225
2942 0.000465959139124
2943 0.000409172775973
2944 0.000352607480940
2945 0.000583518130999
2946 0.000848692567509
2947 0.000857160518414
2948 0.000800336124534
2949 0.000787640592356
2950 0.000851698854974
2951 0.000794932212220
2952 0.001057223358147
2953 0.001040825570516
2954 0.001048533899556
2955 0.001137541652268
2956 0.001080792080852
2957 0.001024063151432
2958 0.000967421636232
2959 0.000926239985150
2960 0.000870031986436
2961 0.000816090660608
2962 0.000759565887672
2963 0.000960471320454
2964 0.000924695492587
2965 0.000980889428250
2966 0.000924369398755
2967 0.000871861118509
2968 0.000920583224760
2969 0.001055805915093
2970 0.000999333702140
2971 0.001037686825574
2972 0.000981276061287
2973 0.001001227904619
2974 0.000946518332430
2975 0.000893016882229
2976 0.000838050023606
2977 0.001037407039818
2978 0.000981093477323
2979 0.000924818165165
2980 0.000892126012467
2981 0.000861483727273
2982 0.000848638701751
2983 0.000792618433655
2984 0.000769159461797
2985 0.000713746739696
2986 0.000657693075007
2987 0.000630777857005
2988 0.000619833625315
2989 0.000563873243230
2990 0.000619315115606
2991 0.000598273044722
2992 0.000547406989498
2993 0.000536971951836
2994 0.000583113752612
2995 0.000527279804243
2996 0.000471488601932
2997 0.000415720202540
2998 0.000371647370551
2999 0.000320025728206
3000 0.000274211273841
3001 0.000359284175476
3002 0.000546734999866
3003 0.000492988708499
3004 0.000507111989599
3005 0.000451501237460
3006 0.000411234399235
3007 0.000356402721407
3008 0.000319930119822
3009 0.000281363675513
3010 0.000226517273251
3011 0.000171089961029
3012 0.000115840520769
3013 0.000060516117711
3014 0.000040751374767
3015 0.000014541297783
3016 0.000066713997407
3017 0.000105236115140
3018 0.000139568916913
3019 0.000194728604801
3020 0.000248653722016
3021 0.000173530394111
3022 0.000210494551333
3023 0.000263611657840
3024 0.000250992255543
3025 0.000282779257515
3026 0.000319360192512
3027 0.000154352649623
3028 0.000086375901533
3029 0.000074329197942
3030 0.000019299263476
3031 0.000035694411736
3032 0.000089517874757
3033 0.000140387968583
3034 0.000122379664047
3035 0.000086100273213
3036 0.000037210783694
3037 0.000017631928633
3038 0.000082100543251
3039 0.000155484312481
3040 0.000320828972146
3041 0.000361360333871
3042 0.000336412653591
3043 0.000329717416865
3044 0.000543901110198
3045 0.000490433062404
3046 0.000508565914066
3047 0.000460889099283
3048 0.000406642458927
3049 0.000357005032388
3050 0.000302327338388
3051 0.000247601352503
3052 0.000192915433718
3053 0.000138305808717
3054 0.000089164660993
3055 0.000091471531423
3056 0.000036928073943
3057 0.000017591568045
3058 0.000065446381934
3059 0.000118271971299
3060 0.000139688205539
3061 0.000190141131953
3062 0.000184544315057
3063 0.000238163986527
3064 0.000291979986017
3065 0.000317999019637
3066 0.000372206758481
3067 0.000423320262998
3068 0.000476812848826
3069 0.000408347950983
3070 0.000461657380564
3071 0.000210113944543
3072 0.000260695651001
3073 0.000281165804036
3074 0.000335291491067
3075 0.000176838874532
3076 0.000099106348075
3077 0.000153218297825
3078 0.000065844888621
3079 0.000025420702593
3080 0.000027954078375
3081 0.000164636394441
3082 0.000339388455674
3083 0.000328746794225
3084 0.000274597827513
3085 0.000220497207156
3086 0.000172272083527
3087 0.000164088577188
3088 0.000162518789506
3089 0.000109258586508
3090 0.000063632925290
3091 0.000012862152513
3092 0.000021796318555
3093 0.000061684225472
3094 0.000105373095405
3095 0.000159138960307
3096 0.000211203059245
3097 0.000259843151661
3098 0.000305746662108
3099 0.000215963760927
3100 0.000269274868303
3101 0.000322931098546
3102 0.000212730534499
3103 0.000178228485622
3104 0.000231865224507
3105 0.000285460991326
3106 0.000297385692478
3107 0.000257552842446
3108 0.000181356141277
3109 0.000214144112184
3110 0.000266644665232
3111 0.000319960690487
3112 0.000368333164470
3113 0.000421752550729
3114 0.000370699250473
3115 0.000191295102169
3116 0.000244721052157
3117 0.000235441679597
3118 0.000267782176813
3119 0.000320645436012
3120 0.000371863562950
3121 0.000425144319607
3122 0.000446947977527
3123 0.000500171761527
3124 0.000521523382906
3125 0.000574151304413
3126 0.000623409020619
3127 0.000631315040968
3128 0.000667860770093
3129 0.000547816812865
3130 0.000408241853377
3131 0.000237475686307
3132 0.000288871572425
3133 0.000341976518194
3134 0.000376229886408
3135 0.000429211486895
3136 0.000407514687902
3137 0.000460352413000
3138 0.000510978822678
3139 0.000563470522595
3140 0.000359502769357
3141 0.000379403223379
3142 0.000333095797165
3143 0.000371811582044
3144 0.000370880067958
3145 0.000288324804166
3146 0.000243396660598
3147 0.000170129274106
3148 0.000222927122473
3149 0.000048563134714
3150 0.000028768267678
3151 0.000014726392465
3152 0.000067563181102
3153 0.000109889422576
3154 0.000025660982362
3155 0.000024942767565
3156 0.000037454900413
3157 0.000021083416263
3158 0.000025741465129
3159 0.000027906721049
3160 0.000142308519998
3161 0.000344576031695
3162 0.000298095644927
3163 0.000278585139284
3164 0.000244915679175
3165 0.000204967678132
3166 0.000155004056828
3167 0.000102474017551
3168 0.000075731202755
3169 0.000265737326847
3170 0.000213203657049
3171 0.000163087734993
3172 0.000110612877474
3173 0.000059081169774
3174 0.000009493815008
3175 0.000035190912130
3176 0.000087654819286
3177 0.000139890169819
3178 0.000000024928527
3179 0.000050753771003
3180 0.000095446028364
3181 0.000060423495557
3182 0.000112625601170
3183 0.000163493995265
3184 0.000215786501311
3185 0.000252543258786
3186 0.000304031691227
3187 0.000355520322470
3188 0.000407677269226
3189 0.000425081688972
3190 0.000449652017426
3191 0.000484938761527
3192 0.000535731221775
3193 0.000549694563557
3194 0.000601688960302
3195 0.000386954803214
3196 0.000240228946673
3197 0.000247500089217
3198 0.000298288858926
3199 0.000190742436206
3200 0.000220448573433
3201 0.000271645163636
3202 0.000323567872427
3203 0.000375494358155
3204 0.000406739276086
3205 0.000428640041907
3206 0.000480484988938
3207 0.000532304769814
3208 0.000558772620046
3209 0.000610289869904
3210 0.000661999129869
3211 0.000704590534629
3212 0.000590554528340
3213 0.000642005777243
3214 0.000631153606325
3215 0.000572245656164
3216 0.000623881058867
3217 0.000675352740737
3218 0.000611012348803
3219 0.000528207907939
3220 0.000561946672486
3221 0.000613117092296
3222 0.000478390282688
3223 0.000308312394563
3224 0.000166933634622
3225 0.000060737419601
3226 0.000236443810295
3227 0.000394075323165
3228 0.000344809165250
3229 0.000299078820442
3230 0.000250585805427
3231 0.000198955421900
3232 0.000198689632514
3233 0.000147635719553
3234 0.000096381985025
3235 0.000052707229096
3236 0.000001188038786
3237 0.000033508410586
3238 0.000178655047018
3239 0.000127356955167
3240 0.000076149231590
3241 0.000183233830782
3242 0.000142796466567
3243 0.000091740101007
3244 0.000043984241257
3245 0.000006240950328
3246 0.000055791068263
3247 0.000084862365205
3248 0.000034262653472
3249 0.000006745453395
3250 0.000051082378676
3251 0.000102332941783
3252 0.000153542075400
3253 0.000194204503169
3254 0.000244395370310
3255 0.000072601295240
3256 0.000097484278936
3257 0.000062174426266
3258 0.000162775041585
3259 0.000121724160250
3260 0.000339157554185
3261 0.000428592846811
3262 0.000400241318396
3263 0.000349041347137
3264 0.000512934016539
3265 0.000630149457963
3266 0.000585516701617
3267 0.000541141907259
3268 0.000542895787317
3269 0.000491752188976
3270 0.000670404476698
3271 0.000619246788823
3272 0.000568120287180
3273 0.000517039266707
3274 0.000465975214804
3275 0.000451900512562
3276 0.000400887932494
3277 0.000349906106807
3278 0.000298961253359
3279 0.000278662707312
3280 0.000250547496818
3281 0.000203844757934
3282 0.000153247989007
3283 0.000215577232822
3284 0.000272847538114
3285 0.000224419762881
3286 0.000311944718865
3287 0.000278785047631
3288 0.000232955810431
3289 0.000191788015072
3290 0.000343952582852
3291 0.000348675796555
3292 0.000345991261784
3293 0.000457379405308
3294 0.000600711182400
3295 0.000573879731883
3296 0.000523762326032
3297 0.000473059041767
3298 0.000521143477815
3299 0.000470466116043
3300 0.000425601289697
3301 0.000375703745898
3302 0.000325115561279
3303 0.000283034878923
3304 0.000410432577597
3305 0.000359879750265
3306 0.000337307145786
3307 0.000328889169796
3308 0.000410437016709
3309 0.000362326553321
3310 0.000607897819688
3311 0.000827814399718
3312 0.000777242394896
3313 0.000980445900348
3314 0.000929873679737
3315 0.000879583576558
3316 0.000857683583564
3317 0.000961324406460
3318 0.000921955236795
3319 0.000982298475929
3320 0.000934550885957
3321 0.000934344399704
3322 0.000883895730767
3323 0.000847644170060
3324 0.000810352532507
3325 0.000772967768581
3326 0.000724411370344
3327 0.000750743326536
3328 0.000783619447227
3329 0.000992944157716
3330 0.000942945933537
3331 0.000893587225704
3332 0.000844422116309
3333 0.000794167852225
3334 0.000744374826853
3335 0.000709904418936
3336 0.000850781070442
3337 0.000813415329196
3338 0.000765110940485
3339 0.000715934864187
3340 0.000738106825643
3341 0.000689430876127
3342 0.000639354246102
3343 0.000820562495495
3344 0.000787248356116
3345 0.000737199777131
3346 0.000687200922822
3347 0.000637866388633
3348 0.000604483534420
3349 0.000845111090989
3350 0.000795898903840
3351 0.000794893317257
3352 0.000751635753532
3353 0.000713294614234
3354 0.000666628923623
3355 0.000913000927130
3356 0.000872575996739
3357 0.000926376650023
3358 0.001081500764685
3359 0.001045881002675
3360 0.000998383229082
3361 0.000954033613164
3362 0.001031532622723
3363 0.000981721915498
3364 0.000932981780371
3365 0.000896694675190
3366 0.000874391941444
3367 0.000824894343756
3368 0.000775164200400
3369 0.000765024841832
3370 0.000715526629288
3371 0.000686403688166
3372 0.000723980922962
3373 0.000883182924113
3374 0.000833536911003
3375 0.000798352035806
3376 0.000748950622104
3377 0.000899759057753
3378 0.000850978628166
3379 0.001055183038150
3380 0.001033209277207
3381 0.001049100725743
3382 0.000999656785647
3383 0.000950188967139
3384 0.000940612663796
3385 0.001145466744596
3386 0.001214688366690
3387 0.001165122936488
3388 0.001137574548172
3389 0.001141719434247
3390 0.001119771453355
3391 0.001303595990444
3392 0.001254082453779
3393 0.001220144864370
3394 0.001186044405895
3395 0.001175344511689
3396 0.001131361026745
3397 0.001104218081977
3398 0.001054847158436
3399 0.001021767096044
3400 0.000973405600035
3401 0.000928387474273
3402 0.000879274234625
3403 0.000837506543983
3404 0.001001775324264
3405 0.000952553093549
3406 0.000906038723631
3407 0.000935371458849
3408 0.000886192462905
3409 0.000838411936951
3410 0.000808667991750
3411 0.000759986415546
3412 0.000812473041244
3413 0.000763406771436
3414 0.000714689402529
3415 0.000666779304392
3416 0.000906668564474
3417 0.000857627541728
3418 0.000811160666972
3419 0.000849857329822
3420 0.000904508994346
3421 0.000855746724721
3422 0.000811707640152
3423 0.001038370670158
3424 0.001244961654765
3425 0.001196482745818
3426 0.001150082012739
3427 0.001184719426047
3428 0.001184478301161
3429 0.001136022930758
3430 0.001135182834217
3431 0.001095461497453
3432 0.001098338974067
3433 0.001154055819833
3434 0.001106430847004
3435 0.001346230304651
3436 0.001297477149567
3437 0.001518446223376
3438 0.001549951897835
3439 0.001526592614933
3440 0.001702325006800
3441 0.001655816474580
3442 0.001867180507898
3443 0.001818311305224
3444 0.001769397380322
3445 0.001720508164032
3446 0.001675414790628
3447 0.001626578494532
3448 0.001583091236349
3449 0.001599522803578
3450 0.001550750354946
3451 0.001502012149916
3452 0.001453322121981
3453 0.001407208817547
3454 0.001361031602318
3455 0.001345361589818
3456 0.001529088131785
3457 0.001511305864988
3458 0.001464165387906
3459 0.001426145655118
3460 0.001377564522814
3461 0.001349122390454
3462 0.001304500120297
3463 0.001255995965731
3464 0.001207676668089
3465 0.001269860764272
3466 0.001239879380374
3467 0.001191466019052
3468 0.001170275800629
3469 0.001127149306472
3470 0.001079290787187
3471 0.001030964339068
3472 0.001264452794566
3473 0.001216099561126
3474 0.001176832778042
3475 0.001194195421450
3476 0.001161333177988
3477 0.001170688019346
3478 0.001173439778664
3479 0.001131012283269
3480 0.001082794563289
3481 0.001034604882518
3482 0.001129254595304
3483 0.001081079502434
3484 0.001059912417699
3485 0.001011819604096
3486 0.000969338640140
3487 0.001122671115735
3488 0.001074566718994
3489 0.001052475979419
3490 0.001008821011540
3491 0.001110605534749
3492 0.001080121054713
3493 0.001042926760537
3494 0.000995365671542
3495 0.000947712708797
3496 0.001035973482366
3497 0.000993987027098
3498 0.001159604735650
3499 0.001290379220038
3500 0.001242416209207
3501 0.001207303849162
3502 0.001339484437693
3503 0.001291582743406
3504 0.001243686008824
3505 0.001197131305352
3506 0.001149272663522
3507 0.001288279330846
3508 0.001240408316136
3509 0.001437475285322
3510 0.001389589664913
3511 0.001347673847700
3512 0.001358374534156
3513 0.001310545032091
3514 0.001355011421476
3515 0.001341261767085
3516 0.001293611585537
3517 0.001262457250349
3518 0.001247641093378
3519 0.001319436726038
3520 0.001272390709567
3521 0.001224851647424
3522 0.001208577143389
3523 0.001298958398994
3524 0.001251377550510
3525 0.001203741998159
3526 0.001156404786145
3527 0.001108822955363
3528 0.001088677401124
3529 0.001096730167067
3530 0.001053594201157
3531 0.001006829601711
3532 0.001057611226088
3533 0.001010423255031
3534 0.001000837346408
3535 0.001125051536529
3536 0.001083579540647
3537 0.001036487071340
3538 0.001176005374585
3539 0.001182779971094
3540 0.001230908854138
3541 0.001301789794060
3542 0.001289399731963
3543 0.001241996286088
3544 0.001209602448524
3545 0.001181861229608
3546 0.001261149120433
3547 0.001346515085595
3548 0.001499221064474
3549 0.001472491241921
3550 0.001665887113661
3551 0.001620574608875
3552 0.001607726987148
3553 0.001565716915250
3554 0.001771075127486
3555 0.001730716015503
3556 0.001895540410733
3557 0.001848483676428
3558 0.001802591218785
3559 0.001765196591155
3560 0.001728198349039
3561 0.001704189054827
3562 0.001656920520564
3563 0.001610657685957
3564 0.001583417941121
3565 0.001556364643969
3566 0.001523384749702
3567 0.001476515644428
3568 0.001580118074439
3569 0.001625838217849
3570 0.001681339005231
3571 0.001634212978968
3572 0.001612049867876
3573 0.001566140247371
3574 0.001520035538782
3575 0.001474302174145
3576 0.001436751657864
3577 0.001473077125388
3578 0.001426084471284
3579 0.001423187547964
3580 0.001455099215234
3581 0.001408394063976
3582 0.001364843570260
3583 0.001330099769077
3584 0.001283241032171
3585 0.001237156117581
3586 0.001194864927169
3587 0.001200284141139
3588 0.001256350999307
3589 0.001209563137839
3590 0.001180353006688
3591 0.001151577295215
3592 0.001116613983176
3593 0.001069923210961
3594 0.001109936686249
3595 0.001297329635579
3596 0.001258867151760
3597 0.001226740424346
3598 0.001195040671513
3599 0.001148553611253
3600 0.001105985396250
3601 0.001296407876000
3602 0.001366260447335
3603 0.001319698515754
3604 0.001287454080191
3605 0.001246304405855
3606 0.001199743979064
3607 0.001153348093316
3608 0.001125862522349
3609 0.001102431876126
3610 0.001057117479848
3611 0.001010688613883
3612 0.001027503500098
3613 0.000991682711692
3614 0.001198946598057
3615 0.001153417128068
3616 0.001172220143030
3617 0.001209117912808
3618 0.001162717753278
3619 0.001134113150383
3620 0.001189096519364
3621 0.001151365276056
3622 0.001292880999920
3623 0.001246906441601
3624 0.001238018565903
3625 0.001191992896943
3626 0.001179761914440
3627 0.001133680989608
3628 0.001098428597404
3629 0.001052216204279
3630 0.001048880974838
3631 0.001104761694211
3632 0.001058571891318
3633 0.001082565834875
3634 0.001295473098648
3635 0.001384942674730
3636 0.001362852431063
3637 0.001316741760861
3638 0.001270567103924
3639 0.001278714954729
3640 0.001315720251668
3641 0.001269584076629
3642 0.001294548322898
3643 0.001248613267898
3644 0.001315310669198
3645 0.001272899286324
3646 0.001265870486996
3647 0.001275762137330
3648 0.001236890308745
3649 0.001344918832879
3650 0.001357103870915
3651 0.001311082886125
3652 0.001468507441780
3653 0.001437230887111
3654 0.001394079323904
3655 0.001366661982915
3656 0.001516506866273
3657 0.001470517483504
3658 0.001456122381142
3659 0.001410184093258
3660 0.001404082425074
3661 0.001359760538806
3662 0.001520915001364
3663 0.001474999779771
3664 0.001586743289106
3665 0.001540883604356
3666 0.001495327496418
3667 0.001449505764549
3668 0.001493667008475
3669 0.001464340304956
3670 0.001418528274011
3671 0.001494287148583
3672 0.001448497048967
3673 0.001402736509552
3674 0.001357860302458
3675 0.001505886450386
3676 0.001460137795025
3677 0.001623113676063
3678 0.001585555286559
3679 0.001609579726763
3680 0.001565102669966
3681 0.001544422147827
3682 0.001514875354482
3683 0.001469258573504
3684 0.001423688641547
3685 0.001378290754640
3686 0.001332700695654
3687 0.001297880034445
3688 0.001253319389162
3689 0.001210600328938
3690 0.001236385121022
3691 0.001221547774274
3692 0.001397615867836
3693 0.001352185283823
3694 0.001307728307038
3695 0.001411960087232
3696 0.001464925967446
3697 0.001419586851281
3698 0.001407470562155
3699 0.001362034697144
3700 0.001316626448727
3701 0.001286913063179
3702 0.001241697788064
3703 0.001218041246011
3704 0.001188492910175
3705 0.001248193140401
3706 0.001466799411871
3707 0.001421798821907
3708 0.001379147713236
3709 0.001333842801478
3710 0.001293043623274
3711 0.001251348382603
3712 0.001207077425685
3713 0.001399358389926
3714 0.001365211464132
3715 0.001492199510785
3716 0.001462487381333
3717 0.001430525172602
3718 0.001440172138192
3719 0.001394971540009
3720 0.001461968950951
3721 0.001419953789760
3722 0.001374793494101
3723 0.001412455625326
3724 0.001369082175526
3725 0.001357553660395
3726 0.001421274170447
3727 0.001377796157750
3728 0.001460992450318
3729 0.001562963206747
3730 0.001517912638301
3731 0.001502198295075
3732 0.001470527854844
3733 0.001425546679095
3734 0.001389980227876
3735 0.001589243829233
3736 0.001544223925819
3737 0.001499232781000
3738 0.001541515876022
3739 0.001496670787977
3740 0.001581479072119
3741 0.001674520689716
3742 0.001638763240041
3743 0.001640393176016
3744 0.001599488259198
3745 0.001766281850229
3746 0.001744518379186
3747 0.001700006865414
3748 0.001655085422213
3749 0.001617013148195
3750 0.001589372898898
3751 0.001544976645687
3752 0.001506884386684
3753 0.001462074017038
3754 0.001419211192939
3755 0.001388963051399
3756 0.001498097180451
3757 0.001515962256998
3758 0.001477097099864
3759 0.001437649553778
3760 0.001392940970636
3761 0.001348304701252
3762 0.001407000737559
3763 0.001459296083093
3764 0.001414633675452
3765 0.001373944974682
3766 0.001509514589331
3767 0.001710688712760
3768 0.001780998885555
3769 0.001736308530250
3770 0.001745877607379
3771 0.001789473286297
3772 0.001750165651663
3773 0.001705964625609
3774 0.001707313925533
3775 0.001685899796774
3776 0.001676027697427
3777 0.001645927193158
3778 0.001701593051016
3779 0.001657379773266
3780 0.001653744132427
3781 0.001609226721344
3782 0.001578506606368
3783 0.001534034706840
3784 0.001489812421505
3785 0.001446116721720
3786 0.001529051291643
3787 0.001691548854970
3788 0.001660562651022
3789 0.001621727713883
3790 0.001577471524501
3791 0.001533139234535
3792 0.001489808874319
3793 0.001445477626895
3794 0.001421716365454
3795 0.001401022227038
3796 0.001441607788655
3797 0.001397986789328
3798 0.001359366567507
3799 0.001337860619050
3800 0.001330015186895
3801 0.001322050427794
3802 0.001354639391114
3803 0.001310458137890
3804 0.001266344423965
3805 0.001222890769642
3806 0.001178778959384
3807 0.001134709328479
3808 0.001090643843377
3809 0.001126689957319
3810 0.001082675892919
3811 0.001174375529393
3812 0.001134546200501
3813 0.001090675682544
3814 0.001078153861732
3815 0.001045781781103
3816 0.001001843121630
3817 0.000957987716216
3818 0.000920788206263
3819 0.001102864091466
3820 0.001059996444040
3821 0.001102639511433
3822 0.001058747216809
3823 0.001025309513274
3824 0.001043728604160
3825 0.001027465813366
3826 0.000991623121642
3827 0.000947813829972
3828 0.000925874002654
3829 0.000965735915859
3830 0.000921976141133
3831 0.001005076380820
3832 0.000986262555252
3833 0.001073239332806
3834 0.001242621819847
3835 0.001307630134975
3836 0.001263841215655
3837 0.001427384504471
3838 0.001389443598996
3839 0.001346386533153
3840 0.001311429761423
3841 0.001296341331219
3842 0.001276158597800
3843 0.001232462588182
3844 0.001189546489914
3845 0.001145890782467
3846 0.001239453574609
3847 0.001216264536558
3848 0.001172654509454
3849 0.001174106314369
3850 0.001130650262004
3851 0.001109831078379
3852 0.001066469380035
3853 0.001091078399585
3854 0.001047554787323
3855 0.001011891830061
3856 0.000969000171400
3857 0.001013046183644
3858 0.000979460388816
3859 0.000936019184183
3860 0.000905091728043
3861 0.001029118250380
3862 0.001151442690689
3863 0.001166826158865
3864 0.001167645424465
3865 0.001165920316271
3866 0.001122840376615
3867 0.001080034459273
3868 0.001278188552290
3869 0.001234953062219
3870 0.001191567649787
3871 0.001148206329073
3872 0.001104871192174
3873 0.001061560110989
3874 0.001018353964611
3875 0.001203715299412
3876 0.001161149153894
3877 0.001123224327371
3878 0.001080125209624
3879 0.001037426399732
3880 0.000994713223001
3881 0.001059367029596
3882 0.001016162290237
3883 0.001111263563909
3884 0.001068417314616
3885 0.001026676997279
3886 0.000983746300149
3887 0.000940617071606
3888 0.001115336786255
3889 0.001091651727362
3890 0.001082640621400
3891 0.001107572086908
3892 0.001085609517717
3893 0.001075069594779
3894 0.001131772505623
3895 0.001088925499850
3896 0.001201318839544
3897 0.001158257653339
3898 0.001156160221603
3899 0.001115063394461
3900 0.001072043239797
3901 0.001029055005758
3902 0.001039857845071
3903 0.001004984237668
3904 0.001075449034290
3905 0.001032648037939
3906 0.001152394205944
3907 0.001114908891564
3908 0.001075937802435
3909 0.001042612217434
3910 0.001044625004599
3911 0.001022864710786
3912 0.000993161962642
3913 0.000970335315708
3914 0.000927506007822
3915 0.000956856180798
3916 0.000917489926712
3917 0.000889806761822
3918 0.000855082889618
3919 0.000813129008711
3920 0.000836465684724
3921 0.000793746191773
3922 0.000938327783820
3923 0.000895604433553
3924 0.000933003448344
3925 0.000890302903575
3926 0.000971553189953
3927 0.000930737655971
3928 0.000888240369447
3929 0.000845713350507
3930 0.000803321152520
3931 0.000760719752231
3932 0.000718727024073
3933 0.000707856057470
3934 0.000678234052162
3935 0.000646874196039
3936 0.000649575075783
3937 0.000810544403263
3938 0.000827580529668
3939 0.000801110659751
3940 0.000796468130497
3941 0.000754059059497
3942 0.000712276827678
3943 0.000682329885595
3944 0.000828136721383
3945 0.001022670223051
3946 0.000980246162795
3947 0.000938339276339
3948 0.000939312009222
3949 0.000899694676613
3950 0.000992907233881
3951 0.000950500532167
3952 0.000946003135888
3953 0.000903601888113
3954 0.000862331326316
3955 0.001061899317756
3956 0.001019504001644
3957 0.000977126908680
3958 0.000934771230708
3959 0.000892445395379
3960 0.000887904274452
3961 0.001006534149557
3962 0.001135376935877
3963 0.001096096897436
3964 0.001080820563074
3965 0.001126849554398
3966 0.001092069201507
3967 0.001049850728641
3968 0.001047411661676
3969 0.001005889820862
3970 0.001008535124748
3971 0.000967066574354
3972 0.000924862872620
3973 0.000891256751014
3974 0.000849093215996
3975 0.000806955554261
3976 0.000769837852640
3977 0.000975900119918
3978 0.000937740795155
3979 0.000899703313033
3980 0.000857604912539
3981 0.000941292330061
3982 0.000901452122972
3983 0.000884982374730
3984 0.000894965083151
3985 0.000902395193926
3986 0.000978428392559
3987 0.000948005726505
3988 0.000917640993628
3989 0.000904032156816
3990 0.000862836587146
3991 0.000829109606524
3992 0.000787455242164
3993 0.000745706061772
3994 0.000755330794617
3995 0.000715155703220
3996 0.000673271965411
3997 0.000648856398554
3998 0.000621380924515
3999 0.000585830239804
4000 0.000625852775331
4001 0.000584557970913
4002 0.000621215200730
4003 0.000614505862763
4004 0.000586063276293
4005 0.000548483385753
4006 0.000640665653243
4007 0.000599555480107
4008 0.000557824474977
4009 0.000541486041278
4010 0.000582894247150
4011 0.000541291911966
4012 0.000526032128788
4013 0.000687188161392
4014 0.000645495622675
4015 0.000655493290014
4016 0.000761608140665
4017 0.000719928211833
4018 0.000686650731329
4019 0.000691773164274
4020 0.000650144586369
4021 0.000748996318956
4022 0.000758940073473
4023 0.000725747240638
4024 0.000890138724310
4025 0.000848564074218
4026 0.000837519967018
4027 0.000989012980343
4028 0.000989219631318
4029 0.001181818623555
4030 0.001202723687766
4031 0.001163255409875
4032 0.001121630935287
4033 0.001222483641168
4034 0.001180865111096
4035 0.001170919558212
4036 0.001129381994966
4037 0.001334243703656
4038 0.001408119544758
4039 0.001366512487550
4040 0.001442118912686
4041 0.001541725809382
4042 0.001500653309132
4043 0.001478425275745
4044 0.001437385931342
4045 0.001430091877425
4046 0.001459069999986
4047 0.001422177337246
4048 0.001380726354331
4049 0.001512617923059
4050 0.001471517111872
4051 0.001439008963561
4052 0.001473201522899
4053 0.001495163698498
4054 0.001454025261610
4055 0.001412576684460
4056 0.001447152092333
4057 0.001467640585981
4058 0.001471107419148
4059 0.001429707458941
4060 0.001391452055240
4061 0.001350068623080
4062 0.001308706298649
4063 0.001431347379037
4064 0.001392251606055
4065 0.001350916078704
4066 0.001310680145664
4067 0.001269763653481
4068 0.001399125007781
4069 0.001357869564889
4070 0.001515960823107
4071 0.001488110115964
4072 0.001505388937897
4073 0.001534804510374
4074 0.001646798103369
4075 0.001627864649172
4076 0.001586576050108
4077 0.001545307165530
4078 0.001534768852186
4079 0.001573097034006
4080 0.001553903746464
4081 0.001518527477930
4082 0.001477368928269
4083 0.001616344904602
4084 0.001594336051808
4085 0.001553421952567
4086 0.001683655246572
4087 0.001644644084089
4088 0.001658662084042
4089 0.001813651050571
4090 0.001909068867608
4091 0.002098026066542
4092 0.002057078859947
4093 0.002047917361386
4094 0.002016246445455
4095 0.001975054897685
4096 0.002059126348965
