1 0.396940083402111
2 0.093565741588248
3 0.179337720396807
4 0.223706073520235
5 0.249042704989800
6 0.189133360875436
7 0.176772032553999
8 0.103770580448094
9 0.075222502709094
10 0.025159884110944
11 0.054541812430877
12 0.028053845904615
13 0.018709823097304
14 0.037906377156675
15 0.017104754153859
16 0.006187826570804
17 0.023698055201820
18 0.014951425083296
19 0.029087341628640
20 0.018592391373970
21 0.001684263690331
22 0.001304904754413
23 0.014034412623746
24 0.029201541634795
25 0.023522746589529
26 0.014223784679419
27 0.004277058568361
28 0.011034672710802
29 0.005767364970477
30 0.018800991468309
31 0.004375369726624
32 0.018952404493310
33 0.031552475999566
34 0.023403142702000
35 0.015812502575673
36 0.007085285582529
37 0.009995968469988
38 0.003758480377453
39 0.001970411972148
40 0.005817053768436
41 0.015812600226122
42 0.003963087142257
43 0.002680372912605
44 0.002766104797743
45 0.008404635373240
46 0.006917996967256
47 0.014163830967019
48 0.006536877481277
49 0.015669200064473
50 0.012351815553832
51 0.002389774261071
52 0.004016053136615
53 0.011189836787092
54 0.006839271242513
55 0.008711651856012
56 0.005723258691545
57 0.006411951539330
58 0.009011578580073
59 0.009240695527696
60 0.016095742003855
61 0.022915102949822
62 0.019360215825679
63 0.024170338799237
64 0.025549211642423
65 0.021522507219454
66 0.027919135170711
67 0.023290247203141
68 0.018118190231985
69 0.016773931702853
70 0.014899872158737
71 0.020654656674977
72 0.024529629611589
73 0.030890877681161
74 0.030852578903888
75 0.036452014673449
76 0.030307531586209
77 0.030949449162650
78 0.028979250592957
79 0.023635603628718
80 0.029409182886397
81 0.025135927445641
82 0.028356860405831
83 0.025343566833339
84 0.030777123384598
85 0.036221201677400
86 0.034668833031695
87 0.033865031040515
88 0.032408415886320
89 0.032157774983652
90 0.030629124675550
91 0.026608051253746
92 0.027652044432611
93 0.024450636016867
94 0.029345705486218
95 0.024063803800004
96 0.024877747649421
97 0.020045599666568
98 0.018982529130353
99 0.015173373548756
100 0.011325947273179
101 0.016040249312845
102 0.014107734917986
103 0.015895519941872
104 0.019618327174689
105 0.023742632465287
106 0.019149408945468
107 0.017690505846932
108 0.018203952927149
109 0.017491318658492
110 0.019527827165479
111 0.016090086574267
112 0.016817804338400
113 0.017844204270613
114 0.020595530035806
115 0.019712741479275
116 0.022116130587166
117 0.024450009967067
118 0.024116009622723
119 0.026978503229649
120 0.023731156308194
121 0.020237053396424
122 0.023256306366828
123 0.023349578101266
124 0.020042725074721
125 0.021192478920159
126 0.017910944804313
127 0.020742727238765
128 0.021521935437229
129 0.019947048696734
130 0.016511107571160
131 0.019141907964237
132 0.017600701845902
133 0.017561773128685
134 0.017228092670560
135 0.013471469644562
136 0.014962885266006
137 0.012174853826533
138 0.011715833232545
139 0.008181692363157
140 0.005343209148140
141 0.003045614447239
142 0.005677692556154
143 0.008843103376000
144 0.005658276165436
145 0.002849164688099
146 0.001696890667757
147 0.004018344045698
148 0.006795629674048
149 0.005517263039589
150 0.007875847756771
151 0.007854605951730
152 0.010485739078901
153 0.007389381695705
154 0.008295526403794
155 0.007369159953854
156 0.007322192843518
157 0.007160887250869
158 0.006388971461808
159 0.008786313875678
160 0.011339313754379
161 0.010073310998576
162 0.007289336257488
163 0.008018007352596
164 0.010032850480808
165 0.011520985696983
166 0.011215757598470
167 0.011351509687558
168 0.009167157271941
169 0.008744687341448
170 0.006489097875090
171 0.007186359427171
172 0.009456895767034
173 0.010657563229435
174 0.012557568873379
175 0.012389946125515
176 0.013871974348585
177 0.011344906420885
178 0.013195430874449
179 0.015609664999942
180 0.018171607727808
181 0.020663112831594
182 0.019424577480932
183 0.020902017147027
184 0.019471956205487
185 0.016871012731721
186 0.014924831057663
187 0.012502222501436
188 0.012440594877466
189 0.013025823208945
190 0.015202850766507
191 0.017673885184382
192 0.017617304034747
193 0.019912761615555
194 0.020950024861444
195 0.019365191481599
196 0.021706027094673
197 0.022077789517740
198 0.020947081502304
199 0.020061309453476
200 0.019025240723966
201 0.019509197012085
202 0.020147186553670
203 0.021831902892186
204 0.019649182744562
205 0.017329892830996
206 0.017598159945817
207 0.015733815229970
208 0.017348034960884
209 0.016230577907238
210 0.014831040661147
211 0.014170491382309
212 0.014142916419447
213 0.015863228634642
214 0.016126238807724
215 0.015757632372549
216 0.016439237056990
217 0.015368648990555
218 0.015232865584194
219 0.014425353285886
220 0.014817247655641
221 0.016770161431190
222 0.016978458442955
223 0.015847210490608
224 0.013906607672477
225 0.015729665991298
226 0.014359633355715
227 0.013146299476139
228 0.011316013605620
229 0.010207097354362
230 0.011008838959315
231 0.011607896420763
232 0.011978313706604
233 0.011737033836883
234 0.010050699897009
235 0.011063817266161
236 0.012525148517447
237 0.012705243686759
238 0.012094471304389
239 0.011581298884167
240 0.010031932858052
241 0.010873926801918
242 0.010412522093999
243 0.011474595022953
244 0.012439067291807
245 0.011939196087049
246 0.011335006520436
247 0.012146269493393
248 0.012914658095065
249 0.013754588937967
250 0.012330340141164
251 0.012938872996616
252 0.011088682352598
253 0.009094929576298
254 0.008488010536093
255 0.009331329224063
256 0.008126924725481
