1 0.237758457660675
2 0.242488771677017
3 0.244990030924479
4 0.245840191841125
5 0.182783424854279
6 0.042461325724920
7 0.070532798767090
8 0.050946772098541
9 0.044382393360138
10 0.062327653169632
11 0.007256031036377
12 0.011071523030599
13 0.008955116455372
14 0.026033099208559
15 0.040821425120036
16 0.051179349422455
17 0.062870015116299
18 0.068097422520320
19 0.047355702048854
20 0.053521227836609
21 0.057063400745392
22 0.064822004600005
23 0.072871332583220
24 0.080251673857371
25 0.083415558338165
26 0.081119420436712
27 0.072470294104682
28 0.078787973948887
29 0.059357003919009
30 0.062920429309209
31 0.042041793946297
32 0.039389312267303
33 0.026800092422601
34 0.020164933274774
35 0.019081606183733
36 0.014139665497674
37 0.019720014688131
38 0.020271591450039
39 0.010545168167506
40 0.015709936618805
41 0.020987087633552
42 0.007785997220448
43 0.009533183519230
44 0.013560771942139
45 0.010697503884633
46 0.006728536408880
47 0.002787478426670
48 0.011464814345042
49 0.012211161000388
50 0.006976474523544
51 0.003809554904115
52 0.001068252783555
53 0.005731574769290
54 0.003528143520708
55 0.004149454290217
56 0.004136264324188
57 0.000315094203280
58 0.004398030453715
59 0.007748175475557
60 0.005796861648560
61 0.007396097065972
62 0.011305125490312
63 0.012209612225729
64 0.015547692775726
65 0.017448246479034
66 0.020068657217604
67 0.023208219613602
68 0.025815353674047
69 0.017271395178809
70 0.020446553400585
71 0.022192471463915
72 0.013623880015479
73 0.007311217588921
74 0.008380591063886
75 0.011529763539632
76 0.014667360406173
77 0.017213890304813
78 0.019522245877828
79 0.021751083905184
80 0.021883046627045
81 0.024388864452456
82 0.022901021125840
83 0.025630502815706
84 0.024563488506135
85 0.022329594808466
86 0.023233519737111
87 0.025573511233275
88 0.027929083867507
89 0.026583219512125
90 0.022013736433453
91 0.013911891769577
92 0.016065981077111
93 0.018543382485708
94 0.017548759566977
95 0.019921799709922
96 0.014363149801890
97 0.016780300853179
98 0.019160054776133
99 0.014261553985904
100 0.006851487159729
101 0.007533192044438
102 0.004021322610332
103 0.006400423142516
104 0.006959094451024
105 0.007997611023131
106 0.010232752786492
107 0.007674489065865
108 0.007393713350649
109 0.001379131723981
110 0.003639321435582
111 0.005858786471255
112 0.007934783186231
113 0.003231452102155
114 0.005086194527777
115 0.004142487567404
116 0.006018108335035
117 0.007666641320938
118 0.009687985909187
119 0.005371622678612
120 0.001676634947459
121 0.003447231674983
122 0.004536650708464
123 0.004656973893080
124 0.000520344703428
125 0.002273944377899
126 0.000513973217162
127 0.002826071160985
128 0.002074658870697
129 0.003142040367274
130 0.003217199674019
131 0.002354687406817
132 0.002223964893457
133 0.000374072924592
134 0.000725757275055
135 0.000223279882360
136 0.001561813494738
137 0.003356577271093
138 0.001477012167806
139 0.002709625436248
140 0.004329953874860
141 0.004616862915932
142 0.004625613001031
143 0.004602028773381
144 0.002017862266964
145 0.002624115861695
146 0.001612102740431
147 0.000149467364460
148 0.003888636022001
149 0.008817752335696
150 0.010271215041478
151 0.009562561843569
152 0.008716435808884
153 0.012615423186932
154 0.010918624602355
155 0.009322563294441
156 0.008949762735611
157 0.007715252174693
158 0.011299172156974
159 0.010196682792040
160 0.008598053455353
161 0.007270837792699
162 0.005798435137596
163 0.004247642002223
164 0.002783970135014
165 0.004456054441857
166 0.002928150346480
167 0.001665223858314
168 0.003452922616686
169 0.004568354970605
170 0.003512568684185
171 0.002030804840445
172 0.004781845004060
173 0.003366439673253
174 0.002000109560188
175 0.000653645651681
176 0.000155562704260
177 0.001540339262472
178 0.001850641510460
179 0.001659995350758
180 0.001210024621752
181 0.001145834092936
182 0.000134302692099
183 0.001210103269483
184 0.002549490203028
185 0.002863625255791
186 0.002062996548991
187 0.000051587660682
188 0.001228550647167
189 0.002544693530552
190 0.002910360850786
191 0.004202490701725
192 0.002923905849457
193 0.000679550702090
194 0.003028909877404
195 0.004068247477214
196 0.006099211926363
197 0.005213008616781
198 0.005799343790671
199 0.009137997076140
200 0.008283841609955
201 0.007286580344338
202 0.006013394287317
203 0.006272520337786
204 0.005719297072467
205 0.007361511777087
206 0.009364231986907
207 0.011391139836703
208 0.010139488256895
209 0.011280535225663
210 0.010076251200267
211 0.009778113161783
212 0.008580111107736
213 0.007436091631231
214 0.006233261845936
215 0.007292760804642
216 0.008116388762439
217 0.006963348333737
218 0.005997522981889
219 0.005360161332779
220 0.006854642521251
221 0.006948542001560
222 0.005820808915405
223 0.006155790234895
224 0.005329157624926
225 0.005180851353539
226 0.004658320045049
227 0.003807009054176
228 0.003216766474540
229 0.002111894855333
230 0.001192360079807
231 0.001029097156607
232 0.000051426476446
233 0.001124160228369
234 0.000891599135521
235 0.001835841320931
236 0.002873525781147
237 0.003492442112935
238 0.004002978070443
239 0.004496887637980
240 0.003921703497569
241 0.004639794965008
242 0.003306900420465
243 0.004285580827375
244 0.003157144687215
245 0.001466749395643
246 0.001328171995597
247 0.002055589004084
248 0.002829157537030
249 0.001573129111983
250 0.001248577833176
251 0.000253379107471
252 0.000351069465516
253 0.001253503348988
254 0.000121099977043
255 0.000976796243705
256 0.001949310302734
257 0.002866855623193
258 0.003813957290132
259 0.004764453784840
260 0.005701477711017
261 0.005413565370772
262 0.002877066381105
263 0.003774726345512
264 0.003434081872304
265 0.003390433878269
266 0.004219172816528
267 0.002167939246817
268 0.001366287914675
269 0.002287880860297
270 0.003198099357110
271 0.004100903373803
272 0.004845194956836
273 0.005742907305777
274 0.006294806725787
275 0.005086479187012
276 0.005686405776204
277 0.006127634848929
278 0.006924847261511
279 0.007795928626932
280 0.008660941464560
281 0.009197197138627
282 0.009248682159059
283 0.008677460700800
284 0.009524953197426
285 0.007790794916320
286 0.008344882226490
287 0.006279857316499
288 0.006109310521020
289 0.004786942863134
290 0.004084935064974
291 0.004009895717975
292 0.003452230806220
293 0.004193392426488
294 0.004317496301366
295 0.003085711850958
296 0.003808854399501
297 0.004577420978032
298 0.002771930606573
299 0.003039967654939
300 0.003652324676514
301 0.003257179775111
302 0.002677271895061
303 0.002079323180044
304 0.000168709378493
305 0.000325650660718
306 0.000490848729813
307 0.000992625854691
308 0.001800560331964
309 0.002598048220946
310 0.000995173185102
311 0.000870750648032
312 0.000857027677389
313 0.001651705453952
314 0.002401621668202
315 0.003035446954152
316 0.002679858026625
317 0.002997430153074
318 0.003773400056287
319 0.003975639522636
320 0.004668986797333
321 0.005087724170209
322 0.005663213707645
323 0.006359053100964
324 0.006958232985602
325 0.005202306784116
326 0.005921110967917
327 0.006344614408067
328 0.004512020727483
329 0.003139034411827
330 0.003391476291599
331 0.004120107863965
332 0.004860671169787
333 0.005478957930843
334 0.006053169508894
335 0.006618982286596
336 0.006695437998999
337 0.007342793644359
338 0.007032269733192
339 0.007747360387031
340 0.007536342564751
341 0.007029439871612
342 0.007301479926583
343 0.007941454562084
344 0.008595298889071
345 0.008304144852403
346 0.007168380683557
347 0.005086471436690
348 0.005681303725846
349 0.006371226385876
350 0.006138876676559
351 0.006813659287586
352 0.005334902893413
353 0.006024681643791
354 0.006713866682376
355 0.005382865583393
356 0.003326326273800
357 0.003529063960751
358 0.002539660178083
359 0.003226370532533
360 0.003396581278907
361 0.003708511343293
362 0.004374848709581
363 0.003636897431261
364 0.003564682635632
365 0.001779037795655
366 0.002457237145940
367 0.003131740424549
368 0.003770975962929
369 0.002341944512313
370 0.002915809766666
371 0.002629136139492
372 0.003218075280548
373 0.003742682230696
374 0.004390924531508
375 0.003035324096680
376 0.001862286253178
377 0.002430075517700
378 0.002784377841092
379 0.002828050729153
380 0.001143422879671
381 0.000563728058432
382 0.001136813644339
383 0.000365828720770
384 0.000607987244924
385 0.000243377221095
386 0.000209293989320
387 0.000492401517331
388 0.000529536266917
389 0.001154940201875
390 0.001528910031685
391 0.001199183256730
392 0.001814872634654
393 0.002439884284070
394 0.001783886082886
395 0.002216864235793
396 0.002790951969648
397 0.002896728233366
398 0.002904172069463
399 0.002900033965147
400 0.001973989009857
401 0.002193317300364
402 0.000655861784570
403 0.001183751203286
404 0.000189343301376
405 0.002011905334614
406 0.002565662115078
407 0.002321679117639
408 0.002024202954535
409 0.003499110782642
410 0.002884011588446
411 0.002301639594011
412 0.002177523177804
413 0.001724627491348
414 0.003106873824401
415 0.002704214762492
416 0.002107368065761
417 0.001610507067445
418 0.001053404437298
419 0.000461437252655
420 0.000101076988947
421 0.000561105808566
422 0.000030688341195
423 0.000522295633952
424 0.000191197080432
425 0.000642420123605
426 0.000230312767163
427 0.000355400022913
428 0.000755733418687
429 0.000194337123480
430 0.000351172962854
431 0.000892425634468
432 0.001218524244097
433 0.001782132764336
434 0.001908842457055
435 0.000464101769458
436 0.000644997719231
437 0.000667339740683
438 0.001083516775201
439 0.001641167051971
440 0.002200294624675
441 0.002332866462180
442 0.001997151121295
443 0.001104687460389
444 0.001644123781909
445 0.002202180932077
446 0.002358726455492
447 0.002912078661140
448 0.002366994108473
449 0.000819309915360
450 0.000196855730481
451 0.000652516231833
452 0.001540756858556
453 0.001165428830035
454 0.001430058663112
455 0.002899863693740
456 0.002538914220375
457 0.002112864795868
458 0.001562624909472
459 0.001686924163552
460 0.001451550359311
461 0.002191076956188
462 0.003095256172733
463 0.004014994619217
464 0.003469806292961
465 0.003997007364868
466 0.003469934151408
467 0.003349375673739
468 0.002820427601154
469 0.002313143027617
470 0.001776371484107
471 0.002269469502119
472 0.002657026557599
473 0.002139583828585
474 0.001705562389350
475 0.001420740830271
476 0.002119743523477
477 0.002173174727138
478 0.001659406154226
479 0.001824045479920
480 0.001447308063507
481 0.001386004401344
482 0.001148873221330
483 0.000756040616559
484 0.000484296113006
485 0.000031751578616
486 0.000462511562026
487 0.000536554403129
488 0.001047037664007
489 0.001556140635399
490 0.001444199255535
491 0.001895002337920
492 0.002392633174493
493 0.002691140402161
494 0.002938729186772
495 0.003179352692883
496 0.002903694106687
497 0.003253951758686
498 0.002609022769583
499 0.003087013183471
500 0.002538733482361
501 0.001713327424017
502 0.001644927785691
503 0.002001498849918
504 0.002382251005324
505 0.001763826903730
506 0.000369326045862
507 0.000858826985256
508 0.001156482170886
509 0.001603457337512
510 0.001038789866017
511 0.001464004852534
512 0.001949310302734
513 0.002408977256648
514 0.002885261514307
515 0.003365081490822
516 0.003839937291404
517 0.003698189553716
518 0.002418561446621
519 0.002874328451579
520 0.002703117407285
521 0.002682319415050
522 0.003105983537732
523 0.002060923931931
524 0.001651123279834
525 0.002122787407466
526 0.002590323695665
527 0.003055727233018
528 0.003441129669999
529 0.003907064521696
530 0.004195849962954
531 0.003574021118509
532 0.003888104194985
533 0.004120784785466
534 0.004539571116480
535 0.004998294438157
536 0.005455386282793
537 0.005741966170306
538 0.005775375104748
539 0.005481901328064
540 0.005933537306609
541 0.005026617354254
542 0.005324095487595
543 0.004238199792514
544 0.004151663359474
545 0.003454036559534
546 0.003083616495132
547 0.003045526675376
548 0.002750136556417
549 0.003146971618326
550 0.003215213363821
551 0.002557728554506
552 0.002946457137232
553 0.003360791081330
554 0.002391802812742
555 0.002536889669057
556 0.002868202950457
557 0.002656076391039
558 0.002343296684245
559 0.002019782399022
560 0.000799528190068
561 0.000712477693371
562 0.001155201332425
563 0.001427636900338
564 0.001868078049193
565 0.002304106792517
566 0.001426726369049
567 0.001357719381020
568 0.001349324071911
569 0.001785601484336
570 0.002198478318097
571 0.002548492518490
572 0.002352899604744
573 0.002529160202486
574 0.002959868737629
575 0.003073482513428
576 0.003460241688622
577 0.003695290981174
578 0.004018301472944
579 0.004409322260987
580 0.004747398146268
581 0.003768972706261
582 0.004174064627218
583 0.004414600941575
584 0.003388640815265
585 0.002618403006823
586 0.002761451559262
587 0.003173388654979
588 0.003593139907941
589 0.003944849623889
590 0.004272511955035
591 0.004596247890879
592 0.004643058454668
593 0.005014409604804
594 0.004841634019055
595 0.005252737157485
596 0.005136543472341
597 0.004851025852127
598 0.005010250121056
599 0.005380538150743
600 0.005759677092234
601 0.005597260252212
602 0.004948975338888
603 0.003754608666719
604 0.004099531678964
605 0.004500134621770
606 0.004369026855274
607 0.004762138134172
608 0.003909390223654
609 0.004311553461015
610 0.004714315152559
611 0.003944256496898
612 0.002750319593093
613 0.002869329969801
614 0.002293520816374
615 0.002694781233625
616 0.002795118016082
617 0.002978599728410
618 0.003370094935871
619 0.002938961559043
620 0.002897690188500
621 0.001849230648815
622 0.002248186869637
623 0.002645862236452
624 0.003023625948490
625 0.002181121540070
626 0.002520563979499
627 0.002351567695776
628 0.002700871722713
629 0.003012788409459
630 0.003398776527435
631 0.002594722620848
632 0.001897536501100
633 0.002235642824128
634 0.002447189686802
635 0.002473786872203
636 0.001467805238640
637 0.001120571158183
638 0.001462831112285
639 0.001000212578333
640 0.001144516468048
641 0.000924685908926
642 0.000903132270058
643 0.001072446072639
644 0.001093918492335
645 0.001470225079115
646 0.001695508281513
647 0.001495987775705
648 0.001867983812167
649 0.002246375903143
650 0.001849037775627
651 0.002111651014806
652 0.002460491437853
653 0.002525305583685
654 0.002530403549154
655 0.002528453419227
656 0.001964358294882
657 0.002098239992307
658 0.001159087955771
659 0.001481145936911
660 0.000640195066279
661 0.000477758279907
662 0.000819690908190
663 0.000672548964372
664 0.000492246036070
665 0.001401673492632
666 0.001026158128773
667 0.000670090608154
668 0.000595982203227
669 0.000318755928889
670 0.001174958695227
671 0.000928801324790
672 0.000561966782524
673 0.000256401203008
674 0.000087092555949
675 0.000452861079463
676 0.000800999663991
677 0.000388180047406
678 0.000755123772101
679 0.001060315891991
680 0.000614640993230
681 0.000331857393492
682 0.000587844866112
683 0.000952824666594
684 0.000256680605704
685 0.000606792425587
686 0.000947562407474
687 0.001286257475918
688 0.001490444638008
689 0.001844248076136
690 0.001923856614293
691 0.001014338215940
692 0.001127517981336
693 0.001140910395640
694 0.001402887298326
695 0.001754670177432
696 0.002107978552237
697 0.002191990742211
698 0.001979604918499
699 0.001414020003508
700 0.001755734852382
701 0.002109834454029
702 0.002209423698931
703 0.002561483071166
704 0.002215109088204
705 0.001229636297158
706 0.000581357448702
707 0.000289587859892
708 0.000278811670293
709 0.000040783952759
710 0.000211581965567
711 0.001153888246346
712 0.000925170571617
713 0.000654355924561
714 0.000303443656916
715 0.000384999655343
716 0.000235600178468
717 0.000712779692194
718 0.001296636370895
719 0.001891403436992
720 0.001543009281158
721 0.001885693463472
722 0.001548429192599
723 0.001473215770590
724 0.001133890441768
725 0.000808056058555
726 0.000462632451832
727 0.000783901922968
728 0.001037215793526
729 0.000703703310591
730 0.000423853609660
731 0.000240531404759
732 0.000696686447644
733 0.000733398236487
734 0.000400780250981
735 0.000509788227730
736 0.000265875588293
737 0.000227469036020
738 0.000074164573416
739 0.000181131014482
740 0.000357600160547
741 0.000694228006921
742 0.000975477165289
743 0.001023318212414
744 0.001357497066580
745 0.001691243232497
746 0.001617534950016
747 0.001913613902836
748 0.002240907699667
749 0.002437590995682
750 0.002601007541021
751 0.002760057284257
752 0.002578797492575
753 0.002810408315494
754 0.002385035512934
755 0.002701249027884
756 0.002339140447990
757 0.001793131409422
758 0.001747727158202
759 0.001983896388681
760 0.002236418347610
761 0.001826223421661
762 0.000900134405126
763 0.001224703432536
764 0.001422141859045
765 0.001719193754632
766 0.001343089124241
767 0.001625984246603
768 0.001949310302734
769 0.002255954187465
770 0.002574088124486
771 0.002894994040562
772 0.003212993626767
773 0.003119000565034
774 0.002263356933914
775 0.002568774069509
776 0.002454438774856
777 0.002440813195291
778 0.002725381547810
779 0.002024244741849
780 0.001748989789914
781 0.002065924233572
782 0.002380477879053
783 0.002693986831801
784 0.002954004978647
785 0.003268612190417
786 0.003464152567259
787 0.003045525605373
788 0.003258242219838
789 0.003416225257482
790 0.003700195460380
791 0.004011518283077
792 0.004322109198329
793 0.004517603115957
794 0.004541782422991
795 0.004344362582801
796 0.004652177868177
797 0.004038172429299
798 0.004241457633805
799 0.003504838454112
800 0.003446910381317
801 0.002973125296437
802 0.002721543695564
803 0.002696047981234
804 0.002495147102508
805 0.002766100442187
806 0.002813139934989
807 0.002364723508095
808 0.002630529427292
809 0.002914142033962
810 0.002251953328097
811 0.002351414554657
812 0.002578502805362
813 0.002433527659666
814 0.002219389419298
815 0.001997646378593
816 0.001160244146983
817 0.001100028670111
818 0.001403724433157
819 0.001590699648828
820 0.001893438362494
821 0.002193475974753
822 0.001589477569807
823 0.001541737942331
824 0.001535727561099
825 0.001836400826772
826 0.002121254332706
827 0.002363014105874
828 0.002228118371272
829 0.002350099196049
830 0.002648178425180
831 0.002727167127221
832 0.002995339723734
833 0.003158711084799
834 0.003383215454271
835 0.003655115001930
836 0.003890567419061
837 0.003212421242339
838 0.003494426074631
839 0.003662378768102
840 0.002949987706684
841 0.002414731505935
842 0.002514529752052
843 0.002801663793562
844 0.003094537563234
845 0.003340283865054
846 0.003569510036608
847 0.003796228974037
848 0.003829851465405
849 0.004090186493697
850 0.003970534170375
851 0.004258991828676
852 0.004178877167858
853 0.003980171009636
854 0.004092685023292
855 0.004353176362333
856 0.004620128145842
857 0.004507557583523
858 0.004053970386376
859 0.003216591924949
860 0.003459465780924
861 0.003741701374763
862 0.003650410338510
863 0.003927741929250
864 0.003328625802641
865 0.003612438722842
866 0.003896946513350
867 0.003355206640259
868 0.002514077221743
869 0.002598300010343
870 0.002192235883625
871 0.002475676115016
872 0.002546807494732
873 0.002676769152267
874 0.002953938338522
875 0.002649417877197
876 0.002620538075765
877 0.001878444322023
878 0.002161042904800
879 0.002442998419578
880 0.002711097760634
881 0.002113762088585
882 0.002354757923658
883 0.002234944940828
884 0.002483224976656
885 0.002705160844124
886 0.002979969130682
887 0.002408448039746
888 0.001912462281751
889 0.002153189364649
890 0.002303979437003
891 0.002323095512176
892 0.001605995032819
893 0.001358149233217
894 0.001602136115366
895 0.001271686340843
896 0.001374457563673
897 0.001217109370258
898 0.001201374559997
899 0.001322142672088
900 0.001337229940626
901 0.001606346962852
902 0.001767540784210
903 0.001624504461109
904 0.001891014322770
905 0.002162344086895
906 0.001877370851719
907 0.002065830483063
908 0.002316369884340
909 0.002363089090920
910 0.002366931163348
911 0.002365708481991
912 0.001960134297086
913 0.002056480955581
914 0.001380419378990
915 0.001612129628333
916 0.001006061333236
917 0.000199809394200
918 0.000047507563967
919 0.000057805738978
920 0.000187143553858
921 0.000470238257438
922 0.000199997696597
923 0.000056417120110
924 0.000109207062494
925 0.000308946725484
926 0.000311229900974
927 0.000133983011256
928 0.000130799309961
929 0.000351415961115
930 0.000599703032483
931 0.000864344431942
932 0.001116415461757
933 0.000816528756263
934 0.001082438281568
935 0.001303719709264
936 0.000979678753095
937 0.000773765552260
938 0.000959417522589
939 0.001224497001900
940 0.000717652097661
941 0.000972025769423
942 0.001219799627417
943 0.001466259091682
944 0.001614882784375
945 0.001872709377733
946 0.001930744716027
947 0.001267086742043
948 0.001349436582895
949 0.001358982446447
950 0.001550133918461
951 0.001807065416210
952 0.002065311459934
953 0.002126800613663
954 0.001971475545715
955 0.001557511434505
956 0.001807570956242
957 0.002066893824216
958 0.002139915317484
959 0.002398066774275
960 0.002144229412079
961 0.001421349663888
962 0.000945386482623
963 0.000730801718010
964 0.000312888770677
965 0.000487158150253
966 0.000361076855018
967 0.000332358951036
968 0.000164977282532
969 0.000033506360462
970 0.000291097594291
971 0.000230431188393
972 0.000339849495593
973 0.000012373691473
974 0.000443492275978
975 0.000882969880715
976 0.000626991029646
977 0.000880820419308
978 0.000632865480119
979 0.000578254917912
980 0.000328482900347
981 0.000088498679870
982 0.000166142848747
983 0.000072098942521
984 0.000260233394499
985 0.000014189112610
986 0.000192302537980
987 0.000327451854733
988 0.000011084050785
989 0.000038986319358
990 0.000206919932606
991 0.000125458214045
992 0.000305785286811
993 0.000333714761283
994 0.000446971813198
995 0.000636059554977
996 0.000766714413961
997 0.001016495878264
998 0.001225278050245
999 0.001260609478803
1000 0.001509001255035
1001 0.001757242403307
1002 0.001702299910391
1003 0.001922724848374
1004 0.002166556172162
1005 0.002313213028125
1006 0.002435168084757
1007 0.002553948816263
1008 0.002418927730076
1009 0.002591933497589
1010 0.002274594271537
1011 0.002510847135067
1012 0.002240527288716
1013 0.001832600112964
1014 0.001798619944198
1015 0.001975173198531
1016 0.002164076163074
1017 0.001857206943347
1018 0.001163974316509
1019 0.001406744020142
1020 0.001554450801775
1021 0.001776891929279
1022 0.001494941004568
1023 0.001706894774824
1024 0.001949310302734
1025 0.002179368007474
1026 0.002418198141671
1027 0.002659263722272
1028 0.002898302059693
1029 0.002827998905997
1030 0.002185302625582
1031 0.002414959593957
1032 0.002329135587973
1033 0.002319008025403
1034 0.002533240117695
1035 0.002005710233237
1036 0.001798489839414
1037 0.002037136223645
1038 0.002274139825549
1039 0.002510505415592
1040 0.002706695519961
1041 0.002944172917365
1042 0.003091984026263
1043 0.002776464131283
1044 0.002937278071583
1045 0.003056866187228
1046 0.003271680546080
1047 0.003507291689985
1048 0.003742494200932
1049 0.003890831943236
1050 0.003909713029861
1051 0.003760981627808
1052 0.003994445837043
1053 0.003530338901853
1054 0.003684731147321
1055 0.003127383281834
1056 0.003083855816812
1057 0.002725162535427
1058 0.002534689490872
1059 0.002515533490492
1060 0.002363322365959
1061 0.002569023839266
1062 0.002604909816480
1063 0.002264680440765
1064 0.002466627081534
1065 0.002682220040353
1066 0.002179273577166
1067 0.002254939682593
1068 0.002427685126830
1069 0.002317569153235
1070 0.002154772359634
1071 0.001986092657380
1072 0.001348677855819
1073 0.001302653178920
1074 0.001533770971902
1075 0.001676099023154
1076 0.001906731314819
1077 0.002135438451971
1078 0.001674929498963
1079 0.001638437223390
1080 0.001633761988746
1081 0.001863139796103
1082 0.002080572565911
1083 0.002265222625169
1084 0.002162274399367
1085 0.002255535180668
1086 0.002483436031675
1087 0.002543973615659
1088 0.002749215154087
1089 0.002874407503340
1090 0.003046445070057
1091 0.003254852854364
1092 0.003435474175673
1093 0.002916578240931
1094 0.003132863334590
1095 0.003261880569806
1096 0.002716252838608
1097 0.002306119082946
1098 0.002382748168240
1099 0.002603117393514
1100 0.002828011946245
1101 0.003016860402789
1102 0.003193129699157
1103 0.003367569699465
1104 0.003393783949424
1105 0.003594200697420
1106 0.003502692117829
1107 0.003724864935595
1108 0.003663742585303
1109 0.003511369980811
1110 0.003598357159812
1111 0.003799270231589
1112 0.004005263606421
1113 0.003919137723791
1114 0.003570314209166
1115 0.002925628610791
1116 0.003113050187360
1117 0.003330911657270
1118 0.003260891904558
1119 0.003475124863666
1120 0.003013353688376
1121 0.003232634195146
1122 0.003452566058878
1123 0.003034717359398
1124 0.002385447033784
1125 0.002450618796878
1126 0.002137005911415
1127 0.002356111210008
1128 0.002411205295130
1129 0.002511818341389
1130 0.002726341190591
1131 0.002490949672898
1132 0.002468740982217
1133 0.001894456405926
1134 0.002113244363240
1135 0.002331646738599
1136 0.002539427347586
1137 0.002076735125368
1138 0.002263550022993
1139 0.002170746110844
1140 0.002363328348126
1141 0.002535574745442
1142 0.002748928272578
1143 0.002305614040905
1144 0.001920707992740
1145 0.002107605923732
1146 0.002224751427952
1147 0.002239670042588
1148 0.001682553141790
1149 0.001489861360107
1150 0.001679420108381
1151 0.001422400271551
1152 0.001502202616798
1153 0.001379679568622
1154 0.001367294447467
1155 0.001461151255158
1156 0.001472777148844
1157 0.001682231677640
1158 0.001807724719220
1159 0.001696247597827
1160 0.001903879642487
1161 0.002115370229233
1162 0.001893219818552
1163 0.002040182016886
1164 0.002235642003849
1165 0.002272164309997
1166 0.002275240820023
1167 0.002274364922531
1168 0.001957761914763
1169 0.002033011591057
1170 0.001504894658032
1171 0.001685842909841
1172 0.001212095237836
1173 0.000581627154289
1174 0.000387914389930
1175 0.000469912265209
1176 0.000570744478784
1177 0.000056018693627
1178 0.000267084517179
1179 0.000467427005396
1180 0.000508415901055
1181 0.000664520879401
1182 0.000178362562773
1183 0.000316839548661
1184 0.000523990875966
1185 0.000696615076266
1186 0.000891017923870
1187 0.001098338756224
1188 0.001295894484729
1189 0.001060424530777
1190 0.001268925035701
1191 0.001442486453116
1192 0.001187921770467
1193 0.001026019916151
1194 0.001171655840610
1195 0.001379770813627
1196 0.000981284623162
1197 0.001181035661259
1198 0.001375688386083
1199 0.001569395964100
1200 0.001686227321625
1201 0.001889037301796
1202 0.001934698784411
1203 0.001412264823121
1204 0.001476984483459
1205 0.001484396497244
1206 0.001634867877312
1207 0.001837235002747
1208 0.002040728433243
1209 0.002089217884468
1210 0.001966786039762
1211 0.001640335968169
1212 0.001837509300056
1213 0.002042078175824
1214 0.002099721838261
1215 0.002303513970395
1216 0.002103193810112
1217 0.001532407941246
1218 0.001156391817556
1219 0.000986698516771
1220 0.000656269026584
1221 0.000793719125712
1222 0.000693800065014
1223 0.000145243116801
1224 0.000277226656870
1225 0.000433870286358
1226 0.000637347556250
1227 0.000589056333683
1228 0.000675372269721
1229 0.000396243967207
1230 0.000054521919266
1231 0.000293966040778
1232 0.000091655687852
1233 0.000293218258040
1234 0.000097179094049
1235 0.000054322370151
1236 0.000143293038155
1237 0.000333230584113
1238 0.000534875375581
1239 0.000345561079098
1240 0.000195930465575
1241 0.000390851862675
1242 0.000554455507205
1243 0.000661479016992
1244 0.000392341153798
1245 0.000369852182856
1246 0.000564907039149
1247 0.000499881738267
1248 0.000642918623411
1249 0.000664853639274
1250 0.000754650735855
1251 0.000904798317108
1252 0.001008523157991
1253 0.001207078873207
1254 0.001373086867340
1255 0.001401093471573
1256 0.001598745774312
1257 0.001796358856969
1258 0.001752565936178
1259 0.001928130627815
1260 0.002122417328850
1261 0.002239335868966
1262 0.002336610563206
1263 0.002431393424764
1264 0.002323815339728
1265 0.002461884851041
1266 0.002208818050357
1267 0.002397387443609
1268 0.002181732692177
1269 0.001856144485368
1270 0.001828995323557
1271 0.001969963992139
1272 0.002120852845270
1273 0.001875728907214
1274 0.001321781233678
1275 0.001515682818843
1276 0.001633670262782
1277 0.001811456614952
1278 0.001585957076814
1279 0.001755415787447
1280 0.001949310302734
1281 0.002133392384981
1282 0.002324566872741
1283 0.002517605050876
1284 0.002709094980424
1285 0.002652944989705
1286 0.002138324371578
1287 0.002322336269518
1288 0.002253642363578
1289 0.002245584738356
1290 0.002417359472245
1291 0.001994526358559
1292 0.001828373770227
1293 0.002019747642243
1294 0.002209876797851
1295 0.002399566458919
1296 0.002557088563472
1297 0.002747808361201
1298 0.002866618484488
1299 0.002613453061146
1300 0.002742724418640
1301 0.002838930517412
1302 0.003011675336943
1303 0.003201195577064
1304 0.003390458098218
1305 0.003509966395367
1306 0.003525438069567
1307 0.003406132462377
1308 0.003594174662132
1309 0.003221138503553
1310 0.003345595470822
1311 0.002897340045641
1312 0.002862481082358
1313 0.002573892031566
1314 0.002420643012818
1315 0.002405302968769
1316 0.002282785064906
1317 0.002448563197389
1318 0.002477570305464
1319 0.002203471376825
1320 0.002366298978979
1321 0.002540187570383
1322 0.002134742111013
1323 0.002195800513097
1324 0.002335189692564
1325 0.002246418764006
1326 0.002115105476854
1327 0.001978996739679
1328 0.001464462423899
1329 0.001427216176434
1330 0.001613754482198
1331 0.001728647548753
1332 0.001914914663847
1333 0.002099692910932
1334 0.001727584285893
1335 0.001698050338231
1336 0.001694226336336
1337 0.001879639160125
1338 0.002055458111970
1339 0.002204824152769
1340 0.002121588721204
1341 0.002197076143568
1342 0.002381546175782
1343 0.002430620072763
1344 0.002596852325258
1345 0.002698329523150
1346 0.002837777536302
1347 0.003006731923988
1348 0.003153235339269
1349 0.002733019610703
1350 0.002908426611512
1351 0.003013162591738
1352 0.002571032950159
1353 0.002238607591642
1354 0.002300798320700
1355 0.002479593692231
1356 0.002662121370479
1357 0.002815465542351
1358 0.002958654172291
1359 0.003100406781464
1360 0.003121883027694
1361 0.003284801769397
1362 0.003210720205447
1363 0.003391378518858
1364 0.003341972303530
1365 0.003218412268293
1366 0.003289311775177
1367 0.003452825650911
1368 0.003620523806901
1369 0.003550784312695
1370 0.003267411289424
1371 0.002743325556916
1372 0.002895909217634
1373 0.003073307908719
1374 0.003016521533330
1375 0.003191045934504
1376 0.002815392128257
1377 0.002994049651604
1378 0.003173296484442
1379 0.002833220472882
1380 0.002304540509763
1381 0.002357689778413
1382 0.002102237405032
1383 0.002280810391308
1384 0.002325768071103
1385 0.002407845736411
1386 0.002582820333960
1387 0.002390978743726
1388 0.002372938205598
1389 0.001904566267397
1390 0.002083052190945
1391 0.002261281441991
1392 0.002430900074970
1393 0.002053317498237
1394 0.002205841724294
1395 0.002130109862187
1396 0.002287405268169
1397 0.002428141891231
1398 0.002602503236612
1399 0.002240414786458
1400 0.001925938129425
1401 0.002078681099338
1402 0.002174456900095
1403 0.002186689220491
1404 0.001731192624127
1405 0.001573575900543
1406 0.001728560855005
1407 0.001518270184829
1408 0.001583494923332
1409 0.001483175287524
1410 0.001472965411261
1411 0.001549718736504
1412 0.001559174094592
1413 0.001730619595562
1414 0.001833358318499
1415 0.001742031380482
1416 0.001912093095187
1417 0.002085369282738
1418 0.001903346168306
1419 0.002023787965566
1420 0.002184021640831
1421 0.002214000604255
1422 0.002216564158682
1423 0.002215887071043
1424 0.001956242523836
1425 0.002017974728032
1426 0.001584677550769
1427 0.001733108258531
1428 0.001344257042188
1429 0.000826642469896
1430 0.000667437014880
1431 0.000734570474578
1432 0.000817192000384
1433 0.000394248039009
1434 0.000567398186009
1435 0.000731790854956
1436 0.000765288440630
1437 0.000893404729348
1438 0.000493635595757
1439 0.000607258251262
1440 0.000777380996280
1441 0.000919161903453
1442 0.001078897846886
1443 0.001249308067316
1444 0.001411735516176
1445 0.001217901871691
1446 0.001389380518661
1447 0.001532152593754
1448 0.001322531897719
1449 0.001189140923028
1450 0.001308952076682
1451 0.001480254693166
1452 0.001151955817357
1453 0.001316395818326
1454 0.001476683716662
1455 0.001636239998939
1456 0.001732483669952
1457 0.001899627479037
1458 0.001937264318492
1459 0.001506496243807
1460 0.001559803257250
1461 0.001565859833456
1462 0.001689927563295
1463 0.001856846265082
1464 0.002024742749219
1465 0.002064769870185
1466 0.001963734342164
1467 0.001694253779790
1468 0.001857005932675
1469 0.002025911684666
1470 0.002073527720510
1471 0.002241871455832
1472 0.002076431461003
1473 0.001604863477255
1474 0.001294103576176
1475 0.001153768765724
1476 0.000880536348193
1477 0.000994011164519
1478 0.000911263272630
1479 0.000457508971838
1480 0.000566451936155
1481 0.000695823455968
1482 0.000863975399097
1483 0.000823867538051
1484 0.000895135164903
1485 0.000663977961749
1486 0.000380945759217
1487 0.000092233518025
1488 0.000259478246012
1489 0.000092333999554
1490 0.000254432507009
1491 0.000289695043839
1492 0.000453172676046
1493 0.000610334675183
1494 0.000777241735254
1495 0.000620183019734
1496 0.000495974074073
1497 0.000657361789632
1498 0.000792828556374
1499 0.000881415514090
1500 0.000658063888550
1501 0.000639233447805
1502 0.000800863920293
1503 0.000746757129154
1504 0.000865283164572
1505 0.000883339290999
1506 0.000957726996892
1507 0.001082233664368
1508 0.001168232381502
1509 0.001332997525268
1510 0.001470777727910
1511 0.001493974681882
1512 0.001658100615103
1513 0.001822238282029
1514 0.001785833147432
1515 0.001931709503577
1516 0.002093185535521
1517 0.002190392859766
1518 0.002271295104259
1519 0.002350147026318
1520 0.002260740807182
1521 0.002375613263686
1522 0.002165168915409
1523 0.002322070471801
1524 0.002142690611011
1525 0.001871784124218
1526 0.001849179225699
1527 0.001966501422075
1528 0.002092112733432
1529 0.001888048617648
1530 0.001426779561573
1531 0.001588190092439
1532 0.001686414290346
1533 0.001834477191646
1534 0.001646594903304
1535 0.001787752592602
1536 0.001949310302734
1537 0.002102731999129
1538 0.002262105441062
1539 0.002423073890691
1540 0.002582793111925
1541 0.002536053049495
1542 0.002106944603988
1543 0.002260447321043
1544 0.002203183161780
1545 0.002196493310836
1546 0.002339855858148
1547 0.001987043934325
1548 0.001848373610228
1549 0.002008106610019
1550 0.002166841299303
1551 0.002325249517602
1552 0.002456836479226
1553 0.002616182151949
1554 0.002715504652745
1555 0.002504115089343
1556 0.002612188420136
1557 0.002692660270169
1558 0.002837114715148
1559 0.002995626218354
1560 0.003153962049729
1561 0.003254022795294
1562 0.003267122635310
1563 0.003167523074745
1564 0.003324938552154
1565 0.003013095040672
1566 0.003117339402475
1567 0.002742460904490
1568 0.002713391975481
1569 0.002471984496460
1570 0.002343788762001
1571 0.002330997352916
1572 0.002228478742313
1573 0.002367311613770
1574 0.002391652541361
1575 0.002162160116529
1576 0.002298564777762
1577 0.002444268369040
1578 0.002104659384194
1579 0.002155837565755
1580 0.002272667462313
1581 0.002198310120056
1582 0.002088276422129
1583 0.001974195900855
1584 0.001542821677044
1585 0.001511541789262
1586 0.001667917338476
1587 0.001764242800813
1588 0.001920459552736
1589 0.002075465127610
1590 0.001763283569108
1591 0.001738479345718
1592 0.001735244863596
1593 0.001890835527048
1594 0.002038410534075
1595 0.002163813779347
1596 0.002093955090171
1597 0.002157359139652
1598 0.002312301880725
1599 0.002353562348481
1600 0.002493245601654
1601 0.002578561303021
1602 0.002695800250538
1603 0.002837861097387
1604 0.002961087702516
1605 0.002608016755351
1606 0.002755541321943
1607 0.002843687678244
1608 0.002472052230171
1609 0.002192578936601
1610 0.002244909542688
1611 0.002395327678754
1612 0.002548920605378
1613 0.002677997630794
1614 0.002798559977367
1615 0.002917941952637
1616 0.002936128932651
1617 0.003073369601514
1618 0.003011139899455
1619 0.003163355379063
1620 0.003121897320689
1621 0.003017986541468
1622 0.003077819557578
1623 0.003215672274981
1624 0.003357081284077
1625 0.003298490560972
1626 0.003059887394841
1627 0.002618391380474
1628 0.002747058282613
1629 0.002896669856458
1630 0.002848910444353
1631 0.002996144449689
1632 0.002679536155626
1633 0.002830269325020
1634 0.002981533655484
1635 0.002694822305569
1636 0.002248954364898
1637 0.002293825914165
1638 0.002078336710167
1639 0.002229032464112
1640 0.002267003931650
1641 0.002336313091060
1642 0.002484051413135
1643 0.002322161262963
1644 0.002306971816831
1645 0.001911529472896
1646 0.002062251508453
1647 0.002212790481669
1648 0.002356090013263
1649 0.002037170838413
1650 0.002166040485555
1651 0.002102075527106
1652 0.002235012828005
1653 0.002353985274985
1654 0.002501404451200
1655 0.002195385935804
1656 0.001929551219019
1657 0.002058693818752
1658 0.002139693613651
1659 0.002150059321187
1660 0.001764830049262
1661 0.001631485597690
1662 0.001762563176677
1663 0.001584623925168
1664 0.001639774212470
1665 0.001554845295869
1666 0.001546161264932
1667 0.001611083728079
1668 0.001619051114547
1669 0.001764163526680
1670 0.001851132993927
1671 0.001773786858696
1672 0.001917791423615
1673 0.002064549737681
1674 0.001910375331038
1675 0.002012405110829
1676 0.002148170744320
1677 0.002173594690606
1678 0.002175791222376
1679 0.002175241655505
1680 0.001955186185383
1681 0.002007517801871
1682 0.001640174568904
1683 0.001765994606313
1684 0.001436236635240
1685 0.000997208027882
1686 0.000862074951826
1687 0.000918905623368
1688 0.000988887667091
1689 0.000629947233511
1690 0.000776729252211
1691 0.000916110771355
1692 0.000944431228277
1693 0.001053069127923
1694 0.000713619494804
1695 0.000809951658446
1696 0.000954275985934
1697 0.001074564372643
1698 0.001210126108781
1699 0.001354782212265
1700 0.001492687954622
1701 0.001327978625569
1702 0.001473600274668
1703 0.001594860975139
1704 0.001416695789552
1705 0.001303277791770
1706 0.001405043346242
1707 0.001550599295421
1708 0.001271465623127
1709 0.001411203371286
1710 0.001547439509665
1711 0.001683081610728
1712 0.001764906344013
1713 0.001907052349362
1714 0.001939063485334
1715 0.001572595601874
1716 0.001617911534432
1717 0.001623031248794
1718 0.001728578309102
1719 0.001870616360277
1720 0.002013515594394
1721 0.002047595175666
1722 0.001961590001807
1723 0.001732149583548
1724 0.001870712382058
1725 0.002014543595521
1726 0.002055103816135
1727 0.002198503965854
1728 0.002057598696815
1729 0.001655863122901
1730 0.001391059022418
1731 0.001271422511232
1732 0.001038507556255
1733 0.001135128636754
1734 0.001064515890685
1735 0.000677624903083
1736 0.000770375750581
1737 0.000880563025785
1738 0.001023840609299
1739 0.000989545138832
1740 0.001050232196676
1741 0.000852975709763
1742 0.000611428723133
1743 0.000364988341252
1744 0.000507526988283
1745 0.000364761468674
1746 0.000502936926085
1747 0.000532889952984
1748 0.000672286653410
1749 0.000806319672697
1750 0.000948698622840
1751 0.000814504312965
1752 0.000708333705658
1753 0.000846031966103
1754 0.000961619506812
1755 0.001037188201209
1756 0.000846309379456
1757 0.000830115448296
1758 0.000968100708635
1759 0.000921773395462
1760 0.001022959839214
1761 0.001038301573228
1762 0.001101793583893
1763 0.001208139290812
1764 0.001281586093427
1765 0.001422389066929
1766 0.001540145983377
1767 0.001559942943873
1768 0.001700266723719
1769 0.001840627449525
1770 0.001809477300967
1771 0.001934253718475
1772 0.002072399948843
1773 0.002155583421188
1774 0.002224830555674
1775 0.002292336208720
1776 0.002215849923658
1777 0.002314198768468
1778 0.002134089160153
1779 0.002268429885358
1780 0.002114878611618
1781 0.001882927696200
1782 0.001863563937103
1783 0.001964033151435
1784 0.002071620904811
1785 0.001896834607218
1786 0.001501677584942
1787 0.001639923038066
1788 0.001724054882724
1789 0.001850909431131
1790 0.001689888278865
1791 0.001810845151951
1792 0.001949310302734
1793 0.002080826837792
1794 0.002217470237377
1795 0.002355506493189
1796 0.002492497121305
1797 0.002452465880229
1798 0.002084500565545
1799 0.002216172125553
1800 0.002167076799605
1801 0.002161357913793
1802 0.002284373248722
1803 0.001981686302773
1804 0.001862697220694
1805 0.001999767632366
1806 0.002136006340764
1807 0.002271989728445
1808 0.002384974365741
1809 0.002521810016295
1810 0.002607136833075
1811 0.002425688791512
1812 0.002518536765581
1813 0.002587697450719
1814 0.002711823684509
1815 0.002848046673231
1816 0.002984143301254
1817 0.003070199791389
1818 0.003081556102230
1819 0.002996075867689
1820 0.003131443589598
1821 0.002863545950660
1822 0.002953225544334
1823 0.002631080457946
1824 0.002606152442464
1825 0.002398666910929
1826 0.002288484005390
1827 0.002277515204669
1828 0.002189382943335
1829 0.002308805142680
1830 0.002329772971367
1831 0.002132400666867
1832 0.002249760658980
1833 0.002375141656015
1834 0.002082974888636
1835 0.002127025042957
1836 0.002227580625247
1837 0.002163610091077
1838 0.002068920966980
1839 0.001970731674037
1840 0.001599376616271
1841 0.001572415629267
1842 0.001707025155441
1843 0.001789949409870
1844 0.001924464862931
1845 0.002057960718305
1846 0.001789081425992
1847 0.001767701178418
1848 0.001764898950403
1849 0.001898931547911
1850 0.002026080988549
1851 0.002134147172100
1852 0.002073960994284
1853 0.002128616289004
1854 0.002262180066289
1855 0.002297773386912
1856 0.002418220043182
1857 0.002491814800020
1858 0.002592946953101
1859 0.002715500148796
1860 0.002821832318460
1861 0.002517404798408
1862 0.002644695381601
1863 0.002720788801094
1864 0.002400259347433
1865 0.002159186566483
1866 0.002204355734849
1867 0.002334170502396
1868 0.002466747030712
1869 0.002578188130535
1870 0.002682299059343
1871 0.002785408707114
1872 0.002801179376423
1873 0.002919734160784
1874 0.002866087403852
1875 0.002997597757975
1876 0.002961885446170
1877 0.002872232083761
1878 0.002923986560113
1879 0.003043139723148
1880 0.003165384810022
1881 0.003114870068623
1882 0.002908820585287
1883 0.002527427622693
1884 0.002638659406366
1885 0.002768009885237
1886 0.002726801411345
1887 0.002854125614702
1888 0.002580522480658
1889 0.002710880489814
1890 0.002841719275429
1891 0.002593896302012
1892 0.002208410559447
1893 0.002247235319064
1894 0.002060897026797
1895 0.002191244140464
1896 0.002224108589349
1897 0.002284087095376
1898 0.002411926163260
1899 0.002271898047682
1900 0.002258781633879
1901 0.001916617264815
1902 0.002047050168462
1903 0.002177345959437
1904 0.002301396942940
1905 0.002025363858291
1906 0.002136930870234
1907 0.002081567977321
1908 0.002196679575138
1909 0.002299717704060
1910 0.002427406492034
1911 0.002162421329804
1912 0.001932196786713
1913 0.002044055982840
1914 0.002114229597143
1915 0.002123222898877
1916 0.001789478767889
1917 0.001673928542130
1918 0.001787488757632
1919 0.001633274114151
1920 0.001681045691172
1921 0.001607413250974
1922 0.001599858535316
1923 0.001656110250758
1924 0.001662994125033
1925 0.001788785643392
1926 0.001864182521992
1927 0.001797104970618
1928 0.001921976503000
1929 0.002049256168294
1930 0.001915539762517
1931 0.002004040392614
1932 0.002121820706512
1933 0.002143891222787
1934 0.002145812362278
1935 0.002145350995914
1936 0.001954409209165
1937 0.001999824916079
1938 0.001681009836118
1939 0.001790197194391
1940 0.001503941201672
1941 0.001122781537600
1942 0.001005397428568
1943 0.001054666610459
1944 0.001115363075900
1945 0.000803601190180
1946 0.000930984518878
1947 0.001051960324531
1948 0.001076489258596
1949 0.001170789877411
1950 0.000875843518820
1951 0.000959452331402
1952 0.001084772289776
1953 0.001189226409562
1954 0.001306969073802
1955 0.001432633460940
1956 0.001552450388731
1957 0.001409256555745
1958 0.001535797295702
1959 0.001641180029689
1960 0.001486261766784
1961 0.001387614519361
1962 0.001476058810494
1963 0.001602596247980
1964 0.001359820123117
1965 0.001481307887546
1966 0.001599768565121
1967 0.001717730591487
1968 0.001788893850838
1969 0.001912546527150
1970 0.001940395051453
1971 0.001621524553381
1972 0.001660932875550
1973 0.001665366493502
1974 0.001757204140090
1975 0.001880816689020
1976 0.002005197499928
1977 0.002034868353476
1978 0.001960000718206
1979 0.001760241116702
1980 0.001880874537458
1981 0.002006113649558
1982 0.002041439265464
1983 0.002166333729970
1984 0.002043626000804
1985 0.001693708199998
1986 0.001463018905480
1987 0.001358759841189
1988 0.001155794026626
1989 0.001239920243838
1990 0.001178338689421
1991 0.000841136436137
1992 0.000921885411902
1993 0.001017843157696
1994 0.001142657179770
1995 0.001112702974401
1996 0.001165544819497
1997 0.000993517350124
1998 0.000782848985584
1999 0.000567882999651
2000 0.000692075252533
2001 0.000567482358989
2002 0.000687887767454
2003 0.000713920212363
2004 0.000835419415000
2005 0.000952257628453
2006 0.001076393832238
2007 0.000959252859742
2008 0.000866545861461
2009 0.000986618951757
2010 0.001087414951467
2011 0.001153301208663
2012 0.000986651445241
2013 0.000972447233063
2014 0.001092822484250
2015 0.001052319027354
2016 0.001140591644105
2017 0.001153927867106
2018 0.001209308093320
2019 0.001302116397822
2020 0.001366208567478
2021 0.001489134161617
2022 0.001591949181080
2023 0.001609215333329
2024 0.001731766306836
2025 0.001854367108993
2026 0.001827146229127
2027 0.001936155290044
2028 0.002056862005350
2029 0.002129557833053
2030 0.002190085144466
2031 0.002249099068428
2032 0.002182270128896
2033 0.002268251180062
2034 0.002110832824116
2035 0.002228285112311
2036 0.002094060592427
2037 0.001891270331091
2038 0.001874334825033
2039 0.001962184672148
2040 0.002056272123374
2041 0.001903416566087
2042 0.001557796084332
2043 0.001678691094726
2044 0.001752266911844
2045 0.001863227584251
2046 0.001722347730532
2047 0.001828161751170
2048 0.001949310302734
2049 0.002064395294124
2050 0.002183982947978
2051 0.002304806237335
2052 0.002424731124447
2053 0.002389724609971
2054 0.002067651146227
2055 0.002182928024997
2056 0.002139961905053
2057 0.002134967934002
2058 0.002242693892953
2059 0.001977660923458
2060 0.001873460788171
2061 0.001993500249355
2062 0.002112827783181
2063 0.002231948074067
2064 0.002330938512965
2065 0.002450836686187
2066 0.002525624929993
2067 0.002366688843216
2068 0.002448071594164
2069 0.002508708997416
2070 0.002617522512657
2071 0.002736952269152
2072 0.002856287486765
2073 0.002931778320528
2074 0.002941799629390
2075 0.002866932742567
2076 0.002985669928020
2077 0.002750862115383
2078 0.002829547824483
2079 0.002547129924163
2080 0.002525310332959
2081 0.002343388058600
2082 0.002246779650020
2083 0.002237178932516
2084 0.002159892254278
2085 0.002264665728279
2086 0.002283081483750
2087 0.002109942050088
2088 0.002212923833694
2089 0.002322957440390
2090 0.002066602575722
2091 0.002105267523351
2092 0.002193528425169
2093 0.002137398554615
2094 0.002054298077750
2095 0.001968114074489
2096 0.001642116608510
2097 0.001618426614679
2098 0.001736589024701
2099 0.001809385516860
2100 0.001927493640355
2101 0.002044722019406
2102 0.001808595504225
2103 0.001789808613428
2104 0.001787336833577
2105 0.001905058370350
2106 0.002016748939371
2107 0.002111689536335
2108 0.002058823149390
2109 0.002106851313904
2110 0.002224220512038
2111 0.002255515428811
2112 0.002361382498886
2113 0.002426087799876
2114 0.002515004198847
2115 0.002622760384923
2116 0.002716271998977
2117 0.002448707495200
2118 0.002560645060454
2119 0.002627585169390
2120 0.002345805123167
2121 0.002133854966521
2122 0.002173586823152
2123 0.002287762489624
2124 0.002404381775362
2125 0.002502426848692
2126 0.002594037007747
2127 0.002684778151626
2128 0.002698698886355
2129 0.002803046275551
2130 0.002755901987004
2131 0.002871665524967
2132 0.002840300438328
2133 0.002761464162550
2134 0.002807061948168
2135 0.002911982659155
2136 0.003019638052594
2137 0.002975242880945
2138 0.002793930673064
2139 0.002458237331011
2140 0.002556195214530
2141 0.002670117735250
2142 0.002633879971660
2143 0.002746037551303
2144 0.002505153862398
2145 0.002619989129491
2146 0.002735262287074
2147 0.002517038353332
2148 0.002177530826803
2149 0.002211744949506
2150 0.002047610421513
2151 0.002162450527047
2152 0.002191418830347
2153 0.002244280844138
2154 0.002356944891072
2155 0.002233576719280
2156 0.002222035501795
2157 0.001920497384290
2158 0.002035455448524
2159 0.002150306993196
2160 0.002259668155953
2161 0.002016354274661
2162 0.002114714928847
2163 0.002065914734282
2164 0.002167415927386
2165 0.002258283849677
2166 0.002370900201886
2167 0.002137245315531
2168 0.001934217570893
2169 0.002032873459047
2170 0.002094773680384
2171 0.002102715471602
2172 0.001808317107171
2173 0.001706371124143
2174 0.001806544100569
2175 0.001670471936807
2176 0.001712606233709
2177 0.001647617957107
2178 0.001640932755913
2179 0.001690556883757
2180 0.001696616575259
2181 0.001807627602489
2182 0.001874170015975
2183 0.001814954061329
2184 0.001925180464874
2185 0.002037546263679
2186 0.001919494592478
2187 0.001997633944051
2188 0.002101636673894
2189 0.002121135299747
2190 0.002122842258514
2191 0.002122445282790
2192 0.001953813716443
2193 0.001993928089351
2194 0.001712315633499
2195 0.001808754349624
2196 0.001555860368280
2197 0.001219090761029
2198 0.001115334505814
2199 0.001158817945257
2200 0.001212404207750
2201 0.000936859496774
2202 0.001049372984213
2203 0.001156237035570
2204 0.001177869561363
2205 0.001261175922255
2206 0.001000416273435
2207 0.001074270473976
2208 0.001185008581134
2209 0.001277312184416
2210 0.001381376021588
2211 0.001492456740677
2212 0.001598379926699
2213 0.001471730012243
2214 0.001583610904464
2215 0.001676792377274
2216 0.001539754738446
2217 0.001452474294077
2218 0.001530681164873
2219 0.001642595706302
2220 0.001427797369055
2221 0.001535251434726
2222 0.001640039800417
2223 0.001744399240196
2224 0.001807359053934
2225 0.001916776426722
2226 0.001941420345401
2227 0.001659204459908
2228 0.001694067804347
2229 0.001697977357191
2230 0.001779257582977
2231 0.001888676108613
2232 0.001998787498816
2233 0.002025059638299
2234 0.001958775675073
2235 0.001781897363513
2236 0.001888709759243
2237 0.001999613132443
2238 0.002030900831836
2239 0.002141519975002
2240 0.002032847063882
2241 0.001722906833778
2242 0.001518545487861
2243 0.001426161053029
2244 0.001246319947608
2245 0.001320812829619
2246 0.001266214349709
2247 0.000967390334601
2248 0.001038887534702
2249 0.001123870542814
2250 0.001234436379539
2251 0.001207848010408
2252 0.001254640718125
2253 0.001102120544029
2254 0.000915330838819
2255 0.000724710223416
2256 0.000834740222769
2257 0.000724216055754
2258 0.000830901128407
2259 0.000853920151777
2260 0.000961594666000
2261 0.001065148156810
2262 0.001175185439863
2263 0.001071252287672
2264 0.000988978589803
2265 0.001095426451028
2266 0.001184787065290
2267 0.001243190193260
2268 0.001095311351554
2269 0.001082661841188
2270 0.001189413180960
2271 0.001153432971210
2272 0.001231714873247
2273 0.001243508994920
2274 0.001292615290158
2275 0.001374943492177
2276 0.001431794702902
2277 0.001540871136640
2278 0.001632109166657
2279 0.001647418190796
2280 0.001756192299358
2281 0.001865022723897
2282 0.001840850875422
2283 0.001937630403162
2284 0.002044807173534
2285 0.002109363799022
2286 0.002163121732618
2287 0.002215541602745
2288 0.002156204693801
2289 0.002232581077574
2290 0.002092776157971
2291 0.002197112021411
2292 0.002077893020803
2293 0.001897750153481
2294 0.001882701748438
2295 0.001960748576910
2296 0.002044346066717
2297 0.001908531410050
2298 0.001601411245303
2299 0.001708825291007
2300 0.001774198697961
2301 0.001872804801084
2302 0.001747587703809
2303 0.001841628546307
2304 0.001949310302734
2305 0.002051613620460
2306 0.002157930824308
2307 0.002265358053868
2308 0.002371998139023
2309 0.002340895652564
2310 0.002054536316818
2311 0.002157049125430
2312 0.002118851693031
2313 0.002114419575331
2314 0.002210236589972
2315 0.001974525822419
2316 0.001881844845049
2317 0.001988617803807
2318 0.002094768906997
2319 0.002200747009185
2320 0.002288827813905
2321 0.002395519687409
2322 0.002462086366437
2323 0.002320692757825
2324 0.002393130591322
2325 0.002447114990604
2326 0.002543978950430
2327 0.002650301498459
2328 0.002756551164122
2329 0.002823786988387
2330 0.002832753591783
2331 0.002766155674958
2332 0.002871901461436
2333 0.002662907865903
2334 0.002733000778396
2335 0.002481587387510
2336 0.002462187041975
2337 0.002300219934722
2338 0.002214208156049
2339 0.002205672147897
2340 0.002136854228810
2341 0.002230180043127
2342 0.002246597528865
2343 0.002092391163480
2344 0.002184133277411
2345 0.002282166963955
2346 0.002053803418908
2347 0.002088256424724
2348 0.002166901577067
2349 0.002116900218096
2350 0.002042861111621
2351 0.001966066534902
2352 0.001675552656861
2353 0.001654425859958
2354 0.001759722689602
2355 0.001824596024369
2356 0.001929864211479
2357 0.002034359100667
2358 0.001823872428915
2359 0.001807117826002
2360 0.001804906837011
2361 0.001909856546839
2362 0.002009439756061
2363 0.002094097880050
2364 0.002046963890192
2365 0.002089798248848
2366 0.002194475366821
2367 0.002222398186616
2368 0.002316834153356
2369 0.002374566044169
2370 0.002453899710490
2371 0.002550047090515
2372 0.002633497043565
2373 0.002394832366135
2374 0.002494721851534
2375 0.002554474278500
2376 0.002303085142515
2377 0.002113979731380
2378 0.002149442672930
2379 0.002251342245890
2380 0.002355432911079
2381 0.002442956947069
2382 0.002524746480256
2383 0.002605768596731
2384 0.002618227629054
2385 0.002711408368197
2386 0.002669360716605
2387 0.002772745149226
2388 0.002744783907879
2389 0.002674435536300
2390 0.002715185621294
2391 0.002808911089417
2392 0.002905087925519
2393 0.002865489959916
2394 0.002703612036972
2395 0.002403838450326
2396 0.002491352753170
2397 0.002593135381173
2398 0.002560798305586
2399 0.002661017886596
2400 0.002445863882701
2401 0.002548479850170
2402 0.002651497212973
2403 0.002456556297172
2404 0.002153227809265
2405 0.002183810118082
2406 0.002037151223505
2407 0.002139781687237
2408 0.002165679717777
2409 0.002212934867135
2410 0.002313644287497
2411 0.002203393308813
2412 0.002193089543686
2413 0.001923554204482
2414 0.002026319923535
2415 0.002129000511722
2416 0.002226782555612
2417 0.002009253216816
2418 0.002097203107389
2419 0.002053574620815
2420 0.002144343596845
2421 0.002225612545250
2422 0.002326339089506
2423 0.002117389201921
2424 0.001935811522770
2425 0.002024051946463
2426 0.002079423876312
2427 0.002086534291862
2428 0.001823182946571
2429 0.001731975253299
2430 0.001821584490592
2431 0.001699835417546
2432 0.001737522451501
2433 0.001679361993474
2434 0.001673366877517
2435 0.001717760528627
2436 0.001723172237916
2437 0.001822510971904
2438 0.001882060054289
2439 0.001829056233449
2440 0.001927712119994
2441 0.002028292512757
2442 0.001922620236141
2443 0.001992570148644
2444 0.002085681047455
2445 0.002103144625213
2446 0.002104680287672
2447 0.002104332264852
2448 0.001953342771219
2449 0.001989264082256
2450 0.001737079158121
2451 0.001823435020369
2452 0.001596938338599
2453 0.001295297937008
2454 0.001202334425949
2455 0.001241248105548
2456 0.001289215266510
2457 0.001042348876638
2458 0.001143101199649
2459 0.001238801800269
2460 0.001258149573473
2461 0.001332757556308
2462 0.001099082752518
2463 0.001165220614521
2464 0.001264416552209
2465 0.001347101847008
2466 0.001440334324902
2467 0.001539864325552
2468 0.001634781132641
2469 0.001521248260265
2470 0.001621513352220
2471 0.001705025719612
2472 0.001582168259667
2473 0.001503905761208
2474 0.001573999297166
2475 0.001674320529206
2476 0.001481717930857
2477 0.001578044761416
2478 0.001671990263934
2479 0.001765559882394
2480 0.001822012086068
2481 0.001920133408689
2482 0.001942234136326
2483 0.001689114687763
2484 0.001720372989366
2485 0.001723869201883
2486 0.001796769045671
2487 0.001894917505354
2488 0.001993696597611
2489 0.002017268625882
2490 0.001957802528358
2491 0.001799102386573
2492 0.001894935176231
2493 0.001994447659356
2494 0.002022525861728
2495 0.002121798261134
2496 0.002024279190944
2497 0.001746118402882
2498 0.001562691121411
2499 0.001479752972967
2500 0.001318306159973
2501 0.001385145237902
2502 0.001336107460810
2503 0.001067818425629
2504 0.001131965900762
2505 0.001208226861592
2506 0.001307464202499
2507 0.001283561750670
2508 0.001325547980350
2509 0.001188561587564
2510 0.001020788505258
2511 0.000849559932817
2512 0.000948326982510
2513 0.000849016743071
2514 0.000944788458808
2515 0.000965419109489
2516 0.001062093554316
2517 0.001155074858978
2518 0.001253889159043
2519 0.001160487242756
2520 0.001086536097148
2521 0.001182135798921
2522 0.001262391327299
2523 0.001314837735086
2524 0.001181929311737
2525 0.001170527982240
2526 0.001266425715867
2527 0.001234060037641
2528 0.001304382764840
2529 0.001314954283493
2530 0.001359063481154
2531 0.001433038278231
2532 0.001484118555018
2533 0.001582150420698
2534 0.001664154743151
2535 0.001677905125966
2536 0.001775686861213
2537 0.001873527895432
2538 0.001851790833417
2539 0.001938808053532
2540 0.002035182292067
2541 0.002093238771454
2542 0.002141589188932
2543 0.002188740496649
2544 0.002135385132436
2545 0.002204087042855
2546 0.002078350683131
2547 0.002172205370456
2548 0.002064974191986
2549 0.001902928418765
2550 0.001889388724869
2551 0.001959600714037
2552 0.002034812698544
2553 0.001912620480370
2554 0.001636282881443
2555 0.001732920853826
2556 0.001791737262445
2557 0.001880464327256
2558 0.001767775735602
2559 0.001852400929912
2560 0.001949310302734
2561 0.002041387283351
2562 0.002137085057906
2563 0.002233790272249
2564 0.002329795297334
2565 0.002301813450008
2566 0.002044038320089
2567 0.002136331891846
2568 0.002101950370634
2569 0.002097966490946
2570 0.002184245488987
2571 0.001972015058888
2572 0.001888559913932
2573 0.001984706913688
2574 0.002080302161585
2575 0.002175749806524
2576 0.002255086943230
2577 0.002351193105152
2578 0.002411166788350
2579 0.002283828117072
2580 0.002349092609199
2581 0.002397739554689
2582 0.002485018774671
2583 0.002580826567717
2584 0.002676576837298
2585 0.002737185041955
2586 0.002745297488923
2587 0.002685323662863
2588 0.002780640512198
2589 0.002592347427057
2590 0.002655539480416
2591 0.002428996521550
2592 0.002411532549211
2593 0.002265575559177
2594 0.002188065576847
2595 0.002180381730802
2596 0.002118359912526
2597 0.002202493230058
2598 0.002217303637452
2599 0.002078297781275
2600 0.002161012246059
2601 0.002249405985381
2602 0.002043522774119
2603 0.002074591343191
2604 0.002145510115382
2605 0.002100430729293
2606 0.002033671162628
2607 0.001964421120465
2608 0.001702424573021
2609 0.001683360477570
2610 0.001778318256254
2611 0.001836823850973
2612 0.001931770107100
2613 0.002026026727046
2614 0.001836157086795
2615 0.001821038007280
2616 0.001819038063014
2617 0.001913715989525
2618 0.002003560023421
2619 0.002079945295173
2620 0.002037422165616
2621 0.002076076419696
2622 0.002170538579481
2623 0.002195745308891
2624 0.002280978167929
2625 0.002333093484243
2626 0.002404708968531
2627 0.002491505553525
2628 0.002566848715691
2629 0.002351449464564
2630 0.002441632362373
2631 0.002495590972610
2632 0.002268675431654
2633 0.002097969334976
2634 0.002129991690861
2635 0.002221998725037
2636 0.002315991565201
2637 0.002395033723349
2638 0.002468904303818
2639 0.002542087913418
2640 0.002553362918623
2641 0.002637535931711
2642 0.002599590502392
2643 0.002692987555317
2644 0.002667763770619
2645 0.002604253283070
2646 0.002641087328946
2647 0.002725776294785
2648 0.002812686463497
2649 0.002776950136496
2650 0.002630743643023
2651 0.002359945879303
2652 0.002439028896717
2653 0.002531009779936
2654 0.002501815287979
2655 0.002592393727850
2656 0.002398003296680
2657 0.002490750304011
2658 0.002583867472935
2659 0.002407720278151
2660 0.002133602665779
2661 0.002161250195975
2662 0.002028703711966
2663 0.002121471257484
2664 0.002144887461677
2665 0.002187611081587
2666 0.002278659478758
2667 0.002179004388844
2668 0.002169698432110
2669 0.001926024628293
2670 0.002018936229556
2671 0.002111778237854
2672 0.002200198387671
2673 0.002003512331666
2674 0.002083044334767
2675 0.002043596428131
2676 0.002125685703238
2677 0.002199189917650
2678 0.002290297502720
2679 0.002101327911069
2680 0.001937100958468
2681 0.002016915109166
2682 0.002067004385322
2683 0.002073440985408
2684 0.001835212977561
2685 0.001752696956336
2686 0.001833757911257
2687 0.001723603772815
2688 0.001757692723047
2689 0.001705061795322
2690 0.001699627664453
2691 0.001739788303496
2692 0.001744677195046
2693 0.001834564677322
2694 0.001888450575300
2695 0.001840479254501
2696 0.001929762986011
2697 0.002020795499125
2698 0.001925152725781
2699 0.001988466954664
2700 0.002072751080548
2701 0.002088564252553
2702 0.002089959815376
2703 0.002089650199628
2704 0.001952960999054
2705 0.001985482874287
2706 0.001757157196932
2707 0.001835338999787
2708 0.001630249720733
2709 0.001357101984858
2710 0.001272897460804
2711 0.001308110489348
2712 0.001351525122437
2713 0.001127930198083
2714 0.001219147452556
2715 0.001305796340465
2716 0.001323295798323
2717 0.001390850122773
2718 0.001179163051581
2719 0.001239044432168
2720 0.001328877140494
2721 0.001403759459895
2722 0.001488202748975
2723 0.001578357961307
2724 0.001664340408538
2725 0.001561462529209
2726 0.001652296924976
2727 0.001727958192395
2728 0.001616621471920
2729 0.001545687938794
2730 0.001609193296223
2731 0.001700097673850
2732 0.001525533321487
2733 0.001612821189728
2734 0.001697957319505
2735 0.001782759190477
2736 0.001833923030318
2737 0.001922862413028
2738 0.001942895750132
2739 0.001713433810593
2740 0.001741762752951
2741 0.001744924627573
2742 0.001811010680174
2743 0.001899993902047
2744 0.001989555602171
2745 0.002010930800481
2746 0.001957010827790
2747 0.001813100648872
2748 0.001900000690199
2749 0.001990244253283
2750 0.002015710158782
2751 0.002105747037088
2752 0.002017305340878
2753 0.001765013109152
2754 0.001598629578353
2755 0.001523385160415
2756 0.001376919026645
2757 0.001437530532279
2758 0.001393025491098
2759 0.001149609625534
2760 0.001207777555438
2761 0.001276940139728
2762 0.001366954644809
2763 0.001345245293677
2764 0.001383320467517
2765 0.001258996188317
2766 0.001106725446745
2767 0.000951307708277
2768 0.001040903474554
2769 0.000950741246962
2770 0.001037625134637
2771 0.001056316311030
2772 0.001144029877403
2773 0.001228397712783
2774 0.001318066452765
2775 0.001233257946667
2776 0.001166100289018
2777 0.001252858403521
2778 0.001325692715964
2779 0.001373285010119
2780 0.001252594611628
2781 0.001242217401171
2782 0.001329264843918
2783 0.001299853809780
2784 0.001363686446486
2785 0.001373264926554
2786 0.001413300087875
2787 0.001480460466345
2788 0.001526833435726
2789 0.001615851722169
2790 0.001690319554353
2791 0.001702799330643
2792 0.001791606489089
2793 0.001880473937777
2794 0.001860726046067
2795 0.001939769976894
2796 0.002027319906778
2797 0.002080065482934
2798 0.002123996839087
2799 0.002166841915140
2800 0.002118372576577
2801 0.002180801485743
2802 0.002066561126607
2803 0.002151848204086
2804 0.002054414293395
2805 0.001907161489102
2806 0.001894855554496
2807 0.001958662222661
2808 0.002027017608327
2809 0.001915964230646
2810 0.001664800682102
2811 0.001752627612602
2812 0.001806082460992
2813 0.001886729727086
2814 0.001784290607381
2815 0.001861214002538
2816 0.001949310302734
2817 0.002033019620220
2818 0.002120026740899
2819 0.002207955979168
2820 0.002295254815555
2821 0.002269824507895
2822 0.002035444991796
2823 0.002119372087804
2824 0.002088113310655
2825 0.002084495346103
2826 0.002162963320664
2827 0.001969959021542
2828 0.001894059241914
2829 0.001981503826942
2830 0.002068452721350
2831 0.002155273468492
2832 0.002227446116970
2833 0.002314877539526
2834 0.002369446513008
2835 0.002253621217435
2836 0.002313005066725
2837 0.002357275018736
2838 0.002436695529845
2839 0.002523881106697
2840 0.002611020417281
2841 0.002666190345285
2842 0.002673597024579
2843 0.002619048805250
2844 0.002705809100938
2845 0.002534485387048
2846 0.002592013595143
2847 0.002385863514168
2848 0.002369984482112
2849 0.002237157199876
2850 0.002166619489067
2851 0.002159633121337
2852 0.002103185754003
2853 0.002179775098479
2854 0.002193264992152
2855 0.002066731828733
2856 0.002142036161503
2857 0.002222516067720
2858 0.002035083868355
2859 0.002063373453595
2860 0.002127948174110
2861 0.002086908593956
2862 0.002026125257620
2863 0.001963069961074
2864 0.001724492571207
2865 0.001707124231582
2866 0.001793591795646
2867 0.001846867984789
2868 0.001933335759151
2869 0.002019181343769
2870 0.001846250195952
2871 0.001832475731988
2872 0.001830650073240
2873 0.001916887637343
2874 0.001998727758808
2875 0.002068313101064
2876 0.002029579106889
2877 0.002064796570568
2878 0.002150860178214
2879 0.002173832366350
2880 0.002251496579912
2881 0.002298991264713
2882 0.002364257178647
2883 0.002443360571145
2884 0.002512032545886
2885 0.002315765712249
2886 0.002397961382724
2887 0.002447150428278
2888 0.002240366057346
2889 0.002084796364310
2890 0.002113986695926
2891 0.002197851981312
2892 0.002283532919561
2893 0.002355591899748
2894 0.002422941600197
2895 0.002489669582387
2896 0.002499966002301
2897 0.002576719307266
2898 0.002542146840862
2899 0.002627316159436
2900 0.002604341671385
2901 0.002546457556436
2902 0.002580062201892
2903 0.002657303923457
2904 0.002736576168334
2905 0.002704015266464
2906 0.002570713727292
2907 0.002323783957183
2908 0.002395917493671
2909 0.002479818626219
2910 0.002453210038418
2911 0.002535839500152
2912 0.002358557758750
2913 0.002443167523261
2914 0.002528120514949
2915 0.002367461974993
2916 0.002117423363674
2917 0.002142650054504
2918 0.002021738423151
2919 0.002106372523528
2920 0.002127740971030
2921 0.002166726110897
2922 0.002249804793932
2923 0.002158887493174
2924 0.002150403164969
2925 0.001928062622364
2926 0.002012844555849
2927 0.002097568538028
2928 0.002178262817404
2929 0.001998774974409
2930 0.002071359723094
2931 0.002035361270130
2932 0.002110285941120
2933 0.002177379763740
2934 0.002260545381658
2935 0.002088068453579
2936 0.001938165533445
2937 0.002011022419194
2938 0.002056749216791
2939 0.002062628649659
2940 0.001845147982747
2941 0.001769811208862
2942 0.001843812776050
2943 0.001743237096519
2944 0.001774355121281
2945 0.001726293584082
2946 0.001721324458546
2947 0.001757989060810
2948 0.001762447234248
2949 0.001844525640396
2950 0.001893731961816
2951 0.001849920375595
2952 0.001931458146268
2953 0.002014598340210
2954 0.001927246273411
2955 0.001985074703262
2956 0.002062060674892
2957 0.002076508448984
2958 0.002077787308535
2959 0.002077508593137
2960 0.001952645263156
2961 0.001982355492214
2962 0.001773764622686
2963 0.001845185997274
2964 0.001657806910001
2965 0.001408233630516
2966 0.001331279688563
2967 0.001363434773886
2968 0.001403086108339
2969 0.001198753137386
2970 0.001282084048396
2971 0.001361245540849
2972 0.001377218985782
2973 0.001438938184014
2974 0.001245456829757
2975 0.001300163108762
2976 0.001382247735095
2977 0.001450672800764
2978 0.001527841276095
2979 0.001610235705316
2980 0.001688821043744
2981 0.001594769818716
2982 0.001677795055327
2983 0.001746954551848
2984 0.001645163141051
2985 0.001580303458113
2986 0.001638352691289
2987 0.001721456372542
2988 0.001561840854017
2989 0.001641640598537
2990 0.001719477842484
2991 0.001797014317438
2992 0.001843795738118
2993 0.001925124578001
2994 0.001943444222232
2995 0.001733595540806
2996 0.001759497123026
2997 0.001762382996890
2998 0.001822820120927
2999 0.001904203638151
3000 0.001986121336619
3001 0.002005674270184
3002 0.001956354154101
3003 0.001824712261056
3004 0.001904202840935
3005 0.001986757034867
3006 0.002010055347355
3007 0.002092428844872
3008 0.002011518529121
3009 0.001780692764040
3010 0.001628454915709
3011 0.001559597992176
3012 0.001425568484373
3013 0.001481013977761
3014 0.001440274632365
3015 0.001217511241907
3016 0.001270719327092
3017 0.001333992430656
3018 0.001416352606515
3019 0.001396467765462
3020 0.001431298413814
3021 0.001317493511485
3022 0.001178102588748
3023 0.001035822648463
3024 0.001117805639903
3025 0.001035248248045
3026 0.001114753820371
3027 0.001131838762922
3028 0.001212111709927
3029 0.001289326607807
3030 0.001371399266492
3031 0.001293736139724
3032 0.001232228838989
3033 0.001311642342261
3034 0.001378311734492
3035 0.001421872316514
3036 0.001311342706793
3037 0.001301820885794
3038 0.001381513572508
3039 0.001354562879276
3040 0.001413002139644
3041 0.001421758059176
3042 0.001458408113846
3043 0.001519903633652
3044 0.001562363684726
3045 0.001643886335182
3046 0.001712086340822
3047 0.001723510459246
3048 0.001804851953752
3049 0.001886253573536
3050 0.001868161314824
3051 0.001940570476211
3052 0.002020776506176
3053 0.002069101406245
3054 0.002109353828836
3055 0.002148613406867
3056 0.002104210291858
3057 0.002161415897634
3058 0.002056745491907
3059 0.002134898317605
3060 0.002045621279798
3061 0.001910686512392
3062 0.001899408270221
3063 0.001957880606108
3064 0.002020525091933
3065 0.001918749416438
3066 0.001688556214679
3067 0.001769044557067
3068 0.001818033675949
3069 0.001891949872856
3070 0.001798051207384
3071 0.001868557751431
3072 0.001949310302734
3073 0.002026046113785
3074 0.002105809626986
3075 0.002186423200902
3076 0.002266463594722
3077 0.002243158392678
3078 0.002028281093031
3079 0.002105232491513
3080 0.002076576437269
3081 0.002073262833574
3082 0.002145216671543
3083 0.001968244434447
3084 0.001898645581593
3085 0.001978832338386
3086 0.002058569228425
3087 0.002138193270748
3088 0.002204388225634
3089 0.002284581258329
3090 0.002334639111769
3091 0.002228417854716
3092 0.002282893210457
3093 0.002323508782946
3094 0.002396368891791
3095 0.002476356025659
3096 0.002556305369049
3097 0.002606932582646
3098 0.002613746346467
3099 0.002563723520757
3100 0.002643336942119
3101 0.002486176834457
3102 0.002538972962371
3103 0.002349847522506
3104 0.002335289704431
3105 0.002213424895313
3106 0.002148708622454
3107 0.002142303658330
3108 0.002090511328158
3109 0.002160798261004
3110 0.002173183834438
3111 0.002057069369506
3112 0.002126182106283
3113 0.002200048777056
3114 0.002028032476962
3115 0.002053999403315
3116 0.002113271891994
3117 0.002075607611424
3118 0.002019818449265
3119 0.001961940601492
3120 0.001742939154307
3121 0.001726989542128
3122 0.001806360513716
3123 0.001855265433843
3124 0.001934644812658
3125 0.002013457508087
3126 0.001854690179105
3127 0.001842040698445
3128 0.001840361396370
3129 0.001919540306675
3130 0.001994685947705
3131 0.002058583073477
3132 0.002023018182923
3133 0.002055360092890
3134 0.002134396627441
3135 0.002155498188268
3136 0.002226828312387
3137 0.002270454979642
3138 0.002330405553334
3139 0.002403068481718
3140 0.002466154554088
3141 0.002285898604692
3142 0.002361406743489
3143 0.002406600930302
3144 0.002216666861042
3145 0.002073767928137
3146 0.002100586455412
3147 0.002177633783118
3148 0.002256353443732
3149 0.002322562973474
3150 0.002384449659832
3151 0.002445768606318
3152 0.002455242696752
3153 0.002525778392213
3154 0.002494028212530
3155 0.002572302055057
3156 0.002551208581912
3157 0.002498035099373
3158 0.002528930952309
3159 0.002599929321714
3160 0.002672797667829
3161 0.002642893953363
3162 0.002520404025620
3163 0.002293475624733
3164 0.002359782398576
3165 0.002436908632281
3166 0.002412465145071
3167 0.002488428235694
3168 0.002325487257254
3169 0.002403272462215
3170 0.002481377482038
3171 0.002333703908737
3172 0.002103855600874
3173 0.002127051259530
3174 0.002015896709595
3175 0.002093708609033
3176 0.002113358650159
3177 0.002149206927110
3178 0.002225598818555
3179 0.002142010563085
3180 0.002134214557192
3181 0.001929772589725
3182 0.002007733063455
3183 0.002085644532928
3184 0.002159854575018
3185 0.001994799164064
3186 0.002061552864459
3187 0.002028449112096
3188 0.002097359415578
3189 0.002159071271417
3190 0.002235568522660
3191 0.002076936492872
3192 0.001939059349529
3193 0.002006074626581
3194 0.002048137957556
3195 0.002053548994945
3196 0.001853491397614
3197 0.001784184611437
3198 0.001852257856359
3199 0.001759728106457
3200 0.001788351535797
3201 0.001744129347898
3202 0.001739551933909
3203 0.001773280424510
3204 0.001777377616749
3205 0.001852895335735
3206 0.001898169907941
3207 0.001857854214494
3208 0.001932882757258
3209 0.002009389945821
3210 0.001929005896934
3211 0.001982223352737
3212 0.002053074343861
3213 0.002066373769420
3214 0.002067553919149
3215 0.002067300579967
3216 0.001952379793670
3217 0.001979725847046
3218 0.001787729723399
3219 0.001853466774596
3220 0.001680982335014
3221 0.001451237551065
3222 0.001380384541831
3223 0.001409970341800
3224 0.001446458749085
3225 0.001258332248806
3226 0.001335031947067
3227 0.001407897099275
3228 0.001422589300881
3229 0.001479401256913
3230 0.001301242120495
3231 0.001351596622119
3232 0.001427163582037
3233 0.001490156623995
3234 0.001561204315927
3235 0.001637068192778
3236 0.001709428352243
3237 0.001622808856068
3238 0.001699261362719
3239 0.001762948090664
3240 0.001669194521727
3241 0.001609450558460
3242 0.001662907024580
3243 0.001739442991762
3244 0.001592417974507
3245 0.001665912846387
3246 0.001737603877550
3247 0.001809021638730
3248 0.001852112157004
3249 0.001927030255296
3250 0.001943906288881
3251 0.001750582000066
3252 0.001774439365955
3253 0.001777093538020
3254 0.001832771407510
3255 0.001907751197639
3256 0.001983227102997
3257 0.002001244065803
3258 0.001955800677751
3259 0.001834499649418
3260 0.001907745021984
3261 0.001983817334337
3262 0.002005288109028
3263 0.002081200421094
3264 0.002006639452542
3265 0.001793913618529
3266 0.001653604633737
3267 0.001590135595942
3268 0.001466595995236
3269 0.001517686923369
3270 0.001480125742950
3271 0.001274784418174
3272 0.001323812019563
3273 0.001382119951356
3274 0.001458025535724
3275 0.001439682327154
3276 0.001471777975341
3277 0.001366851185748
3278 0.001238331135051
3279 0.001107140989266
3280 0.001182703564807
3281 0.001106567932897
3282 0.001179850243127
3283 0.001195583116925
3284 0.001269579078916
3285 0.001340759127107
3286 0.001416422159151
3287 0.001344793938851
3288 0.001288059999183
3289 0.001361275360772
3290 0.001422742018221
3291 0.001462900613224
3292 0.001360953795664
3293 0.001352157141711
3294 0.001425641065811
3295 0.001400770873329
3296 0.001454657142602
3297 0.001462720562770
3298 0.001496513317107
3299 0.001553225278782
3300 0.001592381361759
3301 0.001667572653174
3302 0.001730478022909
3303 0.001741011143453
3304 0.001816044852462
3305 0.001891137846660
3306 0.001874445084002
3307 0.001941247039740
3308 0.002015245868909
3309 0.002059833795940
3310 0.002096975840110
3311 0.002133203683321
3312 0.002092237345838
3313 0.002145026210856
3314 0.002048446334264
3315 0.002120566332142
3316 0.002038185932955
3317 0.001913667425967
3318 0.001903258457178
3319 0.001957219564329
3320 0.002015033831079
3321 0.001921105208938
3322 0.001708650449039
3323 0.001782932017462
3324 0.001828144029877
3325 0.001896366194675
3326 0.001809693518992
3327 0.001874771353215
3328 0.001949310302734
3329 0.002020145132220
3330 0.002093778447704
3331 0.002168200174204
3332 0.002242096475049
3333 0.002220588602392
3334 0.002022217349085
3335 0.002093263651835
3336 0.002066810211118
3337 0.002063753739209
3338 0.002130192096823
3339 0.001966792760976
3340 0.001902528865609
3341 0.001976570248854
3342 0.002050199903178
3343 0.002123729005175
3344 0.002184860729145
3345 0.002258922255449
3346 0.002305157887886
3347 0.002207069921251
3348 0.002257386273666
3349 0.002294904778487
3350 0.002362205608567
3351 0.002436092311822
3352 0.002509947750620
3353 0.002556723425575
3354 0.002563032086719
3355 0.002516841319918
3356 0.002590395696683
3357 0.002445236163584
3358 0.002494019525544
3359 0.002319321315819
3360 0.002305881750016
3361 0.002193307865946
3362 0.002133525407151
3363 0.002127612519753
3364 0.002079765946913
3365 0.002144708835352
3366 0.002156157208141
3367 0.002048876223948
3368 0.002112738168721
3369 0.002180995927716
3370 0.002022052394884
3371 0.002046049118608
3372 0.002100824037056
3373 0.002066022046341
3374 0.002014468690666
3375 0.001960982569942
3376 0.001758588151344
3377 0.001743842996293
3378 0.001817193890267
3379 0.001862390466822
3380 0.001935755571670
3381 0.002008600458525
3382 0.001861852435654
3383 0.001850158055435
3384 0.001848603394015
3385 0.001921791745077
3386 0.001991255302367
3387 0.002050323897419
3388 0.002017448756320
3389 0.002047349250081
3390 0.002120419607050
3391 0.002139932249402
3392 0.002205883556942
3393 0.002246224788870
3394 0.002301660596306
3395 0.002368852842890
3396 0.002427193385552
3397 0.002260533104162
3398 0.002330360042831
3399 0.002372159506160
3400 0.002196536484887
3401 0.002064399756393
3402 0.002089202947157
3403 0.002160457523647
3404 0.002233262067676
3405 0.002294500511298
3406 0.002351743941859
3407 0.002408465017907
3408 0.002417238385465
3409 0.002482488327412
3410 0.002453134433964
3411 0.002525545711288
3412 0.002506048570344
3413 0.002456876720252
3414 0.002485467892470
3415 0.002551156710042
3416 0.002618578474192
3417 0.002590930999145
3418 0.002477630475866
3419 0.002267706007175
3420 0.002329057001928
3421 0.002400420712853
3422 0.002377816506954
3423 0.002448108577255
3424 0.002297361877477
3425 0.002369341275988
3426 0.002441619981191
3427 0.002304989358653
3428 0.002092314295062
3429 0.002113781593464
3430 0.002010926995264
3431 0.002082934500489
3432 0.002101121943592
3433 0.002134300566539
3434 0.002205001887847
3435 0.002127649204526
3436 0.002120438221586
3437 0.001931227828168
3438 0.002003382793896
3439 0.002075495779532
3440 0.002144186164058
3441 0.001991414930265
3442 0.002053204783169
3443 0.002022564843959
3444 0.002086354603474
3445 0.002143483809013
3446 0.002214302676954
3447 0.002067458017480
3448 0.001939820441182
3449 0.002001861327971
3450 0.002040804659111
3451 0.002045816423167
3452 0.001860597318735
3453 0.001796426771000
3454 0.001859451089212
3455 0.001773775296687
3456 0.001800274407422
3457 0.001759323540677
3458 0.001755080604360
3459 0.001786308365772
3460 0.001790098647851
3461 0.001860026867532
3462 0.001901951520034
3463 0.001864615045735
3464 0.001934096802190
3465 0.002004951161224
3466 0.001930505587610
3467 0.001979793084263
3468 0.002045414714527
3469 0.002057734897275
3470 0.002058830470791
3471 0.002058598329615
3472 0.001952153471758
3473 0.001977483871997
3474 0.001799636640011
3475 0.001860527477676
3476 0.001700744118597
3477 0.001487908998988
3478 0.001422260618539
3479 0.001449657329440
3480 0.001483450127744
3481 0.001309148216001
3482 0.001380194284531
3483 0.001447690892007
3484 0.001461292106988
3485 0.001513919683235
3486 0.001348834046672
3487 0.001395478096807
3488 0.001465486277134
3489 0.001523846317820
3490 0.001589672835304
3491 0.001659965351228
3492 0.001727014199702
3493 0.001646737962953
3494 0.001717582063533
3495 0.001776598656126
3496 0.001689706432465
3497 0.001634330196588
3498 0.001683867355972
3499 0.001754797673559
3500 0.001618522099086
3501 0.001686635425315
3502 0.001753079846952
3503 0.001819273964732
3504 0.001859213391395
3505 0.001928657556907
3506 0.001944300877456
3507 0.001765088542833
3508 0.001787200757008
3509 0.001789657656506
3510 0.001841271110410
3511 0.001910781425752
3512 0.001980754807761
3513 0.001997459538805
3514 0.001955327844511
3515 0.001842861392590
3516 0.001910771390548
3517 0.001981305591349
3518 0.002001214681395
3519 0.002071605686709
3520 0.002002470059828
3521 0.001805211985799
3522 0.001675098288269
3523 0.001616235148863
3524 0.001501662641865
3525 0.001549033188651
3526 0.001514190191987
3527 0.001323743484363
3528 0.001369199650088
3529 0.001423264958427
3530 0.001493654119394
3531 0.001476630716208
3532 0.001506389604959
3533 0.001409055978827
3534 0.001289833870458
3535 0.001168129771231
3536 0.001238204505109
3537 0.001167563705212
3538 0.001235526267791
3539 0.001250105343420
3540 0.001318734783237
3541 0.001384754919528
3542 0.001454936943103
3543 0.001388473360006
3544 0.001335825258130
3545 0.001403739943323
3546 0.001460757100239
3547 0.001498006584613
3548 0.001403405674415
3549 0.001395231587815
3550 0.001463404255854
3551 0.001440316379926
3552 0.001490307820810
3553 0.001497780223179
3554 0.001529128969420
3555 0.001581747857160
3556 0.001618077033550
3557 0.001687849526463
3558 0.001746223122300
3559 0.001755994168116
3560 0.001825627985965
3561 0.001895319859789
3562 0.001879825627516
3563 0.001941826381678
3564 0.002010509756412
3565 0.002051897186049
3566 0.002086375061207
3567 0.002120005840476
3568 0.002081982490728
3569 0.002130987748408
3570 0.002041337419959
3571 0.002108289226702
3572 0.002031816346915
3573 0.001916221183720
3574 0.001906557078460
3575 0.001956653194828
3576 0.002010328791019
3577 0.001923123801058
3578 0.001725869264731
3579 0.001794832783326
3580 0.001836808433746
3581 0.001900151084835
3582 0.001819671714592
3583 0.001880097049859
3584 0.001949310302734
3585 0.002015086912876
3586 0.002083465049736
3587 0.002152578259764
3588 0.002221206491740
3589 0.002201238576002
3590 0.002017018406504
3591 0.002083001313386
3592 0.002058436052836
3593 0.002055599684175
3594 0.002117307917834
3595 0.001965547834882
3596 0.001905859246005
3597 0.001974630147045
3598 0.002043021543613
3599 0.002111322451181
3600 0.002168110476600
3601 0.002236911519572
3602 0.002279867221090
3603 0.002188755610305
3604 0.002235502963855
3605 0.002270363256769
3606 0.002332893018913
3607 0.002401543879793
3608 0.002470168596889
3609 0.002513637318774
3610 0.002519510541926
3611 0.002476606498429
3612 0.002544958858131
3613 0.002410097215237
3614 0.002455434699578
3615 0.002293118599539
3616 0.002280637753748
3617 0.002176038478005
3618 0.002120490839232
3619 0.002114999818024
3620 0.002070540354397
3621 0.002130894412720
3622 0.002141537437908
3623 0.002041840928383
3624 0.002101193595406
3625 0.002164634129097
3626 0.002016916714909
3627 0.002039221123884
3628 0.002090132880500
3629 0.002057788867404
3630 0.002009873498570
3631 0.001960159628492
3632 0.001772031122367
3633 0.001758321287085
3634 0.001826500935284
3635 0.001868511918814
3636 0.001936709920172
3637 0.002004427161884
3638 0.001868006700077
3639 0.001857133316581
3640 0.001855686077705
3641 0.001923726584616
3642 0.001988306944348
3643 0.002043225494938
3644 0.002012661861667
3645 0.002040463661461
3646 0.002108405349808
3647 0.002126551602748
3648 0.002187878416296
3649 0.002225394394666
3650 0.002276947808592
3651 0.002339435453057
3652 0.002393694461894
3653 0.002238722801078
3654 0.002303663618785
3655 0.002342542708328
3656 0.002179225242373
3657 0.002056343179927
3658 0.002079412756623
3659 0.002145684719998
3660 0.002213400960620
3661 0.002270362654595
3662 0.002323610951248
3663 0.002376375581084
3664 0.002384544720296
3665 0.002445245878758
3666 0.002417951952351
3667 0.002485317659859
3668 0.002467192246324
3669 0.002421461892537
3670 0.002448068343976
3671 0.002509186489320
3672 0.002571919255267
3673 0.002546211451560
3674 0.002440817747417
3675 0.002245526605723
3676 0.002302611094694
3677 0.002369013515412
3678 0.002347991170282
3679 0.002413400135211
3680 0.002273149594017
3681 0.002340129667959
3682 0.002407390954118
3683 0.002280266622211
3684 0.002082376992664
3685 0.002102355636768
3686 0.002006647593938
3687 0.002073656552395
3688 0.002090584042274
3689 0.002121463074662
3690 0.002187262851048
3691 0.002115279993240
3692 0.002108572363724
3693 0.001932481311377
3694 0.001999635485358
3695 0.002066753294536
3696 0.002130688268901
3697 0.001988499381267
3698 0.002046012520597
3699 0.002017495051433
3700 0.002076872619423
3701 0.002130052731572
3702 0.002195977974685
3703 0.002059290095532
3704 0.001940476327941
3705 0.001998230271976
3706 0.002034484487704
3707 0.002039151851591
3708 0.001866722055495
3709 0.001806978991039
3710 0.001865651617153
3711 0.001785884421330
3712 0.001810552745030
3713 0.001772422547164
3714 0.001768468542643
3715 0.001797540800729
3716 0.001801066942697
3717 0.001866176062962
3718 0.001905212372205
3719 0.001870445103759
3720 0.001935143752765
3721 0.002001123141935
3722 0.001931798980160
3723 0.001977697034821
3724 0.002038808181386
3725 0.002050283435207
3726 0.002051305735681
3727 0.002051091558785
3728 0.001951958232683
3729 0.001975549725113
3730 0.001809909148766
3731 0.001866619250181
3732 0.001717794746448
3733 0.001519550770689
3734 0.001458394715795
3735 0.001483903958935
3736 0.001515372024103
3737 0.001353001974150
3738 0.001419170662450
3739 0.001482035521359
3740 0.001494696561028
3741 0.001543713855539
3742 0.001389914196739
3743 0.001433357082839
3744 0.001498568261790
3745 0.001552930104239
3746 0.001614250302378
3747 0.001679733781328
3748 0.001742197711542
3749 0.001667399077646
3750 0.001733401377996
3751 0.001788385961253
3752 0.001707419276492
3753 0.001655815650138
3754 0.001701968952767
3755 0.001768058720981
3756 0.001641067833946
3757 0.001704533953028
3758 0.001766447328773
3759 0.001828129857929
3760 0.001865347649189
3761 0.001930063327428
3762 0.001944641763387
3763 0.001777621301412
3764 0.001798226273402
3765 0.001800513188361
3766 0.001848615250939
3767 0.001913399793819
3768 0.001978618450732
3769 0.001994189121072
3770 0.001954919226290
3771 0.001850087836768
3772 0.001913386968894
3773 0.001979134694480
3774 0.001997693875636
3775 0.002063312277889
3776 0.001998866008500
3777 0.001814978776674
3778 0.001693679091790
3779 0.001638798588765
3780 0.001531979520485
3781 0.001576134733535
3782 0.001543643060404
3783 0.001366076316904
3784 0.001408446036736
3785 0.001458844247236
3786 0.001524464468822
3787 0.001508583706477
3788 0.001536322999529
3789 0.001445557722538
3790 0.001334378980395
3791 0.001220881608758
3792 0.001286211647565
3793 0.001220325932728
3794 0.001283688817328
3795 0.001297271738568
3796 0.001361260424173
3797 0.001422818174229
3798 0.001488259634010
3799 0.001426266004739
3800 0.001377154776925
3801 0.001440484487393
3802 0.001493652844542
3803 0.001528386219595
3804 0.001440143735627
3805 0.001432509945507
3806 0.001496087374088
3807 0.001474543446971
3808 0.001521165130519
3809 0.001528127217236
3810 0.001557361625937
3811 0.001606438485884
3812 0.001640321450369
3813 0.001705403672470
3814 0.001759854563882
3815 0.001768966364829
3816 0.001833925332163
3817 0.001898940911242
3818 0.001884484631407
3819 0.001942328053265
3820 0.002006408431767
3821 0.002045024052804
3822 0.002077194376181
3823 0.002108575535045
3824 0.002073100670611
3825 0.002118828421325
3826 0.002035179829261
3827 0.002097654629227
3828 0.002026298701327
3829 0.001918433462244
3830 0.001909414735226
3831 0.001956162518666
3832 0.002006252399317
3833 0.001924872756035
3834 0.001740788645463
3835 0.001805144711610
3836 0.001844316379121
3837 0.001903430928406
3838 0.001828318790820
3839 0.001884712468649
3840 0.001949310302734
3841 0.002010702947191
3842 0.002074526055662
3843 0.002139037641237
3844 0.002203098941172
3845 0.002184465198120
3846 0.002012511574844
3847 0.002074104796951
3848 0.002051176127674
3849 0.002048530294295
3850 0.002106137167324
3851 0.001964468424799
3852 0.001908746959017
3853 0.001972947852691
3854 0.002036796821853
3855 0.002100563667782
3856 0.002153584323978
3857 0.002217822613295
3858 0.002257932910281
3859 0.002172871184615
3860 0.002216522310682
3861 0.002249076140418
3862 0.002307466510539
3863 0.002371574478880
3864 0.002435660386925
3865 0.002476258867000
3866 0.002481752843729
3867 0.002441698863027
3868 0.002505536409790
3869 0.002379608342246
3870 0.002421954636118
3871 0.002270381600319
3872 0.002258731806574
3873 0.002161052055886
3874 0.002109178960723
3875 0.002104053620369
3876 0.002062533416000
3877 0.002118904334785
3878 0.002128847869418
3879 0.002035734241050
3880 0.002091172429704
3881 0.002150430856861
3882 0.002012458383761
3883 0.002033293446775
3884 0.002080851062810
3885 0.002050640730324
3886 0.002005883746091
3887 0.001959445085813
3888 0.001783703825601
3889 0.001770893461939
3890 0.001834582991343
3891 0.001873827875197
3892 0.001937538722314
3893 0.002000802729328
3894 0.001873351775137
3895 0.001863191675620
3896 0.001861837977501
3897 0.001925407218909
3898 0.001985745851415
3899 0.002037059224303
3900 0.002008503400362
3901 0.002034481795315
3902 0.002097967540466
3903 0.002114926244612
3904 0.002172234605570
3905 0.002207295155861
3906 0.002255474382709
3907 0.002313873119174
3908 0.002364584342972
3909 0.002219769206917
3910 0.002280462992466
3911 0.002316803128724
3912 0.002164179683951
3913 0.002049340773445
3914 0.002070903245076
3915 0.002132843889648
3916 0.002196136607091
3917 0.002249379912170
3918 0.002299154349405
3919 0.002348478487117
3920 0.002356121248128
3921 0.002412866509347
3922 0.002387362390316
3923 0.002450339866481
3924 0.002433405860605
3925 0.002390666782476
3926 0.002415546169101
3927 0.002472688321822
3928 0.002531341889725
3929 0.002507319444917
3930 0.002408800977484
3931 0.002226235999372
3932 0.002279608805085
3933 0.002341694923384
3934 0.002322047524605
3935 0.002383207759833
3936 0.002252086875885
3937 0.002314716978730
3938 0.002377612222083
3939 0.002258757402159
3940 0.002073731035145
3941 0.002092414097688
3942 0.002002924015412
3943 0.002065583349272
3944 0.002081414144373
3945 0.002110291690730
3946 0.002171825483494
3947 0.002104515300873
3948 0.002098245340519
3949 0.001933572276631
3950 0.001996373903902
3951 0.002059143725844
3952 0.002118939088906
3953 0.001985961459662
3954 0.002039751577811
3955 0.002013081575917
3956 0.002068617828454
3957 0.002118359514038
3958 0.002180023724049
3959 0.002052178494886
3960 0.001941047413181
3961 0.001995068567325
3962 0.002028981057277
3963 0.002033348309702
3964 0.001872055706174
3965 0.001816168604102
3966 0.001871051673509
3967 0.001796430684410
3968 0.001819504845527
3969 0.001783831785115
3970 0.001780129875284
3971 0.001807324984187
3972 0.001810621398933
3973 0.001871532812366
3974 0.001908053104519
3975 0.001875524220976
3976 0.001936055884755
3977 0.001997787942831
3978 0.001932925902880
3979 0.001975870695687
3980 0.002033051533915
3981 0.002043790312395
3982 0.002044748520504
3983 0.002044549755735
3984 0.001951788084574
3985 0.001973864080915
3986 0.001818862158153
3987 0.001871928733365
3988 0.001732656326791
3989 0.001547131226995
3990 0.001489892056711
3991 0.001513757134583
3992 0.001543199729346
3993 0.001391232610794
3994 0.001453150569288
3995 0.001511978536136
3996 0.001523820964901
3997 0.001569691511402
3998 0.001425733457153
3999 0.001466386346228
4000 0.001527415752411
4001 0.001578292096445
4002 0.001635683425839
4003 0.001696973748723
4004 0.001755439675414
4005 0.001685418871309
4006 0.001747198852967
4007 0.001798667127068
4008 0.001722869401920
4009 0.001674557139553
4010 0.001717759323239
4011 0.001779627009420
4012 0.001660736346411
4013 0.001720148890862
4014 0.001778109740664
4015 0.001835856431745
4016 0.001870699850212
4017 0.001931289920826
4018 0.001944939211389
4019 0.001788557450787
4020 0.001807847544922
4021 0.001809986468958
4022 0.001855024483475
4023 0.001915684926874
4024 0.001976753916466
4025 0.001991334716726
4026 0.001954562573426
4027 0.001856395497877
4028 0.001915670080479
4029 0.001977239672319
4030 0.001994620378201
4031 0.002056072261605
4032 0.001995719614483
4033 0.001823505647656
4034 0.001709901597988
4035 0.001658498960209
4036 0.001558450452164
4037 0.001599799074807
4038 0.001569361439313
4039 0.001403042868123
4040 0.001442718623888
4041 0.001489915593489
4042 0.001551372072356
4043 0.001536490213685
4044 0.001562466607249
4045 0.001477439220815
4046 0.001373287141176
4047 0.001266959628441
4048 0.001328146740382
4049 0.001266416325102
4050 0.001325762669245
4051 0.001338476841610
4052 0.001398412637626
4053 0.001456073043436
4054 0.001517373835094
4055 0.001459286803823
4056 0.001413267157252
4057 0.001472591810224
4058 0.001522398115438
4059 0.001554933784336
4060 0.001472248819661
4061 0.001465088347736
4062 0.001524650906765
4063 0.001504457381275
4064 0.001548134905147
4065 0.001554651908476
4066 0.001582039161908
4067 0.001628020778756
4068 0.001659766176574
4069 0.001720748990078
4070 0.001771771190207
4071 0.001780307079176
4072 0.001841179397111
4073 0.001902106775279
4074 0.001888558114927
4075 0.001942766692741
4076 0.002002822288236
4077 0.002039014065064
4078 0.002069166342145
4079 0.002098579972537
4080 0.002065333431842
4081 0.002108194596684
4082 0.002029794577230
4083 0.002088353588918
4084 0.002021472787997
4085 0.001920368461305
4086 0.001911914310675
4087 0.001955733312089
4088 0.002002686553739
4089 0.001926402717384
4090 0.001753840367777
4091 0.001814166073460
4092 0.001850884913932
4093 0.001906300491032
4094 0.001835884454487
4095 0.001888750819205
4096 0.001949310302734
