1 0.104064941406250
2 0.263565063476562
3 0.054779052734375
4 0.148239135742188
5 0.141430664062500
6 0.086135864257812
7 0.038099016462054
8 0.082138061523438
9 0.119160970052083
10 0.134878540039063
11 0.157884077592330
12 0.111740112304688
13 0.110933743990385
14 0.123855590820312
15 0.108607991536458
16 0.088607788085938
17 0.069612390854779
18 0.056018405490451
19 0.059135035464638
20 0.064303588867187
21 0.037545340401786
22 0.051490090110085
23 0.066293467646060
24 0.082056681315104
25 0.074978027343750
26 0.065125685471755
27 0.046754059968171
28 0.039858136858259
29 0.040813577586207
30 0.030024210611979
31 0.028744605279738
32 0.031234741210938
33 0.017668752959280
34 0.017385146197151
35 0.031160191127232
36 0.042173597547743
37 0.028785499366554
38 0.032245033665707
39 0.042708176832933
40 0.029891967773438
41 0.018213783822409
42 0.021174112955729
43 0.012693183366642
44 0.004096291281960
45 0.002880859375000
46 0.006392105765965
47 0.016720386261636
48 0.025945027669271
49 0.016388562260842
50 0.015508422851563
51 0.011087455001532
52 0.015182495117188
53 0.019565798201651
54 0.023970427336516
55 0.021623646129261
56 0.014929635184152
57 0.020866527891996
58 0.024774485620959
59 0.018424858481197
60 0.017225138346354
61 0.016433465676229
62 0.022804998582409
63 0.028784857855903
64 0.025863647460938
65 0.020666503906250
66 0.016080451734138
67 0.015643674935867
68 0.008820477653952
69 0.002959762794384
70 0.002284894670759
71 0.005693032707967
72 0.008465237087674
73 0.004077650096318
74 0.002214998812289
75 0.008184814453125
76 0.010844180458470
77 0.011950207995130
78 0.015893006936098
79 0.019318399550040
80 0.015884399414062
81 0.016001006703318
82 0.012819987971608
83 0.011583075465926
84 0.006557646251860
85 0.010979147518382
86 0.007415416628815
87 0.007067800938398
88 0.007283991033381
89 0.002409174201194
90 0.004590861002604
91 0.000626113388565
92 0.001165638799253
93 0.006478914650538
94 0.008865356445312
95 0.013337466591283
96 0.010075887044271
97 0.014276563506765
98 0.009569129165338
99 0.010473694464173
100 0.008375854492187
101 0.011134988010520
102 0.013343661439185
103 0.010264276300819
104 0.011938241811899
105 0.008944266183036
106 0.011218088977742
107 0.011754401376314
108 0.012293497721354
109 0.009821620556193
110 0.010299127752131
111 0.006244006457629
112 0.007762363978795
113 0.007841127108684
114 0.004634656404194
115 0.004721732761549
116 0.002285135203394
117 0.001044379340278
118 0.002850807319253
119 0.000942454618566
120 0.004485066731771
121 0.005479544647469
122 0.009368646340292
123 0.006749843194233
124 0.002719509986139
125 0.000128906250000
126 0.001262119838170
127 0.001983642578125
128 0.000503540039062
129 0.002266817314680
130 0.005996234600361
131 0.007199119975549
132 0.005820996833570
133 0.008824857554041
134 0.009042540592934
135 0.007037805627894
136 0.009199254653033
137 0.011261209084170
138 0.007620327714561
139 0.006039187204924
140 0.002601405552455
141 0.001116813497340
142 0.004142868686730
143 0.003891097915756
144 0.002321031358507
145 0.004486715382543
146 0.003327461138164
147 0.006267729259673
148 0.005153759105785
149 0.003556424339346
150 0.005221557617188
151 0.004169186219474
152 0.004120676141036
153 0.001165252885008
154 0.000684267514712
155 0.001621369392641
156 0.001772758288261
157 0.000933021496815
158 0.002474434768097
159 0.004830414394163
160 0.003500366210938
161 0.001935307283579
162 0.000558923791956
163 0.000663710518117
164 0.001329747641959
165 0.004186641808712
166 0.005290387624718
167 0.002551963943207
168 0.000520978655134
169 0.001517933501294
170 0.000670130112592
171 0.000553421109741
172 0.000582317973292
173 0.002287583544075
174 0.003429719771462
175 0.004144635881696
176 0.006354592063210
177 0.006181102688030
178 0.005091463581900
179 0.003606359385911
180 0.002031453450521
181 0.004660927788329
182 0.005513117863582
183 0.006338817825734
184 0.004703024159307
185 0.006819771431588
186 0.007924890005460
187 0.009082325002089
188 0.006733671147773
189 0.005768952546296
190 0.008048127826891
191 0.009504707695926
192 0.009587605794271
193 0.011382582274126
194 0.010333346337387
195 0.011234381260016
196 0.012696246711575
197 0.013062762730013
198 0.011926978525489
199 0.013211044234846
200 0.013661499023437
201 0.011627349094372
202 0.013295541895498
203 0.015073729266087
204 0.013337079216452
205 0.013318168826220
206 0.013048931232934
207 0.012262316717618
208 0.010708148662861
209 0.010143225272877
210 0.008117239815848
211 0.005894231570275
212 0.007784573536999
213 0.009382221060739
214 0.007926441798700
215 0.006887462527253
216 0.004691229926215
217 0.004529258622552
218 0.005729045342962
219 0.007668273089683
220 0.008930275656960
221 0.008214613970588
222 0.007088188652520
223 0.006251176911085
224 0.007936750139509
225 0.006059299045139
226 0.006664309881430
227 0.005746580955741
228 0.005926567211486
229 0.007068883904203
230 0.006554512355639
231 0.005261573956642
232 0.005208508721713
233 0.007291474567462
234 0.007109943618122
235 0.008751272647939
236 0.010583134020789
237 0.012008216310654
238 0.011284195074514
239 0.012060827789945
240 0.012468465169271
241 0.014220178374611
242 0.016153761178009
243 0.015938590092914
244 0.016767408027024
245 0.016058972417092
246 0.017460892840130
247 0.017541923986273
248 0.019425422914567
249 0.020021247097766
250 0.021720336914062
251 0.022675533218688
252 0.023093813941592
253 0.021034693058300
254 0.021749060923659
255 0.021583826401654
256 0.020980834960938
257 0.022611269227262
258 0.020983910375787
259 0.021040515089587
260 0.020655001126803
261 0.020863733985872
262 0.021220549372316
263 0.020277944354503
264 0.020229917584044
265 0.020158415020637
266 0.018977459211995
267 0.019042625855864
268 0.020263899618120
269 0.021349144690985
270 0.020701655635127
271 0.021247328867332
272 0.019903743968290
273 0.018371582031250
274 0.016496533024920
275 0.016486261541193
276 0.016987012780231
277 0.016793261366200
278 0.017268887526697
279 0.016903784967238
280 0.015278407505580
281 0.015192106525245
282 0.014246406284630
283 0.013197935933359
284 0.013488984443772
285 0.012664473684211
286 0.011822360378879
287 0.010958149873421
288 0.012571546766493
289 0.012249481306769
290 0.012854530071390
291 0.012459666458602
292 0.012142442677119
293 0.010420971763012
294 0.011966938875159
295 0.013498390327066
296 0.013950244800464
297 0.014364634298716
298 0.012880978168257
299 0.013857736236674
300 0.015066935221354
301 0.014688181322674
302 0.014567899388193
303 0.013745097043884
304 0.014774523283306
305 0.016016625576332
306 0.014827254550909
307 0.013764222980710
308 0.014421537324980
309 0.013431289820995
310 0.013588296213458
311 0.014889732434435
312 0.014085427308694
313 0.015443844536242
314 0.015959041133808
315 0.015268961588542
316 0.015817569780953
317 0.014757800177445
318 0.016177291390281
319 0.016668815971542
320 0.017269897460938
321 0.017290822442076
322 0.016919343367867
323 0.018059698051712
324 0.018139309353299
325 0.016746168870192
326 0.016512350070696
327 0.015786547179616
328 0.016994197194169
329 0.016631801802337
330 0.015258511629972
331 0.015812069987963
332 0.014354476009507
333 0.014656502205330
334 0.015316809008935
335 0.015232097568797
336 0.015551612490699
337 0.014943470940746
338 0.014675975551267
339 0.014598115003918
340 0.015739710190717
341 0.015923911175770
342 0.016170300935444
343 0.014800313610377
344 0.015022100404251
345 0.013565549988678
346 0.012748674161172
347 0.011284380206457
348 0.012419777354975
349 0.012975129835244
350 0.013753749302455
351 0.014304745231259
352 0.014455621892756
353 0.013716311360216
354 0.012922297763286
355 0.014287470428037
356 0.015070025840502
357 0.015722451089811
358 0.014396710102785
359 0.013575561863466
360 0.012986585828993
361 0.013735953460440
362 0.012813083374698
363 0.011998284289988
364 0.011449289845896
365 0.011291336686644
366 0.010214133340804
367 0.009732945413615
368 0.009824669879416
369 0.009398587027862
370 0.010243431297508
371 0.009981551260318
372 0.009186611380628
373 0.009359487579591
374 0.010038406453668
375 0.010809488932292
376 0.009565962121842
377 0.010099618441230
378 0.011156596834697
379 0.010693633147469
380 0.010005428916530
381 0.010917763697507
382 0.011490826831438
383 0.011111824693008
384 0.011215209960938
385 0.011466524198458
386 0.010640435885889
387 0.011219823083212
388 0.010332402494765
389 0.009163432378695
390 0.009823764898838
391 0.010527627852262
392 0.011307385503029
393 0.012027342507554
394 0.011795973414697
395 0.011413187920293
396 0.011933451951152
397 0.012955442183564
398 0.013234124111770
399 0.013966113403626
400 0.014154663085937
401 0.012921340447709
402 0.012502262248329
403 0.013619851237787
404 0.013959374758277
405 0.013168824749228
406 0.012031367259660
407 0.011208499093021
408 0.011476105334712
409 0.010308673737393
410 0.010803892554306
411 0.010270909961413
412 0.010772556934542
413 0.011070861077482
414 0.011766737785892
415 0.012101065394390
416 0.012454693134014
417 0.012634570078312
418 0.012072184439481
419 0.011081959581034
420 0.011450631277902
421 0.012583100597536
422 0.012831195270846
423 0.013924889530696
424 0.013787899377211
425 0.013590734145221
426 0.014232725044931
427 0.013330892880013
428 0.012710286078052
429 0.011530380426865
430 0.010935441837754
431 0.011842732086536
432 0.012417828595197
433 0.011954010221204
434 0.013059906146493
435 0.012196999034662
436 0.011509186630949
437 0.011343041601116
438 0.011235973062036
439 0.010481571553780
440 0.010054432262074
441 0.011125145044997
442 0.011421376224017
443 0.012237135497496
444 0.011781022355363
445 0.010710366924157
446 0.011792854343295
447 0.011900012125105
448 0.012749808175223
449 0.012035344385092
450 0.011980862087674
451 0.011032950323067
452 0.010543823242188
453 0.010621734012831
454 0.010802886559575
455 0.011418470445570
456 0.010780468321683
457 0.011174241614811
458 0.010665760290154
459 0.010691989740775
460 0.011544799804687
461 0.011997843512744
462 0.010916771826806
463 0.011160271729043
464 0.010179716965248
465 0.009574118993616
466 0.010120899380533
467 0.011036058054236
468 0.011864686623598
469 0.011432184085155
470 0.010349419776430
471 0.010981339051718
472 0.010215888589115
473 0.010311586408232
474 0.010702849440434
475 0.009793701171875
476 0.008780471417082
477 0.007843209512579
478 0.007435243997614
479 0.006571855326037
480 0.006039428710938
481 0.005863562443152
482 0.006520441458928
483 0.006914348088930
484 0.005947522880617
485 0.006406300338273
486 0.006791165826743
487 0.006225523273069
488 0.005413868388192
489 0.005559191869568
490 0.006352950115593
491 0.006424043426203
492 0.006783462152248
493 0.005875717070233
494 0.006662160278814
495 0.007598876953125
496 0.007537349577873
497 0.008066588004590
498 0.008375359347546
499 0.008082632550257
500 0.008487182617188
501 0.009077304375624
502 0.009389140216478
503 0.008497537722881
504 0.007690671890501
505 0.008177864905631
506 0.008901784542521
507 0.009692731928778
508 0.010402529258428
509 0.010800704506385
510 0.011283784754136
511 0.010778438321765
512 0.011215209960938
513 0.010756583706445
514 0.010312388379286
515 0.011135242054763
516 0.011914038842963
517 0.011960765609889
518 0.012746626806075
519 0.012330453979257
520 0.011585176908053
521 0.010770654952915
522 0.011010005556304
523 0.010386304691234
524 0.010535436732168
525 0.009607049851190
526 0.010351550896358
527 0.011170649664226
528 0.010246045661695
529 0.011053824469813
530 0.011380695846846
531 0.011193744206833
532 0.011448795634105
533 0.012223292023335
534 0.012113706895921
535 0.012911331319363
536 0.012288335543960
537 0.012408776878201
538 0.011787556361089
539 0.011517016918628
540 0.012121695059317
541 0.013003985674677
542 0.012659896343836
543 0.011784337502158
544 0.011473711799173
545 0.011921341922305
546 0.012572403792497
547 0.013091259944156
548 0.013819228123574
549 0.014647770449112
550 0.014202270507813
551 0.015060674040806
552 0.014606641686481
553 0.014079254315947
554 0.014057310910001
555 0.013947962855434
556 0.014136554525911
557 0.014312251037926
558 0.013449774848090
559 0.013494938558671
560 0.013817051478795
561 0.014201607933656
562 0.014766652388929
563 0.014006701074739
564 0.014351378095911
565 0.014625751866704
566 0.014364559321858
567 0.014236530929646
568 0.014002195546325
569 0.013143153936456
570 0.013307645028098
571 0.013191557181069
572 0.013921670980387
573 0.014579413448953
574 0.013719246362560
575 0.013602188773777
576 0.012842814127604
577 0.013444341861189
578 0.013554926149573
579 0.013157925251646
580 0.012335310311153
581 0.011498771312930
582 0.011900334833414
583 0.011541350219098
584 0.011571387722068
585 0.012378451355502
586 0.012345610218243
587 0.012063801390146
588 0.012509404396524
589 0.013041420177207
590 0.012663191455906
591 0.013082333224276
592 0.013042965450802
593 0.012424925728552
594 0.011737707889441
595 0.011527591993829
596 0.012170881232959
597 0.011379120537584
598 0.011201022859401
599 0.011298687509782
600 0.011626993815104
601 0.010939510808808
602 0.010357574767053
603 0.009765068294595
604 0.009167096472734
605 0.009015043904959
606 0.009561519811649
607 0.009513792135374
608 0.010212948447780
609 0.010343003547055
610 0.010182315013448
611 0.009995430854260
612 0.009627896975848
613 0.009953011890803
614 0.009685653040386
615 0.009252086112170
616 0.009916825727983
617 0.009689157940387
618 0.009850412510745
619 0.010424932871188
620 0.009689331054688
621 0.009939000226449
622 0.010199102174814
623 0.010354570171424
624 0.010194827348758
625 0.009680175781250
626 0.009667393498527
627 0.009351374429949
628 0.008869049655404
629 0.008115055830187
630 0.008210052005828
631 0.007915950237099
632 0.007366132132615
633 0.007823202847305
634 0.008346076267375
635 0.008307942067544
636 0.008281299902958
637 0.008375901442308
638 0.008808721942961
639 0.008231197351208
640 0.008871459960938
641 0.009550145189401
642 0.009336334894008
643 0.008751520658170
644 0.008984962605541
645 0.008221482860950
646 0.007545258607658
647 0.008010368995725
648 0.007895198869116
649 0.007698423506115
650 0.008225895808293
651 0.007459086756552
652 0.007385721967264
653 0.006805653593989
654 0.006303746401352
655 0.005650970226026
656 0.005576156988377
657 0.006108810912529
658 0.005376334610681
659 0.005916473898070
660 0.006124138109612
661 0.006348948976456
662 0.006877196159248
663 0.007169329382895
664 0.007516332419522
665 0.006933501967810
666 0.007137859905804
667 0.007037481625398
668 0.007714277256035
669 0.007470922085202
670 0.007987907751283
671 0.007862665258825
672 0.007146199544271
673 0.007764705754318
674 0.007689750512913
675 0.007671847873264
676 0.007154746873844
677 0.007807631612352
678 0.008418485478314
679 0.009140846128843
680 0.008499504538143
681 0.007776201559058
682 0.007349500907831
683 0.007745164728793
684 0.008450067531296
685 0.008025276573905
686 0.008466047726289
687 0.007981257320665
688 0.008154935615007
689 0.007631520574429
690 0.007869156547215
691 0.007186470086944
692 0.006749059423546
693 0.007316292106331
694 0.006973090707740
695 0.007255850592963
696 0.007158827507633
697 0.006529010351282
698 0.006622445617501
699 0.005928050465509
700 0.005993739536830
701 0.006336511456847
702 0.005683877189614
703 0.005438423428054
704 0.005089499733665
705 0.005121845218307
706 0.005351425905741
707 0.005319684364502
708 0.005710666462526
709 0.005712167500441
710 0.006264055278939
711 0.006697342197939
712 0.007162201270628
713 0.006838933615664
714 0.007120640004048
715 0.006650740616805
716 0.006844206229269
717 0.007436244225070
718 0.007519522749282
719 0.008061351961818
720 0.008638170030382
721 0.008022186660237
722 0.007933598145884
723 0.008387268826180
724 0.008915769461110
725 0.009275828394397
726 0.009686220447551
727 0.009441013677248
728 0.009107820280306
729 0.009289316352666
730 0.009448451212008
731 0.009062468271738
732 0.008735448284879
733 0.009095487295362
734 0.008902609510708
735 0.009390238028805
736 0.009538070015285
737 0.009874361988000
738 0.009186411291603
739 0.008626233257041
740 0.008656682194890
741 0.008900589627615
742 0.009559939813742
743 0.009217006842509
744 0.009510163337954
745 0.009044263186871
746 0.008796466898982
747 0.008369292600088
748 0.008258431990516
749 0.007940600488151
750 0.007862101236979
751 0.007510453184816
752 0.007293376516789
753 0.007425133450573
754 0.007205103057133
755 0.006878662109375
756 0.007137480236235
757 0.006817715643577
758 0.006769547676348
759 0.006871762483016
760 0.006493016293174
761 0.006930818695590
762 0.007320894656845
763 0.006732465711521
764 0.006216398708483
765 0.006108940972222
766 0.006508092656148
767 0.005882253236534
768 0.005355834960938
769 0.005494354605210
770 0.005438034255783
771 0.005213756041768
772 0.005084181078975
773 0.005073734890443
774 0.004710234412851
775 0.004472144342238
776 0.004778203276015
777 0.004994906667270
778 0.004429873586620
779 0.004851981519275
780 0.004628734099559
781 0.004282307838508
782 0.004220440564558
783 0.003851645751018
784 0.004344395228795
785 0.004687266744626
786 0.004508253878916
787 0.004261797234852
788 0.004432871862111
789 0.004281743850998
790 0.003970491433445
791 0.003917785721693
792 0.003655481820155
793 0.003856298150812
794 0.003357586992778
795 0.003371482225334
796 0.002839898344260
797 0.003087750941029
798 0.002935003218495
799 0.003320152082193
800 0.003578491210937
801 0.003063873405314
802 0.002495325711600
803 0.002112173648136
804 0.001990398957362
805 0.002521623883929
806 0.002610691723693
807 0.002001037975817
808 0.002470866288289
809 0.002849640156636
810 0.003378974066840
811 0.002883817058897
812 0.002709073973407
813 0.003102958275677
814 0.003206932573998
815 0.003585983931653
816 0.003656424728094
817 0.003732109303282
818 0.003741537154741
819 0.004329583583734
820 0.004568928044017
821 0.004113070712165
822 0.003708405506292
823 0.004269160737678
824 0.004261942743098
825 0.003785437381629
826 0.003825153046024
827 0.003935955744124
828 0.003536279650702
829 0.003654746871230
830 0.003138935135072
831 0.002798032244190
832 0.002726628230168
833 0.002358243101928
834 0.002663628374644
835 0.002878556851141
836 0.002908880060369
837 0.003487535702285
838 0.002946257306738
839 0.002735415289314
840 0.002311052594866
841 0.002391112120058
842 0.002890435080630
843 0.003474623565855
844 0.003489779070090
845 0.002937488443047
846 0.003341314076814
847 0.002786971883763
848 0.002615010963296
849 0.003180226392263
850 0.003510490866268
851 0.003253905389340
852 0.003704447141835
853 0.003700605171087
854 0.003356183161501
855 0.002876397740771
856 0.003253259391428
857 0.002881186984940
858 0.002400324894832
859 0.002166463831945
860 0.002036941883176
861 0.001602651350174
862 0.002058874426751
863 0.001771469381427
864 0.001540007414641
865 0.002029965792088
866 0.002133869409011
867 0.002471008652772
868 0.002787576842418
869 0.002979836063363
870 0.003149378984824
871 0.002877656956354
872 0.002915548622061
873 0.003433839288910
874 0.002902487049932
875 0.002915073939732
876 0.003250261419984
877 0.003674914926596
878 0.003359123351634
879 0.003788172317175
880 0.003531438654119
881 0.002987674362408
882 0.002623023900315
883 0.002291583258865
884 0.001948084766509
885 0.001940849002472
886 0.001794922701661
887 0.002183056200236
888 0.001930168083122
889 0.002358401183739
890 0.002658012475860
891 0.002803815334333
892 0.003062500547401
893 0.002812128184491
894 0.003188404194194
895 0.003646526656337
896 0.003402709960938
897 0.003153483072917
898 0.003207846048946
899 0.003239581794442
900 0.002848510742188
901 0.003375291559725
902 0.003234152783311
903 0.003598133986971
904 0.003096994045561
905 0.003608627740849
906 0.003362087224493
907 0.003531997495607
908 0.003199707569005
909 0.003019662317794
910 0.003272658128005
911 0.003106796649887
912 0.002910145542078
913 0.003116670339027
914 0.003336265780994
915 0.003616516446807
916 0.003760125439240
917 0.003336899153149
918 0.003508357960155
919 0.003204212873623
920 0.003586346170177
921 0.003263094526160
922 0.003338431070787
923 0.003430830437856
924 0.003103875494623
925 0.002620354729730
926 0.003058711601900
927 0.002728969405256
928 0.002611357590248
929 0.002349492166476
930 0.002494204941616
931 0.002914772894149
932 0.003072910554419
933 0.003509161684419
934 0.003212742938219
935 0.002698439327791
936 0.002898778670873
937 0.003004401826808
938 0.003157333016141
939 0.003075190372487
940 0.003318819086602
941 0.003239209036265
942 0.003092545106406
943 0.003035026542202
944 0.003026154081700
945 0.003534549127811
946 0.003373611805051
947 0.003828940950452
948 0.003504950285964
949 0.003354553930124
950 0.002902414422286
951 0.002612221253532
952 0.002669262284992
953 0.002303516752197
954 0.002302605650960
955 0.001954307356430
956 0.002259896888892
957 0.002212827357628
958 0.001795981771513
959 0.001383856016603
960 0.001514689127604
961 0.001891708770974
962 0.002250338294650
963 0.002644001137802
964 0.002407153117706
965 0.002371200008096
966 0.002060505173962
967 0.002407669651225
968 0.002358554808562
969 0.002730331184694
970 0.002353974961743
971 0.002680675376947
972 0.002562032314976
973 0.002191745487539
974 0.001801320414768
975 0.001461557241587
976 0.001757762471183
977 0.002165842202693
978 0.001778912690520
979 0.002016498070815
980 0.002405470244738
981 0.002128702177306
982 0.002240493681183
983 0.002599209759267
984 0.002478746863885
985 0.002707048600095
986 0.002760231374002
987 0.002631530452523
988 0.002640882484343
989 0.002621611160263
990 0.002540388010969
991 0.002679849849820
992 0.003166444839970
993 0.002753712019291
994 0.002430875536422
995 0.002422052891410
996 0.001941052785360
997 0.002089887827545
998 0.001890224540879
999 0.001666308642627
1000 0.001509155273438
1001 0.001755751572646
1002 0.002007368320001
1003 0.002342490351212
1004 0.002009114421221
1005 0.001988349269279
1006 0.001493086160770
1007 0.001508695721745
1008 0.001220945328001
1009 0.001162692505730
1010 0.000687491539681
1011 0.000349699448643
1012 0.000541777478848
1013 0.000764355372347
1014 0.000541702059834
1015 0.000154752684344
1016 0.000006608136996
1017 0.000411882278607
1018 0.000641198898345
1019 0.000352823933161
1020 0.000209972905178
1021 0.000147775618266
1022 0.000211025170851
1023 0.000504002426610
1024 0.000473022460938
1025 0.000909453601372
1026 0.001046788622761
1027 0.001270654487053
1028 0.001655964535962
1029 0.001613487191752
1030 0.001639505034511
1031 0.001486244534660
1032 0.001348332841267
1033 0.001113817744888
1034 0.001107988781809
1035 0.001089226911609
1036 0.000675923115498
1037 0.000622240763621
1038 0.000150147660390
1039 0.000139311716118
1040 0.000386634239784
1041 0.000491388707523
1042 0.000052981092925
1043 0.000226087561047
1044 0.000100146764996
1045 0.000231174304725
1046 0.000186752406862
1047 0.000277339785921
1048 0.000194403961415
1049 0.000431435351376
1050 0.000009387788318
1051 0.000145561007746
1052 0.000023381338373
1053 0.000107579534663
1054 0.000168309944631
1055 0.000088428660027
1056 0.000488743637547
1057 0.000557054070335
1058 0.000814773184591
1059 0.000725937970299
1060 0.000351297630454
1061 0.000017142767731
1062 0.000373998379752
1063 0.000064681188632
1064 0.000065738993480
1065 0.000164422406837
1066 0.000294382979230
1067 0.000059576490379
1068 0.000431075078271
1069 0.000866710637862
1070 0.001200082368940
1071 0.001585916756025
1072 0.001651365365555
1073 0.001741691937762
1074 0.002027657222925
1075 0.001668757948765
1076 0.001488043916270
1077 0.001401938435759
1078 0.000958925717837
1079 0.000968558353003
1080 0.000860708731192
1081 0.001140132201810
1082 0.001170244763387
1083 0.000943959694930
1084 0.001021325368283
1085 0.001193026353687
1086 0.001532426416106
1087 0.001077211550210
1088 0.000790764303768
1089 0.000760837691546
1090 0.000359463472979
1091 0.000743582749126
1092 0.001182081061842
1093 0.000770952760464
1094 0.000903169677288
1095 0.001039799381065
1096 0.000798469042256
1097 0.001111707800393
1098 0.001245022688624
1099 0.001113044662406
1100 0.001331620649858
1101 0.001559528624546
1102 0.001649527714170
1103 0.001822782016730
1104 0.002070993616961
1105 0.001780956147483
1106 0.001812264026828
1107 0.002096450102685
1108 0.001752226791657
1109 0.001334628078505
1110 0.001771036783854
1111 0.001664512764753
1112 0.001264942635735
1113 0.001470163076286
1114 0.001899732935578
1115 0.001942915980591
1116 0.001822030672463
1117 0.001516862970009
1118 0.001113400263095
1119 0.001534687822903
1120 0.001382446289062
1121 0.001594155521716
1122 0.001350579627270
1123 0.001622866650086
1124 0.001826547643044
1125 0.001708658854167
1126 0.001302905446894
1127 0.001488158421487
1128 0.001794368662733
1129 0.001756179850116
1130 0.001782307582619
1131 0.002079269719482
1132 0.002043221948846
1133 0.002406282753199
1134 0.002156279494943
1135 0.002459286593130
1136 0.002769577671105
1137 0.002450156232822
1138 0.002130733013991
1139 0.002472674040757
1140 0.002741709926672
1141 0.002339235217189
1142 0.002619728315524
1143 0.002731603587393
1144 0.002821168699465
1145 0.002409476067822
1146 0.002233987911417
1147 0.001987048201490
1148 0.001570910942264
1149 0.001142722612054
1150 0.000799215565557
1151 0.000636361765924
1152 0.000503540039062
1153 0.000402683810576
1154 0.000201590552900
1155 0.000171030548228
1156 0.000294985655682
1157 0.000673655095344
1158 0.000829166287173
1159 0.001135048524792
1160 0.001278686523438
1161 0.001322428385417
1162 0.001501953335104
1163 0.001333772982387
1164 0.001714070638021
1165 0.001755926435086
1166 0.001572545151359
1167 0.001678832903211
1168 0.001412796647581
1169 0.001435031026117
1170 0.001334244165665
1171 0.001468205635208
1172 0.001575613184594
1173 0.001639571844363
1174 0.001608723473102
1175 0.001817938622008
1176 0.002217714478369
1177 0.002038947585891
1178 0.002039263325353
1179 0.002238602836421
1180 0.002188834497484
1181 0.002412878386960
1182 0.002802737473231
1183 0.003198360852639
1184 0.003415906751478
1185 0.003493425715322
1186 0.003757444642245
1187 0.003579452244695
1188 0.003275502009022
1189 0.003584801599296
1190 0.003608126600249
1191 0.003223717062539
1192 0.003059438411021
1193 0.002795185047543
1194 0.002437853533619
1195 0.002079715489344
1196 0.002056466297162
1197 0.002171158690998
1198 0.002519738097024
1199 0.002703032760047
1200 0.002585652669271
1201 0.002849442277919
1202 0.002456868151063
1203 0.002731640340880
1204 0.002470960648749
1205 0.002735894547458
1206 0.003047481302796
1207 0.003252384972750
1208 0.003393817421616
1209 0.003175998937009
1210 0.003116450033897
1211 0.002963682721214
1212 0.002578634633483
1213 0.002302932424773
1214 0.002018961521507
1215 0.002330061045203
1216 0.002734535618832
1217 0.002485590286694
1218 0.002094863866546
1219 0.001912493310667
1220 0.002129376520876
1221 0.002069196771345
1222 0.002073172461577
1223 0.002366821588499
1224 0.002015257193372
1225 0.001971609933036
1226 0.002024938387350
1227 0.001997222527315
1228 0.001693924397521
1229 0.001573107900224
1230 0.001715410434134
1231 0.001668500861533
1232 0.001795186624899
1233 0.001985449377154
1234 0.002229736921660
1235 0.002335471952492
1236 0.002637301448094
1237 0.002790249058963
1238 0.002720624834347
1239 0.002620201326359
1240 0.002619097309728
1241 0.002869439259544
1242 0.002854916976462
1243 0.002872065009365
1244 0.003073983637083
1245 0.002826148343373
1246 0.002805339390738
1247 0.002734272214252
1248 0.002613947941707
1249 0.002555218002527
1250 0.002442407226563
1251 0.002753876000762
1252 0.002764083326053
1253 0.002850677904280
1254 0.002934141022167
1255 0.002773743891621
1256 0.003139131388087
1257 0.003004803957215
1258 0.002750875839937
1259 0.002738025474397
1260 0.003061106848338
1261 0.003211001003668
1262 0.003254764998205
1263 0.003482314205698
1264 0.003146207785305
1265 0.002968528053977
1266 0.003124869830236
1267 0.002773245771569
1268 0.002918472049364
1269 0.002669482460353
1270 0.002336420975332
1271 0.002437828658229
1272 0.002399276637431
1273 0.002013680697049
1274 0.002140470352053
1275 0.002025242225797
1276 0.002099542408528
1277 0.002368756729640
1278 0.002696507413622
1279 0.002751759759517
1280 0.003012084960938
1281 0.002840922085407
1282 0.003089488203552
1283 0.002798221674359
1284 0.002710027486736
1285 0.002644793439932
1286 0.002901756559523
1287 0.002796211627999
1288 0.003163876740829
1289 0.003429096183451
1290 0.003755720271621
1291 0.003466309917518
1292 0.003707507815523
1293 0.003825247426044
1294 0.003872737265444
1295 0.004072317469534
1296 0.004165272653839
1297 0.004119943634951
1298 0.004288848265661
1299 0.003983330965226
1300 0.004075223482572
1301 0.003923795848146
1302 0.004203245570216
1303 0.004207046052079
1304 0.004227246243530
1305 0.004480541711566
1306 0.004834886349361
1307 0.005069350320689
1308 0.005114867417455
1309 0.004822383498854
1310 0.004811503868977
1311 0.004699171635143
1312 0.004653186332889
1313 0.004850133356935
1314 0.004775257778313
1315 0.005145542159280
1316 0.005056966764224
1317 0.005320022571422
1318 0.005075990158799
1319 0.004736656669056
1320 0.004442157167377
1321 0.004802741397970
1322 0.005019218225522
1323 0.004938842127563
1324 0.005195963418736
1325 0.004999447228774
1326 0.005144329272424
1327 0.005034204524715
1328 0.004876378070877
1329 0.004675090895998
1330 0.004950387137277
1331 0.005158708831764
1332 0.005293700072142
1333 0.004953783611919
1334 0.005160604817220
1335 0.004791259765625
1336 0.004961847545144
1337 0.004795847673780
1338 0.004714509653225
1339 0.005003993951001
1340 0.005117706754314
1341 0.004758648513236
1342 0.004520308243003
1343 0.004715545267998
1344 0.004472278413318
1345 0.004742363571677
1346 0.004453865946845
1347 0.004434972138607
1348 0.004441032070081
1349 0.004741015480217
1350 0.004855482313368
1351 0.004757828221861
1352 0.004666029348881
1353 0.004841084843288
1354 0.005045926025030
1355 0.004888870971229
1356 0.004517006663095
1357 0.004483227880895
1358 0.004814204130327
1359 0.004870035088703
1360 0.004565968232996
1361 0.004676028440140
1362 0.004410686296863
1363 0.004100796761796
1364 0.004370144035809
1365 0.004310021033654
1366 0.004540349868171
1367 0.004273688784462
1368 0.003948813990543
1369 0.003840934803575
1370 0.004166362233406
1371 0.004235087477491
1372 0.004505435509862
1373 0.004538561771668
1374 0.004174444873260
1375 0.004390247691761
1376 0.004049966501635
1377 0.004117634647898
1378 0.004442212197535
1379 0.004505204497428
1380 0.004691524782043
1381 0.004754554698814
1382 0.004577349650359
1383 0.004439082942143
1384 0.004631174782108
1385 0.004358703392938
1386 0.004643009510563
1387 0.004863736263349
1388 0.004702389412036
1389 0.004553249021328
1390 0.004431832951607
1391 0.004376431320487
1392 0.004022883272719
1393 0.004160950189003
1394 0.004187191233915
1395 0.003830667037690
1396 0.003600855611457
1397 0.003539165259261
1398 0.003881429909637
1399 0.004159530628742
1400 0.004165126255580
1401 0.003844169273622
1402 0.003933001857001
1403 0.004236287927933
1404 0.004032363239517
1405 0.004172806383452
1406 0.004488883961315
1407 0.004457323281750
1408 0.004112937233665
1409 0.004430615199721
1410 0.004719207980109
1411 0.004594398676969
1412 0.004333107059468
1413 0.004612668220320
1414 0.004952718041405
1415 0.005216909887091
1416 0.005061348952816
1417 0.004802308119597
1418 0.004544773290120
1419 0.004861757736798
1420 0.004989452093420
1421 0.005169905381334
1422 0.005407212655756
1423 0.005683839949436
1424 0.005369550726387
1425 0.005269882469846
1426 0.004959876875055
1427 0.004996093236740
1428 0.005076304203322
1429 0.004749124579033
1430 0.004585042033162
1431 0.004421721964262
1432 0.004131722050672
1433 0.004043525860847
1434 0.003993354914411
1435 0.004259211842607
1436 0.004385562992362
1437 0.004367008089770
1438 0.004028723535020
1439 0.004195668616172
1440 0.003934393988715
1441 0.004230909592405
1442 0.004572155406174
1443 0.004701293183959
1444 0.004791302033739
1445 0.005017723426687
1446 0.005246638592183
1447 0.004945302882850
1448 0.005235113491669
1449 0.005420418917680
1450 0.005420700599407
1451 0.005570583225200
1452 0.005371472067084
1453 0.005608849417154
1454 0.005587424339914
1455 0.005924290398142
1456 0.005734118786487
1457 0.005836795762376
1458 0.005977280018915
1459 0.006131816024728
1460 0.005909164637735
1461 0.005756354674666
1462 0.005877723119817
1463 0.005719094266650
1464 0.005914156554175
1465 0.005791340590337
1466 0.005692444263994
1467 0.005665764161821
1468 0.005511000630641
1469 0.005765308564500
1470 0.005565638120483
1471 0.005666166159022
1472 0.005568131156590
1473 0.005588591058321
1474 0.005385524382261
1475 0.005502702098782
1476 0.005335489908854
1477 0.005257122889514
1478 0.005464401554836
1479 0.005720776911923
1480 0.005844776050465
1481 0.005526504671147
1482 0.005858160062679
1483 0.005595582124758
1484 0.005842306543232
1485 0.005881569602273
1486 0.005696785722735
1487 0.005839159926393
1488 0.005851991714970
1489 0.005896635548711
1490 0.005881351752569
1491 0.005898366271850
1492 0.006140783069600
1493 0.005904098684486
1494 0.005713589220162
1495 0.005978485413618
1496 0.006053659367689
1497 0.006316302853102
1498 0.006255023788228
1499 0.006365999370674
1500 0.006692586263021
1501 0.006958251790473
1502 0.006974648222942
1503 0.006762171457866
1504 0.006903790413065
1505 0.007075414309074
1506 0.007098092817532
1507 0.006954382964136
1508 0.006623326309164
1509 0.006666786391029
1510 0.006935352047548
1511 0.006814993271995
1512 0.006862660564443
1513 0.007135869017990
1514 0.007205958095535
1515 0.006960284041099
1516 0.007055961991363
1517 0.007316976608850
1518 0.007057300512341
1519 0.006765680771426
1520 0.007054539730674
1521 0.006796330860145
1522 0.006713406015163
1523 0.007008442969519
1524 0.007121368968893
1525 0.007213675076844
1526 0.007460827908697
1527 0.007229788130065
1528 0.007271252377495
1529 0.007003235302383
1530 0.007059593450010
1531 0.007057374322593
1532 0.007274059962977
1533 0.007306381992009
1534 0.007611867812653
1535 0.007507105526008
1536 0.007308959960938
1537 0.007382077060121
1538 0.007052953593598
1539 0.007066455268488
1540 0.007309752625304
1541 0.007227021946991
1542 0.006987436890757
1543 0.006911944663146
1544 0.006968048570070
1545 0.006918858401598
1546 0.006820244437510
1547 0.006995903266655
1548 0.007028387498486
1549 0.007260701208441
1550 0.007010832755796
1551 0.006707000240520
1552 0.006697349941608
1553 0.006552220311997
1554 0.006485613770160
1555 0.006163667635902
1556 0.006234019458447
1557 0.006402144925136
1558 0.006508725598474
1559 0.006204738457896
1560 0.006295463366386
1561 0.006560946946569
1562 0.006810870884933
1563 0.007100637952105
1564 0.007292257245544
1565 0.007500499201278
1566 0.007524609717982
1567 0.007284314144015
1568 0.007478363659917
1569 0.007218136614185
1570 0.007268412401722
1571 0.007193853717029
1572 0.007431496190661
1573 0.007625397950771
1574 0.007613166314674
1575 0.007342258029514
1576 0.007485559143996
1577 0.007523115178642
1578 0.007341334121762
1579 0.007049869781359
1580 0.007100822352156
1581 0.007068342079775
1582 0.006906984428087
1583 0.006986289105683
1584 0.006768891305635
1585 0.006495411388506
1586 0.006523161186998
1587 0.006632890803452
1588 0.006740272195273
1589 0.006744288738003
1590 0.006793846274322
1591 0.006811903228856
1592 0.007027400797935
1593 0.006940727928339
1594 0.006826996653711
1595 0.006534798840370
1596 0.006781059398986
1597 0.006923687480432
1598 0.006756397003823
1599 0.006777288020589
1600 0.006801147460938
1601 0.006611811526487
1602 0.006480413429746
1603 0.006711830143920
1604 0.006398912082586
1605 0.006625489802375
1606 0.006910255213603
1607 0.006841463707364
1608 0.007146806859258
1609 0.007035126813529
1610 0.006851802849622
1611 0.007121090264442
1612 0.007267310660767
1613 0.007367961242638
1614 0.007368747186484
1615 0.007583457545230
1616 0.007862506526532
1617 0.007851642521355
1618 0.008046398940870
1619 0.008338197798844
1620 0.008557543342496
1621 0.008788685972201
1622 0.008859486232997
1623 0.008954737411189
1624 0.008750351778979
1625 0.008709397536058
1626 0.008937352404530
1627 0.009083565569539
1628 0.008842936897747
1629 0.008690746815531
1630 0.008414819635497
1631 0.008455240236770
1632 0.008390838024663
1633 0.008650957844554
1634 0.008419881981764
1635 0.008714271102112
1636 0.008558464516637
1637 0.008585413127100
1638 0.008619576292306
1639 0.008514739450265
1640 0.008440938810023
1641 0.008565713253637
1642 0.008455803856054
1643 0.008425842025116
1644 0.008130632757851
1645 0.008130847501900
1646 0.008363132778089
1647 0.008479977059379
1648 0.008705065088365
1649 0.008719366199685
1650 0.008544644442472
1651 0.008784940501259
1652 0.008583013428326
1653 0.008806712109611
1654 0.008974732626162
1655 0.008918785256562
1656 0.008991407311481
1657 0.008768987569308
1658 0.008798725786198
1659 0.008538980236824
1660 0.008509808276073
1661 0.008451880926400
1662 0.008147917929969
1663 0.007982778176441
1664 0.007909921499399
1665 0.007777638478322
1666 0.007527492198051
1667 0.007659179833955
1668 0.007731229567128
1669 0.007942469410014
1670 0.007812043150028
1671 0.008048075248494
1672 0.008283770255495
1673 0.008412672956048
1674 0.008449048551607
1675 0.008505367449860
1676 0.008457557113757
1677 0.008734178173450
1678 0.008667774223173
1679 0.008467546455061
1680 0.008715674990699
1681 0.008531596531547
1682 0.008670929354238
1683 0.008639085739054
1684 0.008700300565525
1685 0.008694231616283
1686 0.008436879512113
1687 0.008606336918115
1688 0.008427262871186
1689 0.008400771941145
1690 0.008314017572347
1691 0.008033486247274
1692 0.008281626599900
1693 0.008092836311282
1694 0.007835757493128
1695 0.007841577220455
1696 0.007834092626032
1697 0.007692263979173
1698 0.007496918048117
1699 0.007250807718925
1700 0.007027049345129
1701 0.007195115579990
1702 0.006979793275145
1703 0.006736500012616
1704 0.006757064604423
1705 0.006670802499542
1706 0.006922177385194
1707 0.006842748980530
1708 0.007107272360308
1709 0.006846365976082
1710 0.006567008035225
1711 0.006428257615019
1712 0.006188651111638
1713 0.006179943184928
1714 0.006112364654363
1715 0.006184534011707
1716 0.005990515222083
1717 0.006128896581064
1718 0.006118277037935
1719 0.006287633020424
1720 0.006521464503089
1721 0.006466499253250
1722 0.006341081324632
1723 0.006404139451765
1724 0.006412408744653
1725 0.006460880887681
1726 0.006322107060898
1727 0.006276106931049
1728 0.006404735423900
1729 0.006615977951941
1730 0.006546232190435
1731 0.006297886681515
1732 0.006439103265282
1733 0.006349135463250
1734 0.006124195068078
1735 0.006355870491490
1736 0.006240704092562
1737 0.006306439071945
1738 0.006260651302008
1739 0.006409375814270
1740 0.006471164747216
1741 0.006625452101881
1742 0.006785816494825
1743 0.007063532450113
1744 0.006997624668506
1745 0.006941043886551
1746 0.006743947801448
1747 0.006699839932071
1748 0.006901826138355
1749 0.006962893416774
1750 0.006688040597098
1751 0.006641485975648
1752 0.006772185025150
1753 0.007045086492352
1754 0.006952248794051
1755 0.007131218978143
1756 0.006978202246316
1757 0.007040476486910
1758 0.007085546291729
1759 0.007343632718119
1760 0.007104769620028
1761 0.006874236107414
1762 0.006995713128946
1763 0.007098928744727
1764 0.007094852508061
1765 0.007109610149611
1766 0.006945271994222
1767 0.006855608989238
1768 0.006679828350361
1769 0.006679537068524
1770 0.006417536331435
1771 0.006573961926745
1772 0.006510542962137
1773 0.006289134103567
1774 0.006380186543255
1775 0.006285056530590
1776 0.006457766971073
1777 0.006707512936568
1778 0.006456424468548
1779 0.006652060085766
1780 0.006744556212693
1781 0.006521131803586
1782 0.006623564612049
1783 0.006719737927431
1784 0.006821226111442
1785 0.006640043712798
1786 0.006649158302640
1787 0.006730551951813
1788 0.006492563542104
1789 0.006359119532560
1790 0.006093337415983
1791 0.005877896835523
1792 0.005913870675223
1793 0.006164686944454
1794 0.005983367545682
1795 0.006217510255266
1796 0.006143854561787
1797 0.006051820851593
1798 0.006016460753919
1799 0.005965278969002
1800 0.005801255967882
1801 0.005529798712087
1802 0.005684415455267
1803 0.005640775709105
1804 0.005526489799144
1805 0.005289533197715
1806 0.005383310919980
1807 0.005274744672411
1808 0.005193794723106
1809 0.004979341843301
1810 0.004746056656811
1811 0.004966681073345
1812 0.005023442619947
1813 0.004871164312431
1814 0.004855878297917
1815 0.004884073556947
1816 0.005027266851081
1817 0.004752982627184
1818 0.004930032492995
1819 0.004711903996229
1820 0.004461502242874
1821 0.004483285282812
1822 0.004535679236202
1823 0.004755033743100
1824 0.004576298228481
1825 0.004538239779538
1826 0.004681339660845
1827 0.004836727115191
1828 0.004764581926542
1829 0.004911444629066
1830 0.005068903021474
1831 0.004850061521837
1832 0.004765739607499
1833 0.004573640963840
1834 0.004653131948823
1835 0.004757166558455
1836 0.004661842628762
1837 0.004750043591794
1838 0.004914210073577
1839 0.005132246821260
1840 0.004873922596807
1841 0.005093567789669
1842 0.004944328117578
1843 0.004984565358154
1844 0.005073696310246
1845 0.005327889460535
1846 0.005265538638230
1847 0.005023900534439
1848 0.005273926309693
1849 0.005246679740316
1850 0.005111595360008
1851 0.004940929443755
1852 0.004744824271480
1853 0.004712849517674
1854 0.004599347983878
1855 0.004496382638772
1856 0.004716018150593
1857 0.004734809641307
1858 0.004719236310255
1859 0.004596137692686
1860 0.004592042328209
1861 0.004767432768841
1862 0.004640622246534
1863 0.004595082355198
1864 0.004654323594253
1865 0.004873485411779
1866 0.004946742410445
1867 0.004991822531342
1868 0.004981128766144
1869 0.005182077439473
1870 0.004945789683949
1871 0.004744088821778
1872 0.004915547167134
1873 0.004820148001618
1874 0.004818992655458
1875 0.005018505859375
1876 0.005205524501516
1877 0.005119734262620
1878 0.005078836751822
1879 0.004909497109292
1880 0.004797428212267
1881 0.004809836388141
1882 0.004971495090205
1883 0.005178766559554
1884 0.005101457016736
1885 0.005349075762599
1886 0.005141370496214
1887 0.005057977252873
1888 0.005198591846531
1889 0.005073607946086
1890 0.004970796776827
1891 0.004909037282894
1892 0.005036464957304
1893 0.005040994473884
1894 0.005233281265468
1895 0.005156762115559
1896 0.004892791876813
1897 0.004784326146135
1898 0.004917623119937
1899 0.004708433226575
1900 0.004845581054687
1901 0.004958456281234
1902 0.004927016457799
1903 0.005173635557959
1904 0.005300441709887
1905 0.005228486148704
1906 0.005435667408226
1907 0.005592078142411
1908 0.005414822816349
1909 0.005327803230585
1910 0.005372867284645
1911 0.005600207142653
1912 0.005726131934002
1913 0.005580106457054
1914 0.005570797337260
1915 0.005424973609865
1916 0.005527727290335
1917 0.005328302278952
1918 0.005095051277169
1919 0.004835469701627
1920 0.004965209960938
1921 0.005026964766479
1922 0.004905057623285
1923 0.004707753007386
1924 0.004507814276491
1925 0.004672344257305
1926 0.004719148915133
1927 0.004937592107023
1928 0.004945050631321
1929 0.004843925923001
1930 0.005099961671187
1931 0.004968486135948
1932 0.004795398277772
1933 0.004629072967861
1934 0.004860389812040
1935 0.004829931135942
1936 0.004978526722301
1937 0.004736006721493
1938 0.004693612963792
1939 0.004615645976703
1940 0.004666829846569
1941 0.004901113613311
1942 0.005093999797849
1943 0.004997579326227
1944 0.004904225039384
1945 0.004927215968429
1946 0.004817527465193
1947 0.004651916535255
1948 0.004480162195601
1949 0.004682890264238
1950 0.004489354842748
1951 0.004379999814799
1952 0.004563378506020
1953 0.004613826534898
1954 0.004537607776716
1955 0.004529042743966
1956 0.004587590816318
1957 0.004714958023282
1958 0.004684666447547
1959 0.004486302078348
1960 0.004310016242825
1961 0.004535058394553
1962 0.004464043511285
1963 0.004217131309101
1964 0.004317242841857
1965 0.004199094505407
1966 0.004239599435521
1967 0.004259102709353
1968 0.004492410799352
1969 0.004402373756110
1970 0.004181884145979
1971 0.004194130938650
1972 0.004022346790616
1973 0.003870550775310
1974 0.003763509980330
1975 0.003670808816258
1976 0.003428903185887
1977 0.003426088247265
1978 0.003282892209816
1979 0.003414344883977
1980 0.003545371932213
1981 0.003443109935008
1982 0.003351375144858
1983 0.003198559213274
1984 0.002993183751260
1985 0.002844361274008
1986 0.002875982094387
1987 0.002862002061250
1988 0.002731323242188
1989 0.002635159883264
1990 0.002594132159823
1991 0.002809563813528
1992 0.003020811272433
1993 0.002871959818349
1994 0.003049263145883
1995 0.003004291123316
1996 0.002930696598275
1997 0.003172605588070
1998 0.003091271813806
1999 0.002971807559053
2000 0.002849975585937
2001 0.002720716057987
2002 0.002890435370294
2003 0.002803183530368
2004 0.002977413093734
2005 0.002763781464308
2006 0.002927238182912
2007 0.003149301541285
2008 0.003323437208198
2009 0.003108296600843
2010 0.002994260266053
2011 0.003226228521452
2012 0.003214993486348
2013 0.003127619690760
2014 0.003196057165273
2015 0.003310846749961
2016 0.003286452520461
2017 0.003253624707564
2018 0.003450527890586
2019 0.003244461429893
2020 0.003486467115950
2021 0.003481812550254
2022 0.003490761172996
2023 0.003425737683630
2024 0.003578819305058
2025 0.003375620900849
2026 0.003360443265864
2027 0.003325181461404
2028 0.003144243530033
2029 0.003056390347770
2030 0.002918187033367
2031 0.002971384338649
2032 0.003058606245386
2033 0.003197875916518
2034 0.003314278001513
2035 0.003436939136402
2036 0.003515547057266
2037 0.003548069215605
2038 0.003543258532224
2039 0.003395144175875
2040 0.003542971143536
2041 0.003428226005558
2042 0.003403337648636
2043 0.003548777576060
2044 0.003460639610216
2045 0.003693029874694
2046 0.003488535056016
2047 0.003679149722727
2048 0.003890991210938
2049 0.003787366979701
2050 0.003717502500953
2051 0.003630222895272
2052 0.003806874533611
2053 0.003708428309943
2054 0.003826954812827
2055 0.003794619520795
2056 0.003952263858068
2057 0.004000339684234
2058 0.003859346647420
2059 0.003651274819580
2060 0.003427005508571
2061 0.003322847487567
2062 0.003189974913426
2063 0.003228487577822
2064 0.003094222194465
2065 0.003312184331492
2066 0.003437599854225
2067 0.003582397519994
2068 0.003629024070282
2069 0.003719044054344
2070 0.003611851199238
2071 0.003407049616542
2072 0.003589821598245
2073 0.003391558458077
2074 0.003513509075345
2075 0.003394510659827
2076 0.003292282192693
2077 0.003172770221473
2078 0.003245657516054
2079 0.003329645388972
2080 0.003350125826322
2081 0.003478769268456
2082 0.003691087882182
2083 0.003539057460131
2084 0.003712571742667
2085 0.003823171931205
2086 0.003628504927755
2087 0.003448427837319
2088 0.003670703405621
2089 0.003783157078372
2090 0.003580412796240
2091 0.003504092245225
2092 0.003297794845318
2093 0.003476641819458
2094 0.003408685226950
2095 0.003253989572457
2096 0.003441847007693
2097 0.003557124249300
2098 0.003750796540790
2099 0.003738308816140
2100 0.003813447498140
2101 0.003780693624316
2102 0.003633755031480
2103 0.003671208053785
2104 0.003471867666498
2105 0.003489616194700
2106 0.003338399888896
2107 0.003259761106023
2108 0.003203158586708
2109 0.003038734663940
2110 0.002965715598156
2111 0.002768685952118
2112 0.002662889885180
2113 0.002839362401281
2114 0.002911570394727
2115 0.002992612870309
2116 0.003222373573000
2117 0.003358749944645
2118 0.003391788183686
2119 0.003363400036684
2120 0.003235496664947
2121 0.003233654664295
2122 0.003030084867055
2123 0.002905034816776
2124 0.002775231772672
2125 0.002581686580882
2126 0.002635980930849
2127 0.002588197665984
2128 0.002677630661125
2129 0.002517693028197
2130 0.002367376049919
2131 0.002496412358671
2132 0.002658493299645
2133 0.002800291824162
2134 0.002673863247386
2135 0.002771124739278
2136 0.002728351493007
2137 0.002780455543329
2138 0.002890819695868
2139 0.002676144778701
2140 0.002722424658659
2141 0.002806533891873
2142 0.002650370450915
2143 0.002472379526912
2144 0.002302255203475
2145 0.002350152289117
2146 0.002344606084904
2147 0.002477012460155
2148 0.002353973672821
2149 0.002341034801797
2150 0.002188280682231
2151 0.002133180129700
2152 0.002188813730687
2153 0.002366650231871
2154 0.002220458417660
2155 0.002338269581098
2156 0.002340652947081
2157 0.002539085137054
2158 0.002769533852055
2159 0.002651382453357
2160 0.002702840169271
2161 0.002564691051958
2162 0.002600416665161
2163 0.002692671875903
2164 0.002534115380589
2165 0.002671620146507
2166 0.002622412402434
2167 0.002604246469594
2168 0.002770737088474
2169 0.002682929876599
2170 0.002643652006228
2171 0.002584744685809
2172 0.002788199465139
2173 0.002940697983778
2174 0.002761167019140
2175 0.002888814991918
2176 0.002713371725643
2177 0.002923211100784
2178 0.002899099863156
2179 0.002908749556312
2180 0.002958889182554
2181 0.003086906898355
2182 0.003268583666612
2183 0.003472810920859
2184 0.003304785424536
2185 0.003484423045981
2186 0.003450203465412
2187 0.003631368531557
2188 0.003818351564285
2189 0.003768286567782
2190 0.003769617646797
2191 0.003868015973549
2192 0.003939106516594
2193 0.004106555526462
2194 0.003923400489439
2195 0.003808607653225
2196 0.003850634632215
2197 0.003812627570977
2198 0.003894684421029
2199 0.004048068613397
2200 0.004019276012074
2201 0.004079039667694
2202 0.003950557310293
2203 0.003871964477595
2204 0.003830399141121
2205 0.003878791099773
2206 0.003732869761269
2207 0.003533885767409
2208 0.003409786500793
2209 0.003606987085856
2210 0.003621359432445
2211 0.003794407423995
2212 0.003616940048245
2213 0.003712360642369
2214 0.003823643023621
2215 0.003659174727532
2216 0.003782141509900
2217 0.003794668814488
2218 0.003925911685816
2219 0.003999948179254
2220 0.003972481392525
2221 0.003963080573221
2222 0.003798614419547
2223 0.003939073899819
2224 0.004085952429463
2225 0.003932721427317
2226 0.004043140394240
2227 0.004008436609824
2228 0.003852967513956
2229 0.003925472377608
2230 0.003743110964651
2231 0.003895676226853
2232 0.003733918658294
2233 0.003769775062626
2234 0.003611360582370
2235 0.003794024508005
2236 0.003570966089348
2237 0.003351176589741
2238 0.003294412103266
2239 0.003504532903047
2240 0.003486415318080
2241 0.003504278616201
2242 0.003612140584056
2243 0.003777063908026
2244 0.003880220301011
2245 0.003777111027979
2246 0.003875909059682
2247 0.004076656788044
2248 0.004092993685359
2249 0.004221141470862
2250 0.004124199761285
2251 0.003927684158603
2252 0.003747564014279
2253 0.003611395743176
2254 0.003785195134864
2255 0.003800243707560
2256 0.003632998635583
2257 0.003445362907413
2258 0.003453662693237
2259 0.003331090244059
2260 0.003481893623825
2261 0.003496091590419
2262 0.003554380435421
2263 0.003540457111515
2264 0.003746491017695
2265 0.003593421245516
2266 0.003461024662297
2267 0.003290958009105
2268 0.003387747197765
2269 0.003182758786911
2270 0.003267545321964
2271 0.003269600374801
2272 0.003409587161642
2273 0.003528197221802
2274 0.003342077411259
2275 0.003334384121738
2276 0.003326013762838
2277 0.003304797722469
2278 0.003446570606583
2279 0.003399154709954
2280 0.003367159659402
2281 0.003443736770810
2282 0.003618526207993
2283 0.003433113916892
2284 0.003597359732446
2285 0.003611464886488
2286 0.003731141044503
2287 0.003897589786531
2288 0.003916600367406
2289 0.003968245080070
2290 0.003931423670340
2291 0.003995777997633
2292 0.004061953559596
2293 0.003855516023632
2294 0.003765967584425
2295 0.003862355217695
2296 0.004044536098786
2297 0.003979773847342
2298 0.003926820813105
2299 0.004120404018221
2300 0.004147126570992
2301 0.004227738958605
2302 0.004069509763080
2303 0.004140306440478
2304 0.004053751627604
2305 0.004107308542909
2306 0.004122983034238
2307 0.004217920853144
2308 0.004154701166798
2309 0.004050101589568
2310 0.003854343695042
2311 0.003835720192659
2312 0.003810314983645
2313 0.003674115858395
2314 0.003734552355398
2315 0.003829646265018
2316 0.003950550560301
2317 0.003948713820404
2318 0.004069541424281
2319 0.004221335111275
2320 0.004044210499731
2321 0.004167036576705
2322 0.004140310098548
2323 0.004225127819125
2324 0.004262980003160
2325 0.004110960601479
2326 0.003931427657963
2327 0.003973960466635
2328 0.004186728565963
2329 0.004046900787288
2330 0.004124994237024
2331 0.004082482140343
2332 0.004095034983718
2333 0.004293024003429
2334 0.004380867638543
2335 0.004358132339902
2336 0.004533114498609
2337 0.004363008171868
2338 0.004200839914758
2339 0.004235576288779
2340 0.004172796265692
2341 0.004254418934884
2342 0.004210943650426
2343 0.004060296690774
2344 0.004094719479922
2345 0.004018143448494
2346 0.004020580347034
2347 0.004228680500539
2348 0.004360660377515
2349 0.004183649458546
2350 0.004358832176696
2351 0.004336884051168
2352 0.004447366104645
2353 0.004479949341598
2354 0.004516095961163
2355 0.004461514418292
2356 0.004524865660481
2357 0.004690928534021
2358 0.004900815023822
2359 0.004731647641844
2360 0.004603137000132
2361 0.004654880703026
2362 0.004489792089761
2363 0.004482002920182
2364 0.004533461104391
2365 0.004686880615751
2366 0.004644179485253
2367 0.004794508785349
2368 0.004854356920397
2369 0.004730520896541
2370 0.004869948761373
2371 0.004687698216239
2372 0.004677860974059
2373 0.004782450435235
2374 0.004939669807518
2375 0.004923558285362
2376 0.005068538164852
2377 0.004891927973483
2378 0.004890268645034
2379 0.005050460347211
2380 0.005245561359309
2381 0.005160380190834
2382 0.005020807812336
2383 0.005091902092131
2384 0.005114971391307
2385 0.005321677026009
2386 0.005471177592761
2387 0.005542526596702
2388 0.005682684868025
2389 0.005582379117178
2390 0.005386607916285
2391 0.005273006092999
2392 0.005282756078203
2393 0.005364130692058
2394 0.005432243633987
2395 0.005301432121771
2396 0.005442751468920
2397 0.005396149483730
2398 0.005278382925713
2399 0.005440690110951
2400 0.005440470377604
2401 0.005621869183739
2402 0.005690359453873
2403 0.005556929672057
2404 0.005650448918144
2405 0.005621274444517
2406 0.005610046640398
2407 0.005569122022844
2408 0.005458438911311
2409 0.005444138314329
2410 0.005490492191552
2411 0.005448621815539
2412 0.005342575250376
2413 0.005191706543980
2414 0.005212146977106
2415 0.005218733319585
2416 0.005208703855805
2417 0.005016271664576
2418 0.004914731009131
2419 0.004954280908466
2420 0.004808334476692
2421 0.004707698829900
2422 0.004582210575422
2423 0.004781183800912
2424 0.004977537853883
2425 0.004933528310245
2426 0.004868484585126
2427 0.004876035007372
2428 0.004744980637678
2429 0.004761596528921
2430 0.004622734917535
2431 0.004642977728269
2432 0.004636262592516
2433 0.004550292567368
2434 0.004601872741148
2435 0.004773438001315
2436 0.004609081349741
2437 0.004706945094507
2438 0.004583682654039
2439 0.004775544276439
2440 0.004877559474257
2441 0.004868085049352
2442 0.005012843376491
2443 0.005030478603568
2444 0.005091815455260
2445 0.005132744599949
2446 0.004951321094229
2447 0.005150686247669
2448 0.005159565046722
2449 0.005242020220307
2450 0.005354963030134
2451 0.005210138738812
2452 0.005244020147775
2453 0.005397319210533
2454 0.005390580728371
2455 0.005333242008497
2456 0.005354642091434
2457 0.005442611948960
2458 0.005298350670165
2459 0.005287756809329
2460 0.005348391649200
2461 0.005273675589191
2462 0.005164573291373
2463 0.005299712601978
2464 0.005336811016132
2465 0.005243353234343
2466 0.005328435967438
2467 0.005238991108412
2468 0.005278774366580
2469 0.005347806946765
2470 0.005165390447084
2471 0.005026903387893
2472 0.004981723032337
2473 0.004825035184682
2474 0.004711758637486
2475 0.004635774246370
2476 0.004506765929486
2477 0.004583279452210
2478 0.004659398704695
2479 0.004491919132431
2480 0.004569859658518
2481 0.004769180340903
2482 0.004738819205309
2483 0.004666510100716
2484 0.004523653531036
2485 0.004371492627641
2486 0.004531418423641
2487 0.004476340937720
2488 0.004378094933807
2489 0.004444531524646
2490 0.004273894895990
2491 0.004095664803449
2492 0.003992585845017
2493 0.004080370349479
2494 0.004051067777510
2495 0.004148519206381
2496 0.004279112204527
2497 0.004429363087267
2498 0.004597733362471
2499 0.004504646096720
2500 0.004393823242188
2501 0.004285444025515
2502 0.004096027377317
2503 0.004285518998296
2504 0.004147221866888
2505 0.004096957452283
2506 0.004181431848719
2507 0.004263611205032
2508 0.004397670618085
2509 0.004359209190664
2510 0.004337569156966
2511 0.004459759382934
2512 0.004654513802498
2513 0.004818231329897
2514 0.004697728365683
2515 0.004546755113848
2516 0.004678626128714
2517 0.004874034301127
2518 0.004848283278365
2519 0.005043057043811
2520 0.004877241830977
2521 0.004773355958387
2522 0.004626051005062
2523 0.004531612388680
2524 0.004714046907501
2525 0.004810875618812
2526 0.004908074675716
2527 0.004819615631647
2528 0.004694492002077
2529 0.004538008515285
2530 0.004441344973598
2531 0.004591418461854
2532 0.004777784784447
2533 0.004742718382970
2534 0.004595207810496
2535 0.004561372715576
2536 0.004381197860188
2537 0.004286438637847
2538 0.004218556168889
2539 0.004306993037521
2540 0.004352839912955
2541 0.004448240265889
2542 0.004380352941674
2543 0.004244079469838
2544 0.004208834666126
2545 0.004190705005219
2546 0.004031688513385
2547 0.004049659851817
2548 0.004106099414676
2549 0.004101208117767
2550 0.003943960152420
2551 0.003843791248377
2552 0.003661774542638
2553 0.003637317578278
2554 0.003562276029176
2555 0.003403313145945
2556 0.003522392356526
2557 0.003482130854028
2558 0.003361407437298
2559 0.003336862830177
2560 0.003402709960938
2561 0.003582341835770
2562 0.003666790642839
2563 0.003517713483497
2564 0.003653039798350
2565 0.003543846323709
2566 0.003486555995926
2567 0.003479063348358
2568 0.003307259342752
2569 0.003412908225173
2570 0.003245514747234
2571 0.003194588624471
2572 0.003203467670162
2573 0.003284085181452
2574 0.003220149872372
2575 0.003075022280795
2576 0.003252586222584
2577 0.003299853761945
2578 0.003151869200476
2579 0.003189270327192
2580 0.003220740029978
2581 0.003262791417450
2582 0.003413040078397
2583 0.003267058558211
2584 0.003117375329552
2585 0.003025053455936
2586 0.003068621547667
2587 0.003088102867855
2588 0.003193379185483
2589 0.003260489088451
2590 0.003361163636432
2591 0.003253626114887
2592 0.003167611581308
2593 0.003144381545567
2594 0.003067957775907
2595 0.003253244388999
2596 0.003386628278782
2597 0.003445466298253
2598 0.003523864041300
2599 0.003397337974792
2600 0.003281390850361
2601 0.003437938345528
2602 0.003605495866311
2603 0.003658228730221
2604 0.003678446358067
2605 0.003600066728647
2606 0.003587384637465
2607 0.003672773553624
2608 0.003721740348207
2609 0.003688521291982
2610 0.003598700629340
2611 0.003510924054032
2612 0.003565439221322
2613 0.003509299580822
2614 0.003624365178337
2615 0.003672414163331
2616 0.003601680837275
2617 0.003681583717938
2618 0.003506152660816
2619 0.003556177606106
2620 0.003695399160604
2621 0.003723866427413
2622 0.003706558890965
2623 0.003756198454030
2624 0.003569440143864
2625 0.003586146763393
2626 0.003400037058055
2627 0.003387776444881
2628 0.003566678074760
2629 0.003646647444965
2630 0.003524617822451
2631 0.003519520021944
2632 0.003505486485444
2633 0.003569177380543
2634 0.003731312675737
2635 0.003742960689190
2636 0.003821805684809
2637 0.003825425287969
2638 0.003910171705453
2639 0.004078404295395
2640 0.004049312707150
2641 0.004174263898914
2642 0.004188474067497
2643 0.004214970577498
2644 0.004339105603194
2645 0.004423283539107
2646 0.004551005922117
2647 0.004646454030359
2648 0.004699753130311
2649 0.004805925253339
2650 0.004841135852742
2651 0.004779172456296
2652 0.004621295727576
2653 0.004470543370712
2654 0.004385090808538
2655 0.004446750217014
2656 0.004585174192865
2657 0.004499487828437
2658 0.004629406380061
2659 0.004659066661133
2660 0.004553016146323
2661 0.004512381168381
2662 0.004617107801201
2663 0.004589291385274
2664 0.004721289282447
2665 0.004553268461245
2666 0.004381584745552
2667 0.004212329751506
2668 0.004395103168631
2669 0.004338092596712
2670 0.004190109195781
2671 0.004298819624409
2672 0.004240390069470
2673 0.004379483675002
2674 0.004542086136903
2675 0.004540023090683
2676 0.004405273984901
2677 0.004486596980645
2678 0.004300254952827
2679 0.004302431728111
2680 0.004150800562617
2681 0.004143355987446
2682 0.004058598938671
2683 0.004121055986914
2684 0.004093016668510
2685 0.004000632856145
2686 0.003895649515864
2687 0.003829916303469
2688 0.003960745675223
2689 0.004008141713056
2690 0.004121813011879
2691 0.004053689254256
2692 0.004088063119602
2693 0.004162312085151
2694 0.004164063496862
2695 0.004346552408250
2696 0.004297047057562
2697 0.004135160124386
2698 0.004055071265897
2699 0.003941132077998
2700 0.003901570638021
2701 0.004017157273926
2702 0.004058623296256
2703 0.003970638364057
2704 0.003929995926174
2705 0.003944450561749
2706 0.003928816767860
2707 0.003760696822618
2708 0.003789025536316
2709 0.003729385482997
2710 0.003651827991669
2711 0.003793624264426
2712 0.003856782716284
2713 0.003968679988424
2714 0.003812662010783
2715 0.003858287382741
2716 0.004002903979025
2717 0.003829332673905
2718 0.003751158275702
2719 0.003790768072332
2720 0.003959925034467
2721 0.003999227112332
2722 0.004142778047650
2723 0.004208500666343
2724 0.004058501793950
2725 0.004107162055619
2726 0.004054102404364
2727 0.003937618086353
2728 0.003756749664933
2729 0.003829916915251
2730 0.003885021838513
2731 0.004053898758611
2732 0.004208856585434
2733 0.004355493762578
2734 0.004261689370971
2735 0.004210008694441
2736 0.004232216996756
2737 0.004353075511794
2738 0.004208717318327
2739 0.004106279967170
2740 0.003974123766822
2741 0.004004538646365
2742 0.004078437254257
2743 0.004219491856401
2744 0.004173212079196
2745 0.004264834322347
2746 0.004084565564827
2747 0.003977050336873
2748 0.003971749518115
2749 0.003946214816752
2750 0.003939575195313
2751 0.003945642191902
2752 0.003834214321403
2753 0.003729440929497
2754 0.003584552174820
2755 0.003645105933105
2756 0.003723476725497
2757 0.003611235675666
2758 0.003550119379277
2759 0.003368271222448
2760 0.003466752646626
2761 0.003633614512122
2762 0.003503941695471
2763 0.003451512682235
2764 0.003480174261996
2765 0.003521894072107
2766 0.003341564473602
2767 0.003190228428098
2768 0.003319448129290
2769 0.003409262037570
2770 0.003545779011310
2771 0.003372517272222
2772 0.003489814967476
2773 0.003473215140980
2774 0.003379937290887
2775 0.003385537637247
2776 0.003277825347285
2777 0.003215038394344
2778 0.003056558453839
2779 0.003024798239165
2780 0.002918380627529
2781 0.002902999707839
2782 0.003011597908289
2783 0.002850547952272
2784 0.002869529285650
2785 0.002848709079051
2786 0.002826030701078
2787 0.002747052880141
2788 0.002734825977123
2789 0.002689704881342
2790 0.002665672165519
2791 0.002644029410242
2792 0.002702117307821
2793 0.002826432536419
2794 0.002919081713186
2795 0.002874100741419
2796 0.002824054767134
2797 0.002986685650921
2798 0.003123776242936
2799 0.003098106588709
2800 0.003019060407366
2801 0.002944439660222
2802 0.003042968488608
2803 0.003023417728355
2804 0.003072284257701
2805 0.003232535023953
2806 0.003376716727966
2807 0.003472361141649
2808 0.003348804267383
2809 0.003357281248609
2810 0.003264153640041
2811 0.003172579629275
2812 0.003011407757212
2813 0.002872232436456
2814 0.002782142492754
2815 0.002679551769954
2816 0.002514925870028
2817 0.002442814586939
2818 0.002583760247322
2819 0.002589945338135
2820 0.002533240352117
2821 0.002420505873914
2822 0.002476779388925
2823 0.002478626236357
2824 0.002541301608423
2825 0.002491076984237
2826 0.002491221390796
2827 0.002320814857982
2828 0.002238034864801
2829 0.002386261018690
2830 0.002524429159535
2831 0.002489257726262
2832 0.002604080458819
2833 0.002589394420943
2834 0.002694861520405
2835 0.002693222018987
2836 0.002719271166200
2837 0.002567693302234
2838 0.002635813330663
2839 0.002687643010165
2840 0.002592919578015
2841 0.002539350381413
2842 0.002554424374478
2843 0.002624543921611
2844 0.002454046793963
2845 0.002413774165202
2846 0.002524906032452
2847 0.002698999477932
2848 0.002749839525544
2849 0.002846757668535
2850 0.002840351305510
2851 0.002798079775326
2852 0.002741595638751
2853 0.002781688477589
2854 0.002609659260440
2855 0.002503007932219
2856 0.002613869033942
2857 0.002611693695036
2858 0.002564982153303
2859 0.002490390218526
2860 0.002419062260981
2861 0.002421864759918
2862 0.002255133862765
2863 0.002428860252985
2864 0.002427511375044
2865 0.002340447923484
2866 0.002496276131395
2867 0.002381297159079
2868 0.002428616107425
2869 0.002538543413973
2870 0.002575630427238
2871 0.002453768473392
2872 0.002430567834371
2873 0.002533670671717
2874 0.002697747535148
2875 0.002795229704484
2876 0.002658828077462
2877 0.002584648994178
2878 0.002588278722067
2879 0.002555197914179
2880 0.002512953016493
2881 0.002645146304723
2882 0.002538242909248
2883 0.002665572310338
2884 0.002652764816390
2885 0.002712415037370
2886 0.002707107977494
2887 0.002710863674311
2888 0.002565801308756
2889 0.002480849876417
2890 0.002431659632488
2891 0.002321119912147
2892 0.002304330406347
2893 0.002381067312262
2894 0.002304941848301
2895 0.002207880893108
2896 0.002136146166048
2897 0.002194084296524
2898 0.002097193663329
2899 0.002087038111876
2900 0.002198254815463
2901 0.002089922857959
2902 0.002139879538223
2903 0.002063579079697
2904 0.002153422878465
2905 0.002280697847192
2906 0.002289479958625
2907 0.002284913117179
2908 0.002225075660086
2909 0.002332806054486
2910 0.002274398541532
2911 0.002253530771615
2912 0.002163226787861
2913 0.002201225681482
2914 0.002039011979479
2915 0.002203641338577
2916 0.002276531789856
2917 0.002226852087440
2918 0.002084890238793
2919 0.002068410143537
2920 0.002058598766588
2921 0.002106809893604
2922 0.002098057385914
2923 0.002166246902930
2924 0.002245546854961
2925 0.002266376201923
2926 0.002321620062452
2927 0.002173233162554
2928 0.002075278693861
2929 0.002146941315562
2930 0.002186777160436
2931 0.002151046747724
2932 0.002026213142426
2933 0.001917456995291
2934 0.002022512445014
2935 0.001862903185557
2936 0.001765238166830
2937 0.001788515033144
2938 0.001688012628834
2939 0.001796342110545
2940 0.001853911730708
2941 0.002012064083220
2942 0.001935480404354
2943 0.001799147590018
2944 0.001704340395720
2945 0.001862453078576
2946 0.002027968687017
2947 0.002101674256262
2948 0.001961468679772
2949 0.002016747268672
2950 0.002122357901880
2951 0.001958781765583
2952 0.002123452783600
2953 0.002174757231788
2954 0.002247732236084
2955 0.002363712936892
2956 0.002240894611859
2957 0.002080190411524
2958 0.001968177449792
2959 0.001980919820225
2960 0.001899595518370
2961 0.001858078358504
2962 0.001736359528639
2963 0.001886723776182
2964 0.001910602193773
2965 0.002012204561024
2966 0.001876069658605
2967 0.001845608908278
2968 0.001943459729300
2969 0.002075298099897
2970 0.001909691396386
2971 0.002001988049189
2972 0.001879788343550
2973 0.001961008451060
2974 0.001908580007855
2975 0.001869245256696
2976 0.001811858146421
2977 0.001961346396593
2978 0.001817783947516
2979 0.001676704788336
2980 0.001705604911651
2981 0.001737771838833
2982 0.001792237392454
2983 0.001694364992117
2984 0.001736597465127
2985 0.001665452097728
2986 0.001525562079417
2987 0.001563057837216
2988 0.001619290475705
2989 0.001490246136877
2990 0.001590945648908
2991 0.001636001347140
2992 0.001612780565884
2993 0.001669361485393
2994 0.001765259441409
2995 0.001638483165302
2996 0.001515835404237
2997 0.001364605165061
2998 0.001367926518069
2999 0.001338937116409
3000 0.001336629231771
3001 0.001450017149232
3002 0.001595748098273
3003 0.001547656851612
3004 0.001624238157717
3005 0.001505466150166
3006 0.001518396718932
3007 0.001449407356143
3008 0.001470362886469
3009 0.001486933243239
3010 0.001414809116097
3011 0.001271146826869
3012 0.001175048341789
3013 0.001060225027485
3014 0.001106236893844
3015 0.000948413450326
3016 0.000912410827151
3017 0.000928717573075
3018 0.000953315345557
3019 0.000789726992718
3020 0.000731471990118
3021 0.000840390056066
3022 0.000859773687619
3023 0.000812526731904
3024 0.000887673998636
3025 0.000916455481663
3026 0.000936393460452
3027 0.001075454777446
3028 0.001181014147901
3029 0.001318754320217
3030 0.001169608843208
3031 0.001018235959538
3032 0.000959049114137
3033 0.000930660359741
3034 0.001092728455757
3035 0.001113202819321
3036 0.001096160044312
3037 0.000987495369608
3038 0.001105574104957
3039 0.001213221849678
3040 0.001351928710937
3041 0.001443829672856
3042 0.001482590494150
3043 0.001541634119932
3044 0.001692522527667
3045 0.001638708756671
3046 0.001717069629612
3047 0.001705248550701
3048 0.001633171021469
3049 0.001611596367405
3050 0.001509879690702
3051 0.001353906201988
3052 0.001224082856784
3053 0.001115146090935
3054 0.001095545081118
3055 0.001162195283731
3056 0.001046944663163
3057 0.000925550127014
3058 0.000911745080143
3059 0.000861325970114
3060 0.000904257780586
3061 0.000875707936030
3062 0.000944819036144
3063 0.000877676779174
3064 0.000803536596871
3065 0.000840174315610
3066 0.000732710527892
3067 0.000698003778249
3068 0.000630026845920
3069 0.000734887941919
3070 0.000670820105736
3071 0.000829320899519
3072 0.000798543294271
3073 0.000842316935049
3074 0.000705190347089
3075 0.000841044604294
3076 0.000949636392383
3077 0.000834100851580
3078 0.000985198240918
3079 0.000994988020537
3080 0.000928645939022
3081 0.001073295595738
3082 0.001213306424526
3083 0.001267791065039
3084 0.001108627220381
3085 0.000989145436588
3086 0.000972003652458
3087 0.001028828919030
3088 0.001091596376093
3089 0.001025505226459
3090 0.001019079708359
3091 0.000985260651513
3092 0.001007178776631
3093 0.001017726203827
3094 0.001017584674345
3095 0.000911671972814
3096 0.000863205862908
3097 0.000842371870712
3098 0.000834051911642
3099 0.000946832726409
3100 0.000869081558720
3101 0.000739428813286
3102 0.000859558774455
3103 0.000946812041145
3104 0.000790153582072
3105 0.000665843429197
3106 0.000718518986060
3107 0.000808651976007
3108 0.000915821914967
3109 0.000940636370718
3110 0.000881329993343
3111 0.000791544164733
3112 0.000770823814569
3113 0.000636408652977
3114 0.000732157271721
3115 0.000872450043263
3116 0.000724763098975
3117 0.000795552238731
3118 0.000820930681602
3119 0.000747910597723
3120 0.000704643053886
3121 0.000572705719571
3122 0.000613723940608
3123 0.000476252066948
3124 0.000517802415523
3125 0.000446835937500
3126 0.000419074880413
3127 0.000475271997796
3128 0.000492066678489
3129 0.000614818501069
3130 0.000743624653679
3131 0.000881169482718
3132 0.000833854821450
3133 0.000674055667491
3134 0.000695448280826
3135 0.000593403842080
3136 0.000672320930325
3137 0.000582625997420
3138 0.000542362910916
3139 0.000468302395891
3140 0.000613986458748
3141 0.000656987785041
3142 0.000749739774999
3143 0.000761269385216
3144 0.000824945270257
3145 0.000933769965968
3146 0.001025656417003
3147 0.001130604993967
3148 0.001033661780545
3149 0.001171549375794
3150 0.001278085859995
3151 0.001276014419406
3152 0.001168265560557
3153 0.001169772742477
3154 0.001296571333649
3155 0.001255302610564
3156 0.001355286031319
3157 0.001402010598967
3158 0.001386288527524
3159 0.001482107096663
3160 0.001601941072488
3161 0.001746269691899
3162 0.001732273089742
3163 0.001775181372634
3164 0.001796891204024
3165 0.001804712184044
3166 0.001768467626614
3167 0.001677907902170
3168 0.001710988054372
3169 0.001852067421949
3170 0.001759747526247
3171 0.001721466651515
3172 0.001628534189539
3173 0.001570756000335
3174 0.001536445641713
3175 0.001528848963460
3176 0.001399465411977
3177 0.001313667909732
3178 0.001441076913669
3179 0.001393392874258
3180 0.001385478853430
3181 0.001471213970646
3182 0.001382315855668
3183 0.001332064001507
3184 0.001200536986691
3185 0.001215203253777
3186 0.001151593167005
3187 0.001087189917659
3188 0.000970263702507
3189 0.001015109005076
3190 0.001050790051308
3191 0.001068325634475
3192 0.001015455202949
3193 0.001064015002300
3194 0.000949780793211
3195 0.001096120723909
3196 0.001225076419988
3197 0.001280344610181
3198 0.001227220794124
3199 0.001343794188003
3200 0.001371459960937
3201 0.001309576871730
3202 0.001205844628967
3203 0.001086103741244
3204 0.001111034150427
3205 0.001149974709926
3206 0.001030544154880
3207 0.000887674225206
3208 0.000920207720445
3209 0.000838762653621
3210 0.000728666596695
3211 0.000726386788700
3212 0.000844934066830
3213 0.000763119918106
3214 0.000833023536554
3215 0.000930154898304
3216 0.000814333483947
3217 0.000725458896342
3218 0.000824989333073
3219 0.000932127616908
3220 0.000951977842343
3221 0.000878443891163
3222 0.001003225126450
3223 0.001137861582643
3224 0.001264510616179
3225 0.001412741491037
3226 0.001548667761087
3227 0.001679752942095
3228 0.001642371346664
3229 0.001627704978321
3230 0.001596466158935
3231 0.001490223116271
3232 0.001551108785195
3233 0.001483439366736
3234 0.001406950941776
3235 0.001400327608795
3236 0.001270100861162
3237 0.001287790887106
3238 0.001432186736966
3239 0.001349397042755
3240 0.001270247094425
3241 0.001385654354125
3242 0.001389434645016
3243 0.001315605923455
3244 0.001288003604009
3245 0.001234245594183
3246 0.001189894097423
3247 0.001315733378287
3248 0.001253550863031
3249 0.001255287834959
3250 0.001245201697716
3251 0.001097328000639
3252 0.000982099206978
3253 0.000984630473313
3254 0.000927785018799
3255 0.001062021094350
3256 0.001095970959863
3257 0.001226905960959
3258 0.001339672971460
3259 0.001340984895793
3260 0.001485906495638
3261 0.001594513042395
3262 0.001623166550309
3263 0.001490123864518
3264 0.001621919519761
3265 0.001740034725546
3266 0.001728504038412
3267 0.001717961232232
3268 0.001779862103877
3269 0.001661896377428
3270 0.001797298699709
3271 0.001658781046388
3272 0.001508381664024
3273 0.001396722324463
3274 0.001245059396118
3275 0.001292165508707
3276 0.001159612075750
3277 0.001019102718759
3278 0.000901069198897
3279 0.000940888856525
3280 0.000969640220084
3281 0.000946147236218
3282 0.000866924241721
3283 0.000964227188952
3284 0.001059212725287
3285 0.001022157712614
3286 0.001129605461023
3287 0.001149278808445
3288 0.001130301296856
3289 0.001130198881451
3290 0.001258223977132
3291 0.001322159467226
3292 0.001379947036613
3293 0.001495537408898
3294 0.001620887334809
3295 0.001651255675621
3296 0.001587062206083
3297 0.001470341912392
3298 0.001560569749304
3299 0.001432661072129
3300 0.001417994643703
3301 0.001356603881873
3302 0.001218401829739
3303 0.001214743743259
3304 0.001335199462299
3305 0.001190102443031
3306 0.001226361707998
3307 0.001278628385929
3308 0.001383235982136
3309 0.001346425586469
3310 0.001495849978167
3311 0.001639810583448
3312 0.001493223623377
3313 0.001633395106635
3314 0.001523788535027
3315 0.001446441144066
3316 0.001483526103315
3317 0.001595967211995
3318 0.001600664448063
3319 0.001696212782347
3320 0.001662840326148
3321 0.001722272064843
3322 0.001601658407139
3323 0.001614033655700
3324 0.001623876688713
3325 0.001633429276316
3326 0.001590464965306
3327 0.001668395170551
3328 0.001750065730168
3329 0.001891099787145
3330 0.001818160323409
3331 0.001762644373522
3332 0.001710211672560
3333 0.001591602031297
3334 0.001522318217021
3335 0.001538223197971
3336 0.001661817518641
3337 0.001671068318990
3338 0.001629307714317
3339 0.001574200689882
3340 0.001649356316664
3341 0.001602003867667
3342 0.001452744470821
3343 0.001586868418500
3344 0.001604947176847
3345 0.001494713570861
3346 0.001392909458705
3347 0.001331221070758
3348 0.001349026441859
3349 0.001496299909954
3350 0.001437724099230
3351 0.001495980604554
3352 0.001486002118605
3353 0.001492203081895
3354 0.001463360635738
3355 0.001611591913306
3356 0.001611739148400
3357 0.001703529937444
3358 0.001830500318153
3359 0.001843365291358
3360 0.001807657877604
3361 0.001792465069222
3362 0.001894241142386
3363 0.001798286630822
3364 0.001746051801938
3365 0.001757123247121
3366 0.001792603989690
3367 0.001716335059841
3368 0.001583253402891
3369 0.001632731192258
3370 0.001551678484908
3371 0.001576783783674
3372 0.001660203311508
3373 0.001787879507301
3374 0.001679054717023
3375 0.001692337601273
3376 0.001612731065795
3377 0.001738065087587
3378 0.001680806658549
3379 0.001819322715323
3380 0.001855017306537
3381 0.001925360412507
3382 0.001841512958655
3383 0.001752167244194
3384 0.001801943948083
3385 0.001940413098920
3386 0.002038323660961
3387 0.001913669294476
3388 0.001941108928802
3389 0.002002832002434
3390 0.002038349162864
3391 0.002171697816255
3392 0.002057633309994
3393 0.002073306514561
3394 0.002088583843386
3395 0.002137012509780
3396 0.002121690586122
3397 0.002149508355258
3398 0.002030209276941
3399 0.002047389210866
3400 0.001993300494026
3401 0.001971842926483
3402 0.001888869440885
3403 0.001882359731418
3404 0.002010520280598
3405 0.001906017689978
3406 0.001873587554018
3407 0.001951754530539
3408 0.001812930398144
3409 0.001766009007636
3410 0.001789180274583
3411 0.001721089412585
3412 0.001811144919356
3413 0.001696287345719
3414 0.001624448717025
3415 0.001573464880925
3416 0.001718597054761
3417 0.001584574113577
3418 0.001551101889926
3419 0.001634265847219
3420 0.001725206877056
3421 0.001647967060070
3422 0.001630460916382
3423 0.001772667419273
3424 0.001910485953928
3425 0.001847075302235
3426 0.001814103446644
3427 0.001894930552073
3428 0.001952466219142
3429 0.001887515321978
3430 0.001944503561748
3431 0.001944185866798
3432 0.002004165471573
3433 0.002095267753923
3434 0.002046872796051
3435 0.002191339795419
3436 0.002108750437691
3437 0.002249261824447
3438 0.002328097092128
3439 0.002360821740854
3440 0.002490873115007
3441 0.002456394540332
3442 0.002594623643253
3443 0.002505091640307
3444 0.002394176664807
3445 0.002278799380896
3446 0.002254784972046
3447 0.002132414664813
3448 0.002117148131616
3449 0.002186700827006
3450 0.002060237276381
3451 0.001948641542420
3452 0.001848258397532
3453 0.001815535177744
3454 0.001782026881763
3455 0.001824226876244
3456 0.001955950701678
3457 0.001995657164133
3458 0.001951368783098
3459 0.001955463004684
3460 0.001831530973401
3461 0.001856096560333
3462 0.001833302516045
3463 0.001707530317711
3464 0.001626911119280
3465 0.001720381127119
3466 0.001742134600517
3467 0.001638328303581
3468 0.001673521330062
3469 0.001658312351362
3470 0.001594468702157
3471 0.001474893185839
3472 0.001617220689624
3473 0.001487426582071
3474 0.001487200467423
3475 0.001557028791030
3476 0.001572989759017
3477 0.001637258850572
3478 0.001696480766941
3479 0.001684028206628
3480 0.001547521832346
3481 0.001422184015683
3482 0.001527921007256
3483 0.001404886303227
3484 0.001439844562868
3485 0.001343368902439
3486 0.001330193471991
3487 0.001453632675272
3488 0.001328634559561
3489 0.001362278796978
3490 0.001342922090459
3491 0.001450935567016
3492 0.001471188469851
3493 0.001476341354584
3494 0.001411101718459
3495 0.001341088203572
3496 0.001444277556046
3497 0.001432781530374
3498 0.001559109739606
3499 0.001675954918481
3500 0.001576607840402
3501 0.001586948929770
3502 0.001704130494070
3503 0.001613215109705
3504 0.001517587600778
3505 0.001472314244160
3506 0.001371541433993
3507 0.001490610088417
3508 0.001381451074998
3509 0.001515042513448
3510 0.001406547350761
3511 0.001395125295389
3512 0.001459873347185
3513 0.001320968962381
3514 0.001405484715713
3515 0.001448912098262
3516 0.001367718693339
3517 0.001386263372548
3518 0.001428436053755
3519 0.001524916288696
3520 0.001467340642756
3521 0.001388311453822
3522 0.001428737347942
3523 0.001532141809737
3524 0.001445497476013
3525 0.001325112200798
3526 0.001253583521851
3527 0.001131919209735
3528 0.001167522266068
3529 0.001230094479447
3530 0.001211202043312
3531 0.001155337947045
3532 0.001242563111596
3533 0.001171916461754
3534 0.001219347363889
3535 0.001333544783747
3536 0.001322543459241
3537 0.001254266421270
3538 0.001372799353117
3539 0.001434222693226
3540 0.001519999531029
3541 0.001615664878830
3542 0.001660037350345
3543 0.001543631299283
3544 0.001558979800808
3545 0.001583005746430
3546 0.001681831820295
3547 0.001782882169902
3548 0.001904630607252
3549 0.001930286260214
3550 0.002061879332636
3551 0.002026131709708
3552 0.002069834116343
3553 0.002055938231116
3554 0.002190061278335
3555 0.002183264452026
3556 0.002307853226721
3557 0.002239648766956
3558 0.002196776726194
3559 0.002199692282659
3560 0.002203677745348
3561 0.002233310818371
3562 0.002106561077103
3563 0.002056155016072
3564 0.002080692586674
3565 0.002105498882363
3566 0.002119106050963
3567 0.002048869944434
3568 0.002155731611722
3569 0.002239694378896
3570 0.002328166373971
3571 0.002227697743651
3572 0.002259719011364
3573 0.002213015530979
3574 0.002162555508862
3575 0.002117800412478
3576 0.002119469695977
3577 0.002198545366884
3578 0.002066776964370
3579 0.002119611647916
3580 0.002196259738347
3581 0.002124248420483
3582 0.002099484987328
3583 0.002108472504165
3584 0.002007620675223
3585 0.001953278226334
3586 0.001935636538470
3587 0.001995128145582
3588 0.002083547670839
3589 0.001962410370664
3590 0.001982835009902
3591 0.002004004626910
3592 0.002012087135910
3593 0.001905339891586
3594 0.001986045603893
3595 0.002115135564260
3596 0.002113096175655
3597 0.002127627515117
3598 0.002143007440657
3599 0.002065520248138
3600 0.002045288085938
3601 0.002174909232028
3602 0.002268848916943
3603 0.002183112177027
3604 0.002197248689607
3605 0.002184296712465
3606 0.002075525369501
3607 0.001997348837222
3608 0.002020419304757
3609 0.002049844329065
3610 0.002003415601736
3611 0.001905163976500
3612 0.001972270302334
3613 0.001977451217825
3614 0.002110483901040
3615 0.002059687486493
3616 0.002127993423327
3617 0.002206664735321
3618 0.002074393994114
3619 0.002095273332261
3620 0.002182613815392
3621 0.002181994194024
3622 0.002298971225648
3623 0.002234420755309
3624 0.002280902652025
3625 0.002212469692888
3626 0.002255481313883
3627 0.002181691310936
3628 0.002187995952703
3629 0.002089087580084
3630 0.002140660982158
3631 0.002228186630211
3632 0.002117476274264
3633 0.002188680718630
3634 0.002322367540610
3635 0.002423011748302
3636 0.002453878505526
3637 0.002370889415641
3638 0.002239132923632
3639 0.002299804352050
3640 0.002378124195141
3641 0.002255652180677
3642 0.002327287936852
3643 0.002252059882073
3644 0.002343940944232
3645 0.002321914651920
3646 0.002369849811330
3647 0.002431624223998
3648 0.002426147460938
3649 0.002532682996412
3650 0.002595992414919
3651 0.002476119890634
3652 0.002596551199471
3653 0.002611596258640
3654 0.002583913484687
3655 0.002606151074619
3656 0.002724511879017
3657 0.002591131813773
3658 0.002631260958964
3659 0.002528922223563
3660 0.002577501307420
3661 0.002537768774754
3662 0.002658904412612
3663 0.002533042297447
3664 0.002640436830479
3665 0.002551802443938
3666 0.002485767453990
3667 0.002394543833196
3668 0.002476000603829
3669 0.002494606149070
3670 0.002374342416872
3671 0.002469296872340
3672 0.002363649588525
3673 0.002262189217559
3674 0.002211727003202
3675 0.002329309165072
3676 0.002207576515106
3677 0.002328930259043
3678 0.002327326265867
3679 0.002397865405320
3680 0.002353966754416
3681 0.002386108166302
3682 0.002404083964748
3683 0.002315797787660
3684 0.002231378379267
3685 0.002160263579121
3686 0.002024583821703
3687 0.002030623259828
3688 0.001982616499034
3689 0.001955160056714
3690 0.002026607027545
3691 0.002065811012535
3692 0.002190008194449
3693 0.002107092916497
3694 0.002059953046219
3695 0.002164485038375
3696 0.002249647528578
3697 0.002173244485605
3698 0.002215363258539
3699 0.002104673362416
3700 0.001999429238809
3701 0.002016683360494
3702 0.001941641751397
3703 0.001969170834353
3704 0.001986641605781
3705 0.002074618732077
3706 0.002207781261067
3707 0.002143894851063
3708 0.002115704352287
3709 0.002007232197021
3710 0.001990724959463
3711 0.001968905984215
3712 0.001921028926455
3713 0.002048483185135
3714 0.002055614432405
3715 0.002166649470580
3716 0.002183649332069
3717 0.002195919140520
3718 0.002256552463837
3719 0.002145626173766
3720 0.002236347813760
3721 0.002211946212166
3722 0.002078843975118
3723 0.002156255836292
3724 0.002119660505547
3725 0.002162004509228
3726 0.002251281574472
3727 0.002213109873369
3728 0.002309840124564
3729 0.002412942818324
3730 0.002326609429981
3731 0.002364200294513
3732 0.002376756739642
3733 0.002291998465962
3734 0.002294678322823
3735 0.002423063020310
3736 0.002327079691264
3737 0.002233115817124
3738 0.002312584188675
3739 0.002237463290757
3740 0.002334562087442
3741 0.002434488605988
3742 0.002436537464821
3743 0.002490708893580
3744 0.002472054245126
3745 0.002592796254381
3746 0.002622401720690
3747 0.002562149003057
3748 0.002445233160811
3749 0.002439354921729
3750 0.002459562174479
3751 0.002400295793518
3752 0.002394133285165
3753 0.002272839931180
3754 0.002238408262957
3755 0.002253481360790
3756 0.002358352287382
3757 0.002423925859229
3758 0.002414404933538
3759 0.002402234312130
3760 0.002277585293384
3761 0.002191569443175
3762 0.002278134773413
3763 0.002361872397044
3764 0.002257830531640
3765 0.002238928400979
3766 0.002351287825590
3767 0.002479344614311
3768 0.002570506620306
3769 0.002463543437210
3770 0.002523366589129
3771 0.002602912297903
3772 0.002591130083717
3773 0.002531478804996
3774 0.002584977951009
3775 0.002614592495344
3776 0.002657874155853
3777 0.002672829197486
3778 0.002757737345011
3779 0.002694599588702
3780 0.002743724035838
3781 0.002620815064219
3782 0.002634348029626
3783 0.002526747370535
3784 0.002458407057264
3785 0.002407010480309
3786 0.002502578437108
3787 0.002621376958282
3788 0.002634259941963
3789 0.002623690184580
3790 0.002550037555141
3791 0.002464517821300
3792 0.002418936556402
3793 0.002311724645935
3794 0.002337554786855
3795 0.002367818277030
3796 0.002445506346113
3797 0.002392507396876
3798 0.002382259358853
3799 0.002411290324654
3800 0.002456215306332
3801 0.002500996217073
3802 0.002574433031238
3803 0.002444527821888
3804 0.002358694307185
3805 0.002306535397503
3806 0.002180804093762
3807 0.002087916982183
3808 0.001962485433627
3809 0.002037747383869
3810 0.001947558145198
3811 0.002045830851995
3812 0.002028874560393
3813 0.001955077868886
3814 0.001995044662244
3815 0.002003960965658
3816 0.001907412610964
3817 0.001826657341949
3818 0.001821055344851
3819 0.001943895410386
3820 0.001899327782436
3821 0.001977724356353
3822 0.001873940588104
3823 0.001879996165785
3824 0.001945016773176
3825 0.001980523003472
3826 0.001979423080261
3827 0.001859227826647
3828 0.001887163024711
3829 0.001964060000571
3830 0.001866042333857
3831 0.001960987398750
3832 0.001993167375473
3833 0.002089415086706
3834 0.002208958458142
3835 0.002296935159815
3836 0.002170869033702
3837 0.002288953568869
3838 0.002280047935021
3839 0.002229373074348
3840 0.002230834960937
3841 0.002267517232858
3842 0.002297738515605
3843 0.002196638279522
3844 0.002147011652697
3845 0.002023763867442
3846 0.002122034954640
3847 0.002147852057508
3848 0.002055875972502
3849 0.002108448293185
3850 0.002035601727374
3851 0.002064806181126
3852 0.001995985876858
3853 0.002064328425091
3854 0.001963157634013
3855 0.001961793417133
3856 0.001908488293406
3857 0.001987005287667
3858 0.001991734719758
3859 0.001885439083656
3860 0.001896691198794
3861 0.002004058766754
3862 0.002110904513833
3863 0.002173399820311
3864 0.002225224275767
3865 0.002274882130296
3866 0.002213282222521
3867 0.002159866400088
3868 0.002285078614796
3869 0.002215123416904
3870 0.002095027795442
3871 0.001989066523811
3872 0.001889441624161
3873 0.001791515000686
3874 0.001714475018251
3875 0.001836890435988
3876 0.001787514386408
3877 0.001776962142523
3878 0.001707024891515
3879 0.001652929272102
3880 0.001597831175499
3881 0.001685064129533
3882 0.001578463161809
3883 0.001676706318508
3884 0.001616347339445
3885 0.001578398990508
3886 0.001512112227286
3887 0.001407113945021
3888 0.001526946393551
3889 0.001551429236508
3890 0.001594139432539
3891 0.001662247225669
3892 0.001689271838667
3893 0.001730338056688
3894 0.001814056067327
3895 0.001748496607730
3896 0.001851890610963
3897 0.001759651229110
3898 0.001808671476659
3899 0.001776586406871
3900 0.001668247320713
3901 0.001573740106703
3902 0.001632737355743
3903 0.001632600511125
3904 0.001721741723233
3905 0.001651419079105
3906 0.001756807748196
3907 0.001746984891401
3908 0.001729771937172
3909 0.001734060471428
3910 0.001786339801291
3911 0.001813318442274
3912 0.001826280465155
3913 0.001851597314840
3914 0.001743579800176
3915 0.001813788675866
3916 0.001793538951776
3917 0.001810455127489
3918 0.001810203345836
3919 0.001762551718690
3920 0.001829248545121
3921 0.001704765928853
3922 0.001816558448834
3923 0.001705569331208
3924 0.001779896525190
3925 0.001660125149283
3926 0.001752879628100
3927 0.001720446923443
3928 0.001651709531330
3929 0.001578913781139
3930 0.001514021312917
3931 0.001407496166787
3932 0.001355517553289
3933 0.001395692299135
3934 0.001408331152989
3935 0.001416938519993
3936 0.001469433792238
3937 0.001585038204256
3938 0.001647677985831
3939 0.001666473597856
3940 0.001712624796756
3941 0.001636349286745
3942 0.001586906320852
3943 0.001598608726600
3944 0.001710315263295
3945 0.001833236172172
3946 0.001755549589873
3947 0.001703208689452
3948 0.001754142351547
3949 0.001730127979394
3950 0.001826565899426
3951 0.001740490626879
3952 0.001786637402739
3953 0.001673796132882
3954 0.001632304522023
3955 0.001756091786998
3956 0.001655771469564
3957 0.001535766077126
3958 0.001416353338472
3959 0.001321860532864
3960 0.001367958145912
3961 0.001472101401753
3962 0.001579065144754
3963 0.001556920126896
3964 0.001591795027316
3965 0.001669761782787
3966 0.001668194238429
3967 0.001590752799955
3968 0.001638597057712
3969 0.001590589396928
3970 0.001642637469006
3971 0.001595129446790
3972 0.001483329473305
3973 0.001485152956283
3974 0.001367093812417
3975 0.001269431444084
3976 0.001258251412773
3977 0.001382998014953
3978 0.001366685778127
3979 0.001350941625664
3980 0.001252125495642
3981 0.001344950526721
3982 0.001316861852457
3983 0.001350029311586
3984 0.001407424130114
3985 0.001462959854337
3986 0.001552928229761
3987 0.001562826071941
3988 0.001572818430879
3989 0.001609253327510
3990 0.001562981856497
3991 0.001563905444966
3992 0.001503648165472
3993 0.001437436779012
3994 0.001494406221148
3995 0.001461459698158
3996 0.001362889378636
3997 0.001384339035527
3998 0.001400198084882
3999 0.001394506036177
4000 0.001469116210937
4001 0.001416409203363
4002 0.001489314241805
4003 0.001532732591670
4004 0.001546472936243
4005 0.001531441411127
4006 0.001626641763429
4007 0.001577218809954
4008 0.001476143172639
4009 0.001508979673664
4010 0.001584090615746
4011 0.001510715223078
4012 0.001544819277519
4013 0.001658976003769
4014 0.001539313026964
4015 0.001596240355989
4016 0.001695670929563
4017 0.001574439613090
4018 0.001575923784863
4019 0.001629231669589
4020 0.001530054196790
4021 0.001627169032501
4022 0.001683967852106
4023 0.001685582255061
4024 0.001800264089292
4025 0.001721646326669
4026 0.001760385193993
4027 0.001871924143380
4028 0.001921198218913
4029 0.002041958496215
4030 0.002105750753625
4031 0.002077398392439
4032 0.001961117699033
4033 0.002058593386786
4034 0.001934915825348
4035 0.001974733109220
4036 0.001895099258045
4037 0.002018227150808
4038 0.002106506438347
4039 0.002011659210878
4040 0.002100546053140
4041 0.002197492184600
4042 0.002145962571225
4043 0.002170371207276
4044 0.002118798321008
4045 0.002161172647559
4046 0.002229389788429
4047 0.002216924465171
4048 0.002141477562222
4049 0.002247568000008
4050 0.002192691755883
4051 0.002196007556487
4052 0.002266901737375
4053 0.002331021918563
4054 0.002273258459527
4055 0.002182958863960
4056 0.002253997020232
4057 0.002317184587403
4058 0.002368707031731
4059 0.002283615559655
4060 0.002262885934614
4061 0.002142858516991
4062 0.002038554685096
4063 0.002141916367505
4064 0.002114723986528
4065 0.002021847733126
4066 0.001981533517758
4067 0.001925698949337
4068 0.002030829295531
4069 0.001952074997312
4070 0.002064390440245
4071 0.002078486203386
4072 0.002139558023929
4073 0.002207680413508
4074 0.002307807574040
4075 0.002336538115893
4076 0.002231421952627
4077 0.002111274470352
4078 0.002149992564427
4079 0.002222635840107
4080 0.002250940659467
4081 0.002243943087057
4082 0.002164378112464
4083 0.002271717154685
4084 0.002295887318461
4085 0.002235903792457
4086 0.002340898406430
4087 0.002313175672770
4088 0.002371920531510
4089 0.002483066587758
4090 0.002577839970297
4091 0.002696505154703
4092 0.002637413822894
4093 0.002677375053445
4094 0.002682289380706
4095 0.002579357626965
4096 0.002670288085938
