1 0.124965463022766
2 0.124982187750763
3 0.124988125166814
4 0.124991017998305
5 0.111041453309031
6 0.020085864993821
7 0.000636811483497
8 0.006360880765875
9 0.014828990080833
10 0.025825766782483
11 0.018144984899308
12 0.020013574953720
13 0.008858688207391
14 0.000702612604768
15 0.008989065667803
16 0.016198263420520
17 0.022598365556346
18 0.028069447037809
19 0.018642451777976
20 0.023825109777021
21 0.028290812258340
22 0.032680357032103
23 0.036694254549561
24 0.040373660609996
25 0.043611053419733
26 0.045541292966152
27 0.044056396704834
28 0.046947238443370
29 0.032842703767712
30 0.035812349083846
31 0.017550690927693
32 0.019128921513317
33 0.012176635389706
34 0.010959379265183
35 0.012897482472931
36 0.012565618426115
37 0.015597182582869
38 0.017791596421691
39 0.012477954751036
40 0.015282357055100
41 0.017956345681326
42 0.007032293760329
43 0.009418138615778
44 0.012008769065525
45 0.012400029443370
46 0.011946031265932
47 0.011406175475073
48 0.003873806248456
49 0.002454596941930
50 0.000094494641637
51 0.002461954352102
52 0.004818455201813
53 0.007086024314718
54 0.000027373829939
55 0.001252358894238
56 0.002736471293610
57 0.004881445263811
58 0.006951785019192
59 0.008938449210382
60 0.009342888438424
61 0.011052986371111
62 0.012890841369556
63 0.014373489072114
64 0.016099393416468
65 0.017683849936025
66 0.019288825258497
67 0.020865061614186
68 0.022383223304491
69 0.014911486459553
70 0.016483837106475
71 0.017938007180884
72 0.010055934662445
73 0.005726075395702
74 0.007140195155140
75 0.008711590077000
76 0.010241700733830
77 0.011725268955478
78 0.013164139316754
79 0.014565589433666
80 0.015589670764903
81 0.016938128581317
82 0.017219827050351
83 0.018518383049803
84 0.018988236662213
85 0.018721402458423
86 0.019818334672059
87 0.021025557107409
88 0.022206224577068
89 0.022443086579054
90 0.019736366785241
91 0.010774461763476
92 0.012010795365516
93 0.013225712571663
94 0.013642509575467
95 0.014814594609031
96 0.010408945748962
97 0.011590295327152
98 0.012747537211567
99 0.009251907548406
100 0.000943611685360
101 0.002003876568155
102 0.000225050855353
103 0.001436457306240
104 0.002435874813709
105 0.003515647771843
106 0.004661684765791
107 0.003812949330198
108 0.004488724708902
109 0.001546887344381
110 0.000396461095795
111 0.000733236751915
112 0.001842487835060
113 0.001928524339032
114 0.000818708512561
115 0.000492652604060
116 0.000587079131860
117 0.001642154201833
118 0.002687540405743
119 0.000632375449613
120 0.003067994683870
121 0.002012693805140
122 0.001022881923061
123 0.000263590649623
124 0.005355008466810
125 0.005684255762709
126 0.004649388957486
127 0.005531973469652
128 0.004615531337302
129 0.004471004026269
130 0.003815703957302
131 0.002910362857513
132 0.002199776737917
133 0.001243440302355
134 0.000338434496232
135 0.000172411629043
136 0.000747894029834
137 0.001654837191024
138 0.001070037180908
139 0.001943368468079
140 0.002821528053664
141 0.003511868872240
142 0.004105074704234
143 0.004678370707475
144 0.003258902997733
145 0.004002544370072
146 0.000063068876291
147 0.000784673836604
148 0.002432026699368
149 0.008106809114390
150 0.008403668279894
151 0.007603450857607
152 0.006788349904871
153 0.010465074196872
154 0.009585432073854
155 0.008717420346398
156 0.008012254200025
157 0.007175913681894
158 0.010367843165482
159 0.009537007019569
160 0.008696170721796
161 0.007870214071210
162 0.007050603491834
163 0.006240485172525
164 0.005440536313060
165 0.006019697893006
166 0.005230422987928
167 0.004454275742971
168 0.005171519613256
169 0.005281665388171
170 0.004529293291500
171 0.003771812049274
172 0.005770315762715
173 0.005014540111099
174 0.004267680887220
175 0.003529397179742
176 0.002830836018102
177 0.002108649217102
178 0.001515819782289
179 0.004917021509833
180 0.004285016828659
181 0.003767714697893
182 0.003070233969884
183 0.002370411394958
184 0.001678184859702
185 0.001104705805836
186 0.001046039435719
187 0.002282837448117
188 0.001605899915520
189 0.000936027429255
190 0.000366984906014
191 0.000289386712894
192 0.000053003304089
193 0.003918202135722
194 0.005544872372868
195 0.005694911973250
196 0.006909734507719
197 0.006254767586389
198 0.006092336752843
199 0.009572268417496
200 0.008916770053071
201 0.008256952791673
202 0.007597264909027
203 0.007261140406487
204 0.006665575926611
205 0.007460896671770
206 0.008724173405295
207 0.010035328281935
208 0.009386120508770
209 0.009686416870789
210 0.009045120920742
211 0.008517072249295
212 0.007887303267860
213 0.007263675855041
214 0.006645621295107
215 0.006888883394504
216 0.006942761643810
217 0.006334787876212
218 0.005735885948688
219 0.005169135076322
220 0.005874021238850
221 0.005509311122422
222 0.004921468041735
223 0.004677570737559
224 0.004107968663586
225 0.003666729851703
226 0.003140285525020
227 0.002582345442054
228 0.002053462502390
229 0.001498643899197
230 0.000951115670596
231 0.000523782104686
232 0.000017268643626
233 0.000553675215971
234 0.000821375763504
235 0.001348847704933
236 0.001872786537391
237 0.002372522702927
238 0.002854938573924
239 0.003331487403812
240 0.003393091432639
241 0.003888437653004
242 0.003285186301343
243 0.003786003220301
244 0.003387415152821
245 0.002330375527243
246 0.002615948896909
247 0.003103525038586
248 0.003590185154583
249 0.003040012010584
250 0.000054630059167
251 0.000443594604853
252 0.000920323463223
253 0.001410258073456
254 0.000976530909297
255 0.001461652438000
256 0.001944224107622
257 0.002422905971105
258 0.002898006771523
259 0.003369443038810
260 0.003837251705941
261 0.004034209341366
262 0.001439718250337
263 0.001909426052988
264 0.002078062188175
265 0.002381819933128
266 0.002842026463820
267 0.001116578792730
268 0.000961039075025
269 0.001422150278272
270 0.001879844251919
271 0.002334159987337
272 0.002782697008381
273 0.003230379435931
274 0.003660479628583
275 0.003097919837574
276 0.003529795532941
277 0.003941618877171
278 0.004376579950567
279 0.004808921957675
280 0.005238175807826
281 0.005651237391618
282 0.005963812016565
283 0.005961993224671
284 0.006381141013964
285 0.005088279932684
286 0.005496824629604
287 0.003629940035923
288 0.003853634930477
289 0.003112630932220
290 0.003001173332991
291 0.003261626316508
292 0.003253711078395
293 0.003668317839991
294 0.003992523930529
295 0.003336819006243
296 0.003746674505930
297 0.004154651664935
298 0.002661334595588
299 0.003019068000100
300 0.003420357368115
301 0.003507384373764
302 0.003467678178093
303 0.003411919534257
304 0.001025587735610
305 0.001237528266875
306 0.001641980730827
307 0.002030231412080
308 0.002429483902745
309 0.002826151003985
310 0.001600784466886
311 0.001821868523262
312 0.002086422320492
313 0.002479117417216
314 0.002869187588103
315 0.003254253571314
316 0.003349033790686
317 0.003697014322363
318 0.004078470240452
319 0.004398906530077
320 0.004775257969391
321 0.005131375755118
322 0.005499328691342
323 0.005868979875238
324 0.006233890605731
325 0.004697273653109
326 0.005066226898787
327 0.005416880371236
328 0.003724843497705
329 0.002783358284005
330 0.003109381251611
331 0.003477615188297
332 0.003843646467839
333 0.004205907150520
334 0.004564443827120
335 0.004920605781525
336 0.005193139978404
337 0.005548100257086
338 0.005650139614438
339 0.006002204025619
340 0.006155097797580
341 0.006126218711194
342 0.006438883489323
343 0.006784095743137
344 0.007127526553294
345 0.007232336455325
346 0.006572238098910
347 0.004259934847342
348 0.004605501566606
349 0.004950466019243
350 0.005086049347558
351 0.005427657719115
352 0.004252784555260
353 0.004594844244434
354 0.004934971803065
355 0.003982141461531
356 0.001663153202492
357 0.001961100574048
358 0.001454403795523
359 0.001798541710568
360 0.002086256533825
361 0.002401286392229
362 0.002739944631837
363 0.002495060467996
364 0.002699185824486
365 0.000901673016476
366 0.001240739483644
367 0.001577958177149
368 0.001913260894234
369 0.000758260491167
370 0.001092942165187
371 0.001188858011009
372 0.001521028362492
373 0.001849472957549
374 0.002178746362110
375 0.001126583181460
376 0.000344579812465
377 0.000674231886285
378 0.000986586711476
379 0.001227703751049
380 0.000437630732455
381 0.000558558002066
382 0.000230632557832
383 0.000534828352727
384 0.000242361040686
385 0.000205293890487
386 0.000004351961404
387 0.000300940147848
388 0.000534409386975
389 0.000854354270792
390 0.001159926023221
391 0.001213416372456
392 0.001529170815328
393 0.001843343681226
394 0.001638036808418
395 0.001943923009150
396 0.002254382068344
397 0.002500994666340
398 0.002715180853147
399 0.002924131285013
400 0.002417508508062
401 0.002688504501775
402 0.001215207252768
403 0.001521261601817
404 0.000341043118923
405 0.001753563423439
406 0.001878888843431
407 0.001598033680460
408 0.001309087779385
409 0.002697885038069
410 0.002386427238591
411 0.002076590710804
412 0.001825704571972
413 0.001522753211879
414 0.002754584175350
415 0.002454609023037
416 0.002148235442154
417 0.001845043390680
418 0.001541809555325
419 0.001239803607566
420 0.000939349009025
421 0.001177027982885
422 0.000878030437073
423 0.000581897582801
424 0.000875221517632
425 0.000929129597764
426 0.000639104431934
427 0.000344867655444
428 0.001156011541205
429 0.000861990833727
430 0.000569430471686
431 0.000278243932491
432 0.000001170758414
433 0.000287506836315
434 0.000525127765677
435 0.000879139031515
436 0.000627480866072
437 0.000421590363312
438 0.000139409157460
439 0.000145640287640
440 0.000429398539468
441 0.000665194552090
442 0.000685877910650
443 0.000159888868518
444 0.000441018440166
445 0.000720926263870
446 0.000959628339481
447 0.001237123565356
448 0.001088269502603
449 0.000575705213013
450 0.001284408597300
451 0.001358728299850
452 0.001895103079561
453 0.001621341816705
454 0.001560707721391
455 0.003092659436331
456 0.002819369822506
457 0.002542507964059
458 0.002264030873520
459 0.002126993749380
460 0.001874035037994
461 0.002238096412498
462 0.002812680411125
463 0.003411644887277
464 0.003134895892830
465 0.003283311299879
466 0.003008055840782
467 0.002782400156424
468 0.002509373763323
469 0.002237615321050
470 0.001966896990642
471 0.002087873796745
472 0.002122701575237
473 0.001853969550923
474 0.001587978407727
475 0.001335408863501
476 0.001669250632344
477 0.001509090957031
478 0.001244444631200
479 0.001138573910072
480 0.000880132518942
481 0.000680442505368
482 0.000439799081127
483 0.000183169862930
484 0.000061016365716
485 0.000318622512650
486 0.000574001578836
487 0.000773568183509
488 0.001028130526378
489 0.001281651731846
490 0.001408006735125
491 0.001659267988209
492 0.001909957305641
493 0.002150120186907
494 0.002382989376812
495 0.002614034062752
496 0.002645288942308
497 0.002886991641700
498 0.002595856338306
499 0.002841122553275
500 0.002648501337679
501 0.002133060630191
502 0.002273396016317
503 0.002513503093602
504 0.002754141448190
505 0.002484523489478
506 0.000956647938260
507 0.001201308909999
508 0.001436304890322
509 0.001678814664314
510 0.001462274946104
511 0.001703410456441
512 0.001944224107622
513 0.002184031590888
514 0.002422971047868
515 0.002660984696317
516 0.002898075223054
517 0.002999323036069
518 0.001689049330385
519 0.001926590411343
520 0.002012172671595
521 0.002166801638829
522 0.002401724925148
523 0.001521697723155
524 0.001441373747439
525 0.001676723421727
526 0.001911177413630
527 0.002144741419582
528 0.002376164692862
529 0.002607967783668
530 0.002831495829780
531 0.002541712480008
532 0.002766813794442
533 0.002982269794611
534 0.003210506737470
535 0.003438150649986
536 0.003664945145042
537 0.003884020630532
538 0.004051145650971
539 0.004053739247000
540 0.004277713739846
541 0.003600519690141
542 0.003818843571251
543 0.002835201034735
544 0.002955088660898
545 0.002563801304519
546 0.002505607395822
547 0.002645072449095
548 0.002641979938764
549 0.002864368850034
550 0.003039133467503
551 0.002689805768408
552 0.002910755480628
553 0.003131379595004
554 0.002329962240138
555 0.002523284150596
556 0.002740698888464
557 0.002788948057548
558 0.002768745844687
559 0.002739772791469
560 0.001445535791387
561 0.001560013356414
562 0.001779657429154
563 0.001991123294955
564 0.002209224137583
565 0.002426552268642
566 0.001756121124180
567 0.001877111961703
568 0.002022332985114
569 0.002238462430826
570 0.002453765393361
571 0.002666919871305
572 0.002720307778685
573 0.002913917821537
574 0.003126611338005
575 0.003306039225471
576 0.003517020697494
577 0.003717318871654
578 0.003924749498553
579 0.004133681988347
580 0.004340520565186
581 0.003484226004840
582 0.003692974811952
583 0.003892009010198
584 0.002944298011642
585 0.002416147430750
586 0.002600370622155
587 0.002808879044085
588 0.003016687072915
589 0.003222900598768
590 0.003427534931881
591 0.003631344007381
592 0.003788203385633
593 0.003992295376373
594 0.004052977375811
595 0.004256249640733
596 0.004346400373706
597 0.004332934593080
598 0.004514748369398
599 0.004715636413101
600 0.004915984176474
601 0.004979829365455
602 0.004604178992981
603 0.003276813869949
604 0.003477542908494
605 0.003678403326062
606 0.003758809642239
607 0.003958532505701
608 0.003280759103623
609 0.003480626255889
610 0.003679838343994
611 0.003128284108666
612 0.001780725345815
613 0.001954052653322
614 0.001658628551056
615 0.001859183488854
616 0.002027230070988
617 0.002211646287109
618 0.002410325773910
619 0.002267250923156
620 0.002387459696232
621 0.001331452532311
622 0.001530276563610
623 0.001728462315514
624 0.001925963751009
625 0.001244031188467
626 0.001441070243883
627 0.001497269048861
628 0.001693541277705
629 0.001888036223716
630 0.002083448430128
631 0.001458304381297
632 0.000992536995314
633 0.001187846433935
634 0.001373266795724
635 0.001516568650707
636 0.000521103291224
637 0.000447269658970
638 0.000642037201347
639 0.000458344463939
640 0.000632273018637
641 0.000653171955872
642 0.000777883533728
643 0.000955186949873
644 0.001094832629965
645 0.001286922764170
646 0.001470731456049
647 0.001502576774624
648 0.001693142486358
649 0.001883136268525
650 0.001758627498566
651 0.001944041413465
652 0.002132602255545
653 0.002282720144086
654 0.002413399619425
655 0.002541144663010
656 0.002232812156671
657 0.002398495702836
658 0.001498836910584
659 0.001685568736090
660 0.000962883017570
661 0.000321439962090
662 0.000400464499821
663 0.000230284066962
664 0.000054798859093
665 0.000910847532359
666 0.000721792486893
667 0.000533369431168
668 0.000380941485182
669 0.000196077286928
670 0.000959218622453
671 0.000776365682577
672 0.000589203232715
673 0.000403657834119
674 0.000217737422217
675 0.000032231614843
676 0.000152655011481
677 0.000003238686494
678 0.000187599597502
679 0.000370513540540
680 0.000186216835405
681 0.000151015113806
682 0.000330590738340
683 0.000513122815047
684 0.000004310572976
685 0.000186755188150
686 0.000368609721175
687 0.000549924653054
688 0.000722697098716
689 0.000903065067744
690 0.001051633075152
691 0.000166853679946
692 0.000323901320728
693 0.000452361302719
694 0.000629193314962
695 0.000808140227087
696 0.000986575759939
697 0.001134967243935
698 0.001147391702090
699 0.000813379313741
700 0.000990762227121
701 0.001167665562016
702 0.001318683206496
703 0.001494616792696
704 0.001399525722610
705 0.000339332951643
706 0.000113686256705
707 0.000162751190497
708 0.000506871780241
709 0.000333916038669
710 0.000296957653465
711 0.001279097991532
712 0.001106616948752
713 0.000931563489514
714 0.000755188751430
715 0.000669326936244
716 0.000508847410511
717 0.000744827161241
718 0.001116625318089
719 0.001504687359190
720 0.001328986559336
721 0.001427209962403
722 0.001252122784284
723 0.001108795991008
724 0.000934620924977
725 0.000760993398650
726 0.000587768889876
727 0.000668042897821
728 0.000692573862583
729 0.000520173149568
730 0.000349288210564
731 0.000186864348306
732 0.000405521761536
733 0.000303021848503
734 0.000132320384418
735 0.000064837457650
736 0.000102252394646
737 0.000231246304572
738 0.000387179152369
739 0.000553789347437
740 0.000712504449402
741 0.000880233859901
742 0.001046746817878
743 0.001176916658035
744 0.001343345522075
745 0.001509327608623
746 0.001592016986277
747 0.001756923632881
748 0.001921684981186
749 0.002079747161143
750 0.002233224164929
751 0.002385710030112
752 0.002406628573053
753 0.002566475720420
754 0.002374612504015
755 0.002537008643226
756 0.002410015926443
757 0.002069200458754
758 0.002162224500979
759 0.002321493317040
760 0.002481327186104
761 0.002302767061416
762 0.001288432058151
763 0.001450570103435
764 0.001606497717061
765 0.001767631419199
766 0.001623344117577
767 0.001783786329586
768 0.001944224107622
769 0.002104199710893
770 0.002263803233968
771 0.002422994150654
772 0.002581772262496
773 0.002649898293919
774 0.001773448223115
775 0.001932415219404
776 0.001989756650491
777 0.002093468501134
778 0.002251184810384
779 0.001660551066446
780 0.001606411814371
781 0.001764406104940
782 0.001921995768697
783 0.002079182758201
784 0.002235122869110
785 0.002391511247276
786 0.002542511655642
787 0.002347357939562
788 0.002499576535780
789 0.002645464096425
790 0.002800167049823
791 0.002954654828437
792 0.003108752486482
793 0.003257806368408
794 0.003371835934224
795 0.003374448837339
796 0.003527244712397
797 0.003068510067651
798 0.003217461888683
799 0.002549731581242
800 0.002631612003850
801 0.002365784122989
802 0.002326412730262
803 0.002421638855799
804 0.002419808927853
805 0.002571751391578
806 0.002691370693149
807 0.002453289157304
808 0.002604527718884
809 0.002755716053879
810 0.002208049941466
811 0.002340498243073
812 0.002489593538839
813 0.002522958720302
814 0.002509436797158
815 0.002489882652739
816 0.001601987027853
817 0.001680402526927
818 0.001831159959335
819 0.001976463719916
820 0.002126492420913
821 0.002276155180675
822 0.001814703075228
823 0.001897987671734
824 0.001998066149389
825 0.002147159387504
826 0.002295844607466
827 0.002443207518823
828 0.002480359204057
829 0.002614470788048
830 0.002761923228393
831 0.002886514953306
832 0.003033083285226
833 0.003172406195073
834 0.003316818443303
835 0.003462423045275
836 0.003606726434640
837 0.003013209892907
838 0.003158750253111
839 0.003297690851605
840 0.002639513583750
841 0.002272494195648
842 0.002400877145053
843 0.002546302930521
844 0.002691390249319
845 0.002835514584883
846 0.002978684375131
847 0.003121423470972
848 0.003231530396045
849 0.003374737962003
850 0.003417870509156
851 0.003560740197165
852 0.003624619711596
853 0.003616041411043
854 0.003744193087179
855 0.003885833430408
856 0.004027233501678
857 0.004073044130910
858 0.003810532780100
859 0.002879674196892
860 0.003021113125909
861 0.003162782095027
862 0.003219907209684
863 0.003361008809400
864 0.002884748734438
865 0.003025922267500
866 0.003166769932318
867 0.002778665469373
868 0.001828946178790
869 0.001951157247454
870 0.001742665864253
871 0.001884178205737
872 0.002002861347798
873 0.002133226953834
874 0.002273801716050
875 0.002172742506269
876 0.002257929661205
877 0.001510323140384
878 0.001650971975076
879 0.001791300789666
880 0.001931275854751
881 0.001447492468040
882 0.001587110367599
883 0.001626850583451
884 0.001766137210350
885 0.001904289442111
886 0.002043221086379
887 0.001598547278636
888 0.001266897243907
889 0.001405655977764
890 0.001537497213529
891 0.001639441599046
892 0.000929532583822
893 0.000876407776389
894 0.001014922937372
895 0.000883355848054
896 0.001007116186919
897 0.001021632770641
898 0.001110381514705
899 0.001236826007030
900 0.001336437316943
901 0.001473680970523
902 0.001605115179777
903 0.001627783548985
904 0.001764245246362
905 0.001900416364447
906 0.001811069807527
907 0.001944092978740
908 0.002079491235867
909 0.002187390127216
910 0.002281411783138
911 0.002373404089817
912 0.002151804985008
913 0.002271120534846
914 0.001623584309317
915 0.001757935703426
916 0.001237144282912
917 0.000311068218768
918 0.000253392018159
919 0.000375454880474
920 0.000501451009906
921 0.000117255415274
922 0.000018446394014
923 0.000153807108302
924 0.000263260237500
925 0.000396265585510
926 0.000156538990812
927 0.000025048545262
928 0.000109673274964
929 0.000243336543799
930 0.000377383170943
931 0.000511240635373
932 0.000644759827588
933 0.000535813464424
934 0.000669072696636
935 0.000801390444468
936 0.000667039337208
937 0.000640942010729
938 0.000770985346587
939 0.000903284615791
940 0.000532627450497
941 0.000664876381970
942 0.000796802165900
943 0.000928440729798
944 0.001053958660453
945 0.001185114500769
946 0.001293179908463
947 0.000647325516783
948 0.000761456841240
949 0.000854802691607
950 0.000983559507511
951 0.001113963017220
952 0.001244094643350
953 0.001352354187381
954 0.001361216750115
955 0.001116516766342
956 0.001246082563322
957 0.001375397001593
958 0.001485842361703
959 0.001614637097828
960 0.001544778625280
961 0.000766858587367
962 0.000433948933802
963 0.000397358546075
964 0.000144041650561
965 0.000270440311021
966 0.000296978713862
967 0.000425767632293
968 0.000299782950372
969 0.000171809490683
970 0.000042766388628
971 0.000019724626300
972 0.000137229038709
973 0.000037327546823
974 0.000312131013180
975 0.000599127015084
976 0.000470439499150
977 0.000543804515190
978 0.000415451205217
979 0.000310457742541
980 0.000182596100135
981 0.000055044691610
982 0.000072302604380
983 0.000012262649884
984 0.000006577642692
985 0.000120319944686
986 0.000246187604300
987 0.000365879972583
988 0.000203319273388
989 0.000278671745803
990 0.000404644655948
991 0.000454153219151
992 0.000577599933479
993 0.000672859917443
994 0.000788188718309
995 0.000911529346038
996 0.001029091028222
997 0.001153434966638
998 0.001276961433284
999 0.001373543992464
1000 0.001497170439975
1001 0.001620549890085
1002 0.001682002039235
1003 0.001804729137900
1004 0.001927432009440
1005 0.002045225865918
1006 0.002159681406807
1007 0.002273475277225
1008 0.002289192518341
1009 0.002408600187342
1010 0.002265523959979
1011 0.002386906921055
1012 0.002292187165951
1013 0.002037617096573
1014 0.002107186926325
1015 0.002226339703630
1016 0.002345994126959
1017 0.002212514361150
1018 0.001453346365287
1019 0.001574589166312
1020 0.001691260419006
1021 0.001811909311693
1022 0.001703721101385
1023 0.001823934981764
1024 0.001944224107622
1025 0.002064244828515
1026 0.002184064192697
1027 0.002303651277221
1028 0.002423005406808
1029 0.002474336980321
1030 0.001815893491497
1031 0.001935347397274
1032 0.001978461756136
1033 0.002056482475250
1034 0.002175186802737
1035 0.001730715606099
1036 0.001689886666757
1037 0.001808797048707
1038 0.001927477902382
1039 0.002045930193669
1040 0.002163517020128
1041 0.002281515562597
1042 0.002395523544036
1043 0.002248410421847
1044 0.002363398162592
1045 0.002473677075244
1046 0.002590681970279
1047 0.002707596314083
1048 0.002824287538974
1049 0.002937237198950
1050 0.003023770574596
1051 0.003026078208597
1052 0.003142022968270
1053 0.002795179387910
1054 0.002908212484555
1055 0.002402802753520
1056 0.002464972513856
1057 0.002263684440932
1058 0.002233936088111
1059 0.002306229813747
1060 0.002304950707118
1061 0.002420340472923
1062 0.002511267561421
1063 0.002330692118058
1064 0.002445657677076
1065 0.002560653201070
1066 0.002144692142720
1067 0.002245422161840
1068 0.002358868281918
1069 0.002384365585741
1070 0.002374208340596
1071 0.002359454466418
1072 0.001683715285708
1073 0.001743345979544
1074 0.001858110072893
1075 0.001968786193640
1076 0.002083127469052
1077 0.002197256058389
1078 0.001845461316687
1079 0.001908957576820
1080 0.001985303591340
1081 0.002099100708827
1082 0.002212651587170
1083 0.002325257608142
1084 0.002353744273534
1085 0.002456329635800
1086 0.002569169107843
1087 0.002664595490109
1088 0.002776881125790
1089 0.002883687540906
1090 0.002994447663547
1091 0.003106182047989
1092 0.003216982299369
1093 0.002762834448229
1094 0.002874546694386
1095 0.002981263923332
1096 0.002477110202465
1097 0.002195887866993
1098 0.002294407948712
1099 0.002406055270228
1100 0.002517504310888
1101 0.002628275382177
1102 0.002738374185946
1103 0.002848202222543
1104 0.002933024590034
1105 0.003043324797549
1106 0.003076773331224
1107 0.003186911724787
1108 0.003236369463747
1109 0.003230121456421
1110 0.003329065106308
1111 0.003438441903285
1112 0.003547691770672
1113 0.003583396398689
1114 0.003381650356263
1115 0.002664898212270
1116 0.002774084820639
1117 0.002883506495407
1118 0.002927800882200
1119 0.003036882908010
1120 0.002669771676880
1121 0.002778897531614
1122 0.002887828995489
1123 0.002588445532945
1124 0.001855201650126
1125 0.001949579572968
1126 0.001788490828998
1127 0.001897817736245
1128 0.001989553605347
1129 0.002090370684011
1130 0.002199136346353
1131 0.002121017740527
1132 0.002186985649087
1133 0.001608362546927
1134 0.001717173514698
1135 0.001825792745082
1136 0.001934193770891
1137 0.001559333540804
1138 0.001667445268694
1139 0.001698182999770
1140 0.001806128653948
1141 0.001913249367064
1142 0.002021029119162
1143 0.001675969210587
1144 0.001418466891732
1145 0.001526069463566
1146 0.001628354181145
1147 0.001707466291457
1148 0.001155805258119
1149 0.001114319857151
1150 0.001221793458750
1151 0.001119309170773
1152 0.001215362391520
1153 0.001226475253093
1154 0.001295358727692
1155 0.001393617274347
1156 0.001471033699654
1157 0.001577794231627
1158 0.001680082265726
1159 0.001697678961419
1160 0.001803964719192
1161 0.001910075952951
1162 0.001840405006171
1163 0.001944121842879
1164 0.002049741764363
1165 0.002133956220765
1166 0.002207380869817
1167 0.002279256638710
1168 0.002106307806403
1169 0.002199533293298
1170 0.001693741393390
1171 0.001798661434830
1172 0.001391591753156
1173 0.000667494397409
1174 0.000622091349422
1175 0.000717246303580
1176 0.000815524065191
1177 0.000331120759629
1178 0.000436951567769
1179 0.000542566015703
1180 0.000627943924577
1181 0.000731809515790
1182 0.000298448617647
1183 0.000401100059251
1184 0.000506332914458
1185 0.000610785671511
1186 0.000715588297241
1187 0.000820291830736
1188 0.000924779066383
1189 0.000839054107535
1190 0.000943390983369
1191 0.001047037310772
1192 0.000941334053002
1193 0.000920606903273
1194 0.001022534025670
1195 0.001126280858393
1196 0.000834775229948
1197 0.000938487925635
1198 0.001041994166802
1199 0.001145321918057
1200 0.001243881955849
1201 0.001346923043113
1202 0.001431838240398
1203 0.000923307261800
1204 0.001012942240072
1205 0.001086248237250
1206 0.001187481678015
1207 0.001290058161498
1208 0.001392466450348
1209 0.001477679828061
1210 0.001484563761290
1211 0.001291490407438
1212 0.001393544803703
1213 0.001495446250681
1214 0.001582502762819
1215 0.001684080945159
1216 0.001628872411036
1217 0.001014521342655
1218 0.000751379512208
1219 0.000722213003627
1220 0.000521784854666
1221 0.000621372867884
1222 0.000642064491933
1223 0.000070322216781
1224 0.000169551859143
1225 0.000270398347003
1226 0.000372135378941
1227 0.000421250190455
1228 0.000513931593792
1229 0.000375428534168
1230 0.000157484361556
1231 0.000070209153660
1232 0.000031308782777
1233 0.000027230851411
1234 0.000074076250283
1235 0.000156909507372
1236 0.000257910350663
1237 0.000358708592629
1238 0.000459388149477
1239 0.000411441127027
1240 0.000396168525115
1241 0.000496564477895
1242 0.000596185466499
1243 0.000690945216807
1244 0.000561576216767
1245 0.000621146769598
1246 0.000720962745538
1247 0.000760053898741
1248 0.000857933097405
1249 0.000933443770674
1250 0.001024944766041
1251 0.001122856171750
1252 0.001216210891102
1253 0.001315000824652
1254 0.001413180926609
1255 0.001489953641452
1256 0.001588289658859
1257 0.001686469221580
1258 0.001735363604821
1259 0.001833093484404
1260 0.001930843737325
1261 0.002024721147343
1262 0.002115975330269
1263 0.002206738698113
1264 0.002219325498448
1265 0.002314623684252
1266 0.002200553373721
1267 0.002297461932706
1268 0.002221935949127
1269 0.002018776588164
1270 0.002074337728224
1271 0.002169517050146
1272 0.002265134751998
1273 0.002158561254392
1274 0.001551984278974
1275 0.001648806064332
1276 0.001742011754653
1277 0.001838434439146
1278 0.001751896977439
1279 0.001848011616806
1280 0.001944224107622
1281 0.002040259422935
1282 0.002136171008782
1283 0.002231933930832
1284 0.002327547453076
1285 0.002368726944982
1286 0.001841439866091
1287 0.001937113083249
1288 0.001971656757674
1289 0.002034187562827
1290 0.002129352345412
1291 0.001773053465425
1292 0.001740281701480
1293 0.001835610140031
1294 0.001930790907437
1295 0.002025824589014
1296 0.002120199901609
1297 0.002214941458916
1298 0.002306515334697
1299 0.002188463003494
1300 0.002280853117921
1301 0.002369495707288
1302 0.002463575047975
1303 0.002557616816881
1304 0.002651514349997
1305 0.002742439228544
1306 0.002812159628543
1307 0.002814177175813
1308 0.002907591386981
1309 0.002628758798335
1310 0.002719830023108
1311 0.002313255741049
1312 0.002363363068737
1313 0.002201398191635
1314 0.002177492962536
1315 0.002235755699094
1316 0.002234778967399
1317 0.002327792417102
1318 0.002401128620471
1319 0.002255683921946
1320 0.002348409954516
1321 0.002441193815814
1322 0.002105872311415
1323 0.002187140452181
1324 0.002278695390211
1325 0.002299326930346
1326 0.002291194793356
1327 0.002279349740079
1328 0.001733933853788
1329 0.001782040336796
1330 0.001874685405894
1331 0.001964062005795
1332 0.002056431327516
1333 0.002148661775271
1334 0.001864414296057
1335 0.001915720297333
1336 0.001977432073502
1337 0.002069445951977
1338 0.002161293265224
1339 0.002252408783547
1340 0.002275507585121
1341 0.002358567506633
1342 0.002449954562347
1343 0.002527279723976
1344 0.002618279788996
1345 0.002704875169961
1346 0.002794702321558
1347 0.002885349655462
1348 0.002975271544853
1349 0.002607486600049
1350 0.002698129966822
1351 0.002784756008586
1352 0.002376208693382
1353 0.002148270777267
1354 0.002228198891608
1355 0.002318801559802
1356 0.002409274420006
1357 0.002499228126255
1358 0.002588666954686
1359 0.002677916426060
1360 0.002746897440404
1361 0.002836587268805
1362 0.002863900643088
1363 0.002953508914813
1364 0.002993855379313
1365 0.002988956825438
1366 0.003069534143158
1367 0.003158617648940
1368 0.003247627646592
1369 0.003276874772310
1370 0.003113050998853
1371 0.002530330326939
1372 0.002619242005382
1373 0.002708374455150
1374 0.002744543491885
1375 0.002833449705901
1376 0.002534786082599
1377 0.002623722225483
1378 0.002712529393679
1379 0.002468851127664
1380 0.001871715961081
1381 0.001948586814729
1382 0.001817338672216
1383 0.001906407780404
1384 0.001981168958369
1385 0.002063357309603
1386 0.002152052989127
1387 0.002088386759977
1388 0.002142211186108
1389 0.001670263597710
1390 0.001758990026776
1391 0.001847588883694
1392 0.001936038430520
1393 0.001630067198454
1394 0.001718274094207
1395 0.001743334629598
1396 0.001831452748605
1397 0.001918925482728
1398 0.002006964682142
1399 0.001725056597035
1400 0.001514605354066
1401 0.001602477449918
1402 0.001686030858162
1403 0.001750666577229
1404 0.001299562541219
1405 0.001265533727700
1406 0.001353331329384
1407 0.001269400303561
1408 0.001347882703538
1409 0.001356882426095
1410 0.001413166910147
1411 0.001493514757918
1412 0.001556824595150
1413 0.001644182093095
1414 0.001727904268219
1415 0.001742283595644
1416 0.001829322348739
1417 0.001916245273766
1418 0.001859148087956
1419 0.001944140292332
1420 0.002030718862866
1421 0.002099775065969
1422 0.002160005250181
1423 0.002218983744853
1424 0.002077169163926
1425 0.002153667222047
1426 0.001738708837180
1427 0.001824774990706
1428 0.001490663099615
1429 0.000896215745075
1430 0.000858780850190
1431 0.000936747573905
1432 0.001017302843726
1433 0.000619295537777
1434 0.000706032300128
1435 0.000792617912240
1436 0.000862601115984
1437 0.000947799867571
1438 0.000591437856475
1439 0.000675623864938
1440 0.000761958015465
1441 0.000847676885699
1442 0.000933709495201
1443 0.001019686607509
1444 0.001105511705273
1445 0.001034848931080
1446 0.001120578590429
1447 0.001205765589966
1448 0.001118640581995
1449 0.001101453007009
1450 0.001185259998760
1451 0.001270590625314
1452 0.001030380541715
1453 0.001115685766371
1454 0.001200846205901
1455 0.001285884777527
1456 0.001367019037480
1457 0.001451870930906
1458 0.001521804483202
1459 0.001102440032554
1460 0.001176235499040
1461 0.001236584871621
1462 0.001319989244349
1463 0.001404526023567
1464 0.001488948663642
1465 0.001559205654387
1466 0.001564831870882
1467 0.001405396220149
1468 0.001489576071961
1469 0.001573653964348
1470 0.001645496411982
1471 0.001729353990428
1472 0.001683716184356
1473 0.001176099012602
1474 0.000958549265550
1475 0.000934304422354
1476 0.000768495185802
1477 0.000850655140987
1478 0.000867607700063
1479 0.000394675755696
1480 0.000476522194015
1481 0.000559729471054
1482 0.000643697264597
1483 0.000684150610411
1484 0.000760666690517
1485 0.000645874101040
1486 0.000465294169762
1487 0.000276593075586
1488 0.000360412494578
1489 0.000311716408168
1490 0.000395390244564
1491 0.000463785790178
1492 0.000547251048908
1493 0.000630571936124
1494 0.000713817871890
1495 0.000673910988587
1496 0.000661076432282
1497 0.000744126846105
1498 0.000826557891150
1499 0.000904980837920
1500 0.000797548123473
1501 0.000846801532113
1502 0.000929454695400
1503 0.000961748891072
1504 0.001042833694889
1505 0.001105377170182
1506 0.001181210045884
1507 0.001262385164174
1508 0.001339799341652
1509 0.001421747783194
1510 0.001503212088424
1511 0.001566918061928
1512 0.001648553692512
1513 0.001730081416443
1514 0.001770679515467
1515 0.001851871992354
1516 0.001933103219380
1517 0.002011136940244
1518 0.002087010697200
1519 0.002162496607813
1520 0.002172992632625
1521 0.002252281612183
1522 0.002157438858529
1523 0.002238086434859
1524 0.002175286190974
1525 0.002006261548807
1526 0.002052510017298
1527 0.002131746917018
1528 0.002211369617862
1529 0.002122674851793
1530 0.001617613949650
1531 0.001698203202857
1532 0.001775801808413
1533 0.001856100554691
1534 0.001783993291211
1535 0.001864057478467
1536 0.001944224107622
1537 0.002024263950768
1538 0.002104221459564
1539 0.002184075766607
1540 0.002263826169676
1541 0.002298206032351
1542 0.001858503916566
1543 0.001938292877312
1544 0.001967108339012
1545 0.002019280996787
1546 0.002098697216774
1547 0.001801379053274
1548 0.001774008611023
1549 0.001853560543971
1550 0.001933009552113
1551 0.002012356037605
1552 0.002091172966518
1553 0.002170315804099
1554 0.002246832867431
1555 0.002148253899093
1556 0.002225469424710
1557 0.002299573080753
1558 0.002378238821575
1559 0.002456892933898
1560 0.002535446207659
1561 0.002611533994107
1562 0.002669911553411
1563 0.002671689661125
1564 0.002749904671178
1565 0.002516783794614
1566 0.002593038762339
1567 0.002252967229143
1568 0.002294932217943
1569 0.002159437346825
1570 0.002139456767085
1571 0.002188249596347
1572 0.002187462145450
1573 0.002265368076843
1574 0.002326816323591
1575 0.002205059342602
1576 0.002282755400705
1577 0.002360518961473
1578 0.002079648014729
1579 0.002147756928300
1580 0.002224502574804
1581 0.002241827675053
1582 0.002235047830304
1583 0.002225153807098
1584 0.001767920157438
1585 0.001808235318078
1586 0.001885909811721
1587 0.001960861941566
1588 0.002038342506173
1589 0.002115725310250
1590 0.001877264177667
1591 0.001920306705525
1592 0.001972092099089
1593 0.002049322416412
1594 0.002126431468269
1595 0.002202944660013
1596 0.002222369383216
1597 0.002292148026265
1598 0.002368936416909
1599 0.002433932483334
1600 0.002510430879976
1601 0.002583247017582
1602 0.002658795690617
1603 0.002735051377079
1604 0.002810715345395
1605 0.002501695199387
1606 0.002577955682915
1607 0.002650856713846
1608 0.002307435027987
1609 0.002115805924919
1610 0.002183045137135
1611 0.002259278389251
1612 0.002335420276104
1613 0.002411143173515
1614 0.002486450493194
1615 0.002561615971868
1616 0.002619741268874
1617 0.002695310231536
1618 0.002718389398910
1619 0.002793918482052
1620 0.002827987721564
1621 0.002823965106893
1622 0.002891926640632
1623 0.002967068205578
1624 0.003042165019760
1625 0.003066931036827
1626 0.002929029052878
1627 0.002438109557335
1628 0.002513096684850
1629 0.002588286984943
1630 0.002618849159142
1631 0.002693877815552
1632 0.002442148910054
1633 0.002517199556670
1634 0.002592158430870
1635 0.002386707692110
1636 0.001883061979122
1637 0.001947904558761
1638 0.001837169362975
1639 0.001912314418457
1640 0.001975401957277
1641 0.002044772239702
1642 0.002119650922340
1643 0.002065924411223
1644 0.002111381081429
1645 0.001712898181623
1646 0.001787799215535
1647 0.001862609294942
1648 0.001937309992011
1649 0.001678838677379
1650 0.001753330581137
1651 0.001774484058050
1652 0.001848928213440
1653 0.001922843479082
1654 0.001997253928165
1655 0.001758958036739
1656 0.001581019847369
1657 0.001655275967946
1658 0.001725896643362
1659 0.001780534405910
1660 0.001398980228568
1661 0.001370136218524
1662 0.001444347304852
1663 0.001373281779111
1664 0.001439627534936
1665 0.001447188414366
1666 0.001494769936890
1667 0.001562729871010
1668 0.001616281594666
1669 0.001690204115695
1670 0.001761064674738
1671 0.001773221220459
1672 0.001846914962539
1673 0.001920526553782
1674 0.001872158518682
1675 0.001944153102311
1676 0.002017507253473
1677 0.002076029660282
1678 0.002127085123545
1679 0.002177090673304
1680 0.002056910869632
1681 0.002121771066608
1682 0.001769988212467
1683 0.001842944315679
1684 0.001559612991569
1685 0.001055438380572
1686 0.001023593112292
1687 0.001089630794196
1688 0.001157878580431
1689 0.000820113604018
1690 0.000893592715937
1691 0.000966959240459
1692 0.001026250930321
1693 0.001098470042085
1694 0.000795873086872
1695 0.000867223665603
1696 0.000940413274658
1697 0.001013095912695
1698 0.001086060343717
1699 0.001158993023064
1700 0.001231811925862
1701 0.001171709627843
1702 0.001244464167633
1703 0.001316772859795
1704 0.001242671909789
1705 0.001227992245576
1706 0.001299149103020
1707 0.001371615916158
1708 0.001167350069157
1709 0.001239796834457
1710 0.001312135529200
1711 0.001384385577354
1712 0.001453330076006
1713 0.001525450856906
1714 0.001584896329090
1715 0.001228094098570
1716 0.001290807226194
1717 0.001342091944665
1718 0.001413006779272
1719 0.001484899909267
1720 0.001556710590188
1721 0.001616477428953
1722 0.001621233968794
1723 0.001485454223163
1724 0.001557087613219
1725 0.001628648721843
1726 0.001689803648415
1727 0.001761205032699
1728 0.001722309950765
1729 0.001289829506717
1730 0.001104406352007
1731 0.001083662850678
1732 0.000942274980251
1733 0.001012197931211
1734 0.001026554528400
1735 0.000623312284856
1736 0.000692957499247
1737 0.000763777039828
1738 0.000835259331234
1739 0.000869647341455
1740 0.000934799276023
1741 0.000836785991726
1742 0.000682634045819
1743 0.000521523393544
1744 0.000592898602915
1745 0.000551213239721
1746 0.000622481578438
1747 0.000680724662110
1748 0.000751842068948
1749 0.000822850355737
1750 0.000893808726946
1751 0.000859633523409
1752 0.000848568330048
1753 0.000919383491255
1754 0.000989683633121
1755 0.001056574158173
1756 0.000964717287449
1757 0.001006699186826
1758 0.001077225440297
1759 0.001104735619575
1760 0.001173945027650
1761 0.001227321983347
1762 0.001292067934536
1763 0.001361392974453
1764 0.001427516314491
1765 0.001497529051780
1766 0.001567141350550
1767 0.001621581529782
1768 0.001691365698320
1769 0.001761070974917
1770 0.001795779750264
1771 0.001865221592302
1772 0.001934709848833
1773 0.002001475527299
1774 0.002066405642560
1775 0.002131016179616
1776 0.002140016989381
1777 0.002207901915409
1778 0.002126739771784
1779 0.002195799332120
1780 0.002142054790223
1781 0.001997344319754
1782 0.002036953792339
1783 0.002104822722287
1784 0.002173034836124
1785 0.002097081915934
1786 0.001664429291442
1787 0.001733447383954
1788 0.001799915963110
1789 0.001868710744490
1790 0.001806908983391
1791 0.001875516248463
1792 0.001944224107622
1793 0.002012836064630
1794 0.002081390176344
1795 0.002149868510507
1796 0.002218270419183
1797 0.002247777889485
1798 0.001870708793602
1799 0.001939136898968
1800 0.001963853692770
1801 0.002008612166345
1802 0.002076752091389
1803 0.001821660991107
1804 0.001798163359986
1805 0.001866419198982
1806 0.001934599212251
1807 0.002002703699987
1808 0.002070366048444
1809 0.002138320517035
1810 0.002204032954442
1811 0.002119412581248
1812 0.002185734986975
1813 0.002249396943345
1814 0.002316988674512
1815 0.002384582620110
1816 0.002452102123072
1817 0.002517515650166
1818 0.002567724542343
1819 0.002569308582677
1820 0.002636578174326
1821 0.002436292152731
1822 0.002501877098449
1823 0.002209611091397
1824 0.002245710027020
1825 0.002129248530805
1826 0.002112085704203
1827 0.002154056643356
1828 0.002153398175164
1829 0.002220418456219
1830 0.002273295226712
1831 0.002168590844429
1832 0.002235449717829
1833 0.002302378490886
1834 0.002060744786692
1835 0.002119362158767
1836 0.002185422352801
1837 0.002200354341759
1838 0.002194541370561
1839 0.002186046681994
1840 0.001792449402681
1841 0.001827145220372
1842 0.001894014295842
1843 0.001958550880530
1844 0.002025276177524
1845 0.002091928937420
1846 0.001886550061778
1847 0.001923621732562
1848 0.001968231598107
1849 0.002034771217359
1850 0.002101217909174
1851 0.002167162671135
1852 0.002183921656136
1853 0.002244080825417
1854 0.002310292214548
1855 0.002366350087548
1856 0.002432333394134
1857 0.002495153390792
1858 0.002560340187255
1859 0.002626147783222
1860 0.002691456336325
1861 0.002425009224378
1862 0.002490826100060
1863 0.002553756366453
1864 0.002257551983130
1865 0.002092253675467
1866 0.002150280837267
1867 0.002216078659150
1868 0.002281808809759
1869 0.002347188502103
1870 0.002412220570891
1871 0.002477141189801
1872 0.002527362853660
1873 0.002592652437771
1874 0.002612633628062
1875 0.002677906876796
1876 0.002707388848873
1877 0.002703979120844
1878 0.002762740352852
1879 0.002827713182120
1880 0.002892658172149
1881 0.002914133070917
1882 0.002795070463088
1883 0.002370964217385
1884 0.002435797651001
1885 0.002500817437678
1886 0.002527277572085
1887 0.002592175987661
1888 0.002374633682606
1889 0.002439549098779
1890 0.002504395898197
1891 0.002326805102142
1892 0.001891337615959
1893 0.001947406832669
1894 0.001851639275663
1895 0.001916625173299
1896 0.001971192289813
1897 0.002031203277229
1898 0.002095989560607
1899 0.002049518261817
1900 0.002088858878642
1901 0.001744049910743
1902 0.001808853249380
1903 0.001873588481514
1904 0.001938239621001
1905 0.001714502021285
1906 0.001778970005471
1907 0.001797270346823
1908 0.001861714245364
1909 0.001925710656089
1910 0.001990146266354
1911 0.001783776516146
1912 0.001629649706483
1913 0.001693943361441
1914 0.001755098226879
1915 0.001802416684572
1916 0.001471831185269
1917 0.001446801059218
1918 0.001511067044951
1919 0.001449447092347
1920 0.001506907077961
1921 0.001513425341734
1922 0.001554634800421
1923 0.001613516415250
1924 0.001659916357305
1925 0.001723985475660
1926 0.001785409853772
1927 0.001795938780975
1928 0.001859835678899
1929 0.001923671485759
1930 0.001881717477629
1931 0.001944162515755
1932 0.002007796857335
1933 0.002058573777468
1934 0.002102880149359
1935 0.002146282486836
1936 0.002042010140771
1937 0.002098305903211
1938 0.001793003893148
1939 0.001856315964332
1940 0.001610365798635
1941 0.001172661021543
1942 0.001144953325888
1943 0.001202227751601
1944 0.001261430254794
1945 0.000968068508348
1946 0.001031805273117
1947 0.001095454261514
1948 0.001146888062451
1949 0.001209559339560
1950 0.000946630964468
1951 0.001008542021911
1952 0.001072060597014
1953 0.001135148558830
1954 0.001198491215549
1955 0.001261816121605
1956 0.001325051966011
1957 0.001272764153558
1958 0.001335954742014
1959 0.001398767509843
1960 0.001334303217261
1961 0.001321493192381
1962 0.001383317910960
1963 0.001446291258499
1964 0.001268612672949
1965 0.001331569547908
1966 0.001394442078577
1967 0.001457247124761
1968 0.001517186210200
1969 0.001579897759996
1970 0.001631590700310
1971 0.001321107433079
1972 0.001375632135751
1973 0.001420219584663
1974 0.001481898185583
1975 0.001544437628143
1976 0.001606914770584
1977 0.001658917059575
1978 0.001663036534790
1979 0.001544799897959
1980 0.001607141624617
1981 0.001669429791383
1982 0.001722665221350
1983 0.001784832306113
1984 0.001750944035521
1985 0.001374224981695
1986 0.001212660805903
1987 0.001194535362896
1988 0.001071298610335
1989 0.001132157056984
1990 0.001144606494370
1991 0.000793153282661
1992 0.000853762846508
1993 0.000915404962234
1994 0.000977633946457
1995 0.001007537893906
1996 0.001064264585085
1997 0.000978751018100
1998 0.000844279218903
1999 0.000703720183341
2000 0.000765868267517
2001 0.000729429522671
2002 0.000791495608143
2003 0.000842210362585
2004 0.000904162329378
2005 0.000966028251240
2006 0.001027859742625
2007 0.000997976916313
2008 0.000988253528783
2009 0.001049975426442
2010 0.001111256947286
2011 0.001169571864319
2012 0.001089346385841
2013 0.001125927393345
2014 0.001187429838924
2015 0.001211390236419
2016 0.001271758244155
2017 0.001318312039775
2018 0.001374799342024
2019 0.001435293306346
2020 0.001493000074413
2021 0.001554111899032
2022 0.001614882787647
2023 0.001662410249469
2024 0.001723347789615
2025 0.001784225148731
2026 0.001814536786534
2027 0.001875199216339
2028 0.001935910859804
2029 0.001994252085487
2030 0.002050997527809
2031 0.002107471733319
2032 0.002115350169632
2033 0.002174699004050
2034 0.002103768282096
2035 0.002164151539750
2036 0.002117180205377
2037 0.001990668436443
2038 0.002025305706329
2039 0.002084659286606
2040 0.002144321332939
2041 0.002077909158008
2042 0.001699506408456
2043 0.001759858955789
2044 0.001817989781600
2045 0.001878163762075
2046 0.001824090152405
2047 0.001884108926502
2048 0.001944224107622
2049 0.002004263755702
2050 0.002064261145323
2051 0.002124200559683
2052 0.002184081405655
2053 0.002209926078400
2054 0.001879871364385
2055 0.001939770633963
2056 0.001961409542090
2057 0.002000598873669
2058 0.002060266589036
2059 0.001836899533034
2060 0.001816314598527
2061 0.001876083467110
2062 0.001935794155614
2063 0.001995446901322
2064 0.002054720536404
2065 0.002114258201873
2066 0.002171839796269
2067 0.002097715315042
2068 0.002155838088951
2069 0.002211637520462
2070 0.002270888322279
2071 0.002330149119773
2072 0.002389352715758
2073 0.002446718431213
2074 0.002490764025810
2075 0.002492189726959
2076 0.002551201179588
2077 0.002375642456271
2078 0.002433176826240
2079 0.002176932367085
2080 0.002208604067710
2081 0.002106487237035
2082 0.002091445661588
2083 0.002128268295229
2084 0.002127703088172
2085 0.002186506823970
2086 0.002232910659844
2087 0.002141069098084
2088 0.002199743895888
2089 0.002258487862779
2090 0.002046472397294
2091 0.002097920101812
2092 0.002155906697559
2093 0.002169026420144
2094 0.002163939069075
2095 0.002156497002262
2096 0.001810986771224
2097 0.001841438112664
2098 0.001900140945897
2099 0.001956803546626
2100 0.002015395544240
2101 0.002073931585479
2102 0.001893574113032
2103 0.001926129677410
2104 0.001965310534626
2105 0.002023759312327
2106 0.002082134142224
2107 0.002140075688573
2108 0.002154812276431
2109 0.002207682854930
2110 0.002265878264134
2111 0.002315159063929
2112 0.002373168632133
2113 0.002428405687767
2114 0.002485730103818
2115 0.002543607612558
2116 0.002601053949488
2117 0.002366869881020
2118 0.002424759003713
2119 0.002480117735844
2120 0.002219716164201
2121 0.002074386834652
2122 0.002125421966961
2123 0.002183297328396
2124 0.002241120634737
2125 0.002298643144462
2126 0.002355867280864
2127 0.002413000722929
2128 0.002457210824061
2129 0.002514682662047
2130 0.002532298962694
2131 0.002589768543193
2132 0.002615751806771
2133 0.002612794271625
2134 0.002664549088195
2135 0.002721777255623
2136 0.002778988171907
2137 0.002797943695810
2138 0.002693191760095
2139 0.002319891067268
2140 0.002376992591606
2141 0.002434265409423
2142 0.002457594244867
2143 0.002514772496625
2144 0.002323241494548
2145 0.002380433388878
2146 0.002437572049927
2147 0.002281187619796
2148 0.001897640661521
2149 0.001947027689993
2150 0.001862663330073
2151 0.001919909844237
2152 0.001967984178920
2153 0.002020861118650
2154 0.002077952440847
2155 0.002037010000344
2156 0.002071685176703
2157 0.001767807256316
2158 0.001824912072230
2159 0.001881963988825
2160 0.001938948893489
2161 0.001741715743683
2162 0.001798537558732
2163 0.001814662932475
2164 0.001871475116315
2165 0.001927899775531
2166 0.001984718716661
2167 0.001802731100095
2168 0.001666795023222
2169 0.001723483182106
2170 0.001777409851519
2171 0.001819138333720
2172 0.001527509172434
2173 0.001505402209881
2174 0.001562073580390
2175 0.001507682915754
2176 0.001558356140274
2177 0.001564084268728
2178 0.001600426748375
2179 0.001652369636565
2180 0.001693302955507
2181 0.001749836502612
2182 0.001804042506836
2183 0.001813328173380
2184 0.001869727362852
2185 0.001926079481730
2186 0.001889037558726
2187 0.001944169725411
2188 0.002000358729398
2189 0.002045200769025
2190 0.002084334054982
2191 0.002122673657498
2192 0.002030589874126
2193 0.002080319154615
2194 0.001810648548984
2195 0.001866568576944
2196 0.001649285528645
2197 0.001262565504946
2198 0.001238044008383
2199 0.001288608409692
2200 0.001340882630395
2201 0.001081605915624
2202 0.001137881213913
2203 0.001194085709813
2204 0.001239500597644
2205 0.001294853752541
2206 0.001062398799757
2207 0.001117076056320
2208 0.001173181004041
2209 0.001228911954253
2210 0.001284874754178
2211 0.001340828534278
2212 0.001396710224715
2213 0.001350438689591
2214 0.001406287604523
2215 0.001461808994733
2216 0.001404763392321
2217 0.001393400776639
2218 0.001448057309673
2219 0.001503736418199
2220 0.001346521018569
2221 0.001402186192341
2222 0.001457783302446
2223 0.001513327245144
2224 0.001566341651630
2225 0.001621815757745
2226 0.001667544946614
2227 0.001392736471554
2228 0.001440964067887
2229 0.001480401351320
2230 0.001534972372149
2231 0.001590311827491
2232 0.001645602579850
2233 0.001691625794147
2234 0.001695258566413
2235 0.001590550500945
2236 0.001645734252367
2237 0.001700876972857
2238 0.001748008865178
2239 0.001803056647866
2240 0.001773033186618
2241 0.001439338670333
2242 0.001296193457660
2243 0.001280099481777
2244 0.001170883693805
2245 0.001224758021333
2246 0.001235747237465
2247 0.000924294418037
2248 0.000977943488343
2249 0.001032513766689
2250 0.001087610427016
2251 0.001114064624564
2252 0.001164295507718
2253 0.001088454129915
2254 0.000969206411233
2255 0.000844549010222
2256 0.000899582405402
2257 0.000867217477366
2258 0.000922185818890
2259 0.000967095497038
2260 0.001021974637002
2261 0.001076783730777
2262 0.001131568530176
2263 0.001105020345821
2264 0.001096349141938
2265 0.001151047242063
2266 0.001205360915974
2267 0.001257049135728
2268 0.001185840520222
2269 0.001218251747182
2270 0.001272777562619
2271 0.001293999426655
2272 0.001347529045672
2273 0.001388806315784
2274 0.001438903449321
2275 0.001492562003105
2276 0.001543752865494
2277 0.001597971681816
2278 0.001651893928083
2279 0.001694066391500
2280 0.001748147937602
2281 0.001802182068273
2282 0.001829085408006
2283 0.001882939195387
2284 0.001936842642397
2285 0.001988647200439
2286 0.002039040399389
2287 0.002089198278059
2288 0.002096203197659
2289 0.002148922868844
2290 0.002085932776129
2291 0.002139576497138
2292 0.002097862246814
2293 0.001985483199557
2294 0.002016257367502
2295 0.002068994186031
2296 0.002122010840918
2297 0.002063009996972
2298 0.001726768258320
2299 0.001780388524675
2300 0.001832040210931
2301 0.001885513370271
2302 0.001837449966712
2303 0.001890791291403
2304 0.001944224107622
2305 0.001997595577867
2306 0.002050935264294
2307 0.002104229180521
2308 0.002157476783343
2309 0.002180467566265
2310 0.001887003096969
2311 0.001940263965533
2312 0.001959506656613
2313 0.001994359383783
2314 0.002047428699994
2315 0.001848767822924
2316 0.001830453128030
2317 0.001883612169730
2318 0.001936725159805
2319 0.001989792293652
2320 0.002042527827021
2321 0.002095503902809
2322 0.002146745215608
2323 0.002080800227182
2324 0.002132527770870
2325 0.002182193290919
2326 0.002234935597020
2327 0.002287692393039
2328 0.002340403865379
2329 0.002391485049143
2330 0.002430715004756
2331 0.002432009890601
2332 0.002484569048189
2333 0.002328302937516
2334 0.002379547050761
2335 0.002151419170330
2336 0.002179630921399
2337 0.002088712585290
2338 0.002075325594088
2339 0.002108124938227
2340 0.002107630174061
2341 0.002160012003216
2342 0.002201354828346
2343 0.002119561493492
2344 0.002171837297852
2345 0.002224180177781
2346 0.002035314868668
2347 0.002081155647397
2348 0.002132827164755
2349 0.002144526891832
2350 0.002140004162636
2351 0.002133382641978
2352 0.001825488794233
2353 0.001852620949344
2354 0.001904935036552
2355 0.001955436100178
2356 0.002007662145355
2357 0.002059843713467
2358 0.001899073009815
2359 0.001928093295102
2360 0.001963023193391
2361 0.002015135418890
2362 0.002067187076662
2363 0.002118857743281
2364 0.002132007466272
2365 0.002179164698773
2366 0.002231075447538
2367 0.002275041045841
2368 0.002326796251104
2369 0.002376083828537
2370 0.002427238316887
2371 0.002478891384273
2372 0.002530165062676
2373 0.002321274719625
2374 0.002372940581893
2375 0.002422354043707
2376 0.002190033518374
2377 0.002060368467753
2378 0.002105915384963
2379 0.002157571080175
2380 0.002209185546106
2381 0.002260536771749
2382 0.002311626872657
2383 0.002362641170466
2384 0.002402125002162
2385 0.002453451052012
2386 0.002469202917892
2387 0.002520535457518
2388 0.002543762237683
2389 0.002541151759283
2390 0.002587392939648
2391 0.002638526061190
2392 0.002689648874057
2393 0.002706613894483
2394 0.002613101651894
2395 0.002279736269076
2396 0.002330753554920
2397 0.002381928916615
2398 0.002402789092600
2399 0.002453888633522
2400 0.002282812973276
2401 0.002333923777882
2402 0.002384992086051
2403 0.002245289717542
2404 0.001902601294716
2405 0.001946729262929
2406 0.001871341451042
2407 0.001922495823226
2408 0.001965458191274
2409 0.002012717044419
2410 0.002063747273500
2411 0.002027157993485
2412 0.002058156970366
2413 0.001786523673197
2414 0.001837564881286
2415 0.001888563819223
2416 0.001939507856576
2417 0.001763164705689
2418 0.001813961775653
2419 0.001828374243280
2420 0.001879170877379
2421 0.001929625933736
2422 0.001980438526771
2423 0.001817680423218
2424 0.001696094464479
2425 0.001746786141666
2426 0.001795012674917
2427 0.001832332383213
2428 0.001571446167248
2429 0.001551651038955
2430 0.001602333059802
2431 0.001553653522549
2432 0.001598973821047
2433 0.001604082541953
2434 0.001636586207688
2435 0.001683053309909
2436 0.001719672337667
2437 0.001770256374127
2438 0.001818762149904
2439 0.001827067148028
2440 0.001877543414762
2441 0.001927982400300
2442 0.001894822880805
2443 0.001944175424079
2444 0.001994478834482
2445 0.002034628161533
2446 0.002069670053950
2447 0.002104004640429
2448 0.002021558159982
2449 0.002066092804256
2450 0.001824605831846
2451 0.001874679476925
2452 0.001680078463481
2453 0.001333704763929
2454 0.001311712347994
2455 0.001356974038478
2456 0.001403771644308
2457 0.001171483920163
2458 0.001221861596659
2459 0.001272180638581
2460 0.001312837678357
2461 0.001362403045877
2462 0.001154091439405
2463 0.001203048407572
2464 0.001253289378439
2465 0.001303199950709
2466 0.001353323024446
2467 0.001403442748618
2468 0.001453502588582
2469 0.001412005747920
2470 0.001462041347354
2471 0.001511788059444
2472 0.001460629874164
2473 0.001450420903098
2474 0.001499398740666
2475 0.001549297973146
2476 0.001408319076242
2477 0.001458206259484
2478 0.001508037074086
2479 0.001557824863859
2480 0.001605348872893
2481 0.001655083205375
2482 0.001696082362093
2483 0.001449595446517
2484 0.001492829836877
2485 0.001528183494424
2486 0.001577115752793
2487 0.001626741881256
2488 0.001676328910682
2489 0.001717606175123
2490 0.001720855023662
2491 0.001626897527565
2492 0.001676397736695
2493 0.001725865687859
2494 0.001768149643873
2495 0.001817541164779
2496 0.001790591229798
2497 0.001491101053972
2498 0.001362604925390
2499 0.001348133056894
2500 0.001250073752179
2501 0.001298401891021
2502 0.001308237276938
2503 0.001028610039504
2504 0.001076732561241
2505 0.001125686560014
2506 0.001175117650574
2507 0.001198835596907
2508 0.001243905444551
2509 0.001175770636209
2510 0.001068650447199
2511 0.000956662441100
2512 0.001006042706265
2513 0.000976932438506
2514 0.001026259725778
2515 0.001066556699547
2516 0.001115812420976
2517 0.001165009688851
2518 0.001214189589678
2519 0.001190306635229
2520 0.001182482471785
2521 0.001231591977320
2522 0.001280360510368
2523 0.001326774380597
2524 0.001262760567121
2525 0.001291855281547
2526 0.001340825985232
2527 0.001359871020770
2528 0.001407953862072
2529 0.001445028915511
2530 0.001490034709607
2531 0.001538245724463
2532 0.001584242848901
2533 0.001632966005150
2534 0.001681426890183
2535 0.001719328866974
2536 0.001767941115648
2537 0.001816515045046
2538 0.001840699082987
2539 0.001889118375195
2540 0.001937586601097
2541 0.001984171674363
2542 0.002029491630431
2543 0.002074603945526
2544 0.002080909704322
2545 0.002128332345122
2546 0.002071683986208
2547 0.002119941549468
2548 0.002082426075844
2549 0.001981339485342
2550 0.002009025793177
2551 0.002056473158954
2552 0.002104176435070
2553 0.002051098838463
2554 0.001748564929197
2555 0.001796804144728
2556 0.001843276156766
2557 0.001891391332243
2558 0.001848135729055
2559 0.001896136661060
2560 0.001944224107622
2561 0.001992260514852
2562 0.002040272478928
2563 0.002088247401878
2564 0.002136184784519
2565 0.002156889271757
2566 0.001892711818219
2567 0.001940658899843
2568 0.001957983162632
2569 0.001989363420101
2570 0.002037148398186
2571 0.001858272610510
2572 0.001841777144661
2573 0.001889642739532
2574 0.001937470975905
2575 0.001985262019623
2576 0.002032758513292
2577 0.002080475719818
2578 0.002126634508221
2579 0.002067243233538
2580 0.002113843376377
2581 0.002158589993389
2582 0.002206112149581
2583 0.002253651401530
2584 0.002301153858418
2585 0.002347191509093
2586 0.002382555039688
2587 0.002383740404539
2588 0.002431119162259
2589 0.002290325270288
2590 0.002336518991517
2591 0.002130947562436
2592 0.002156380865717
2593 0.002074447621818
2594 0.002062387282394
2595 0.002091955916017
2596 0.002091516170590
2597 0.002138740651166
2598 0.002176017852016
2599 0.002102290862179
2600 0.002149426152968
2601 0.002196625870222
2602 0.002026352826075
2603 0.002067688696116
2604 0.002114285543163
2605 0.002124842625898
2606 0.002120771739734
2607 0.002114807810833
2608 0.001837143794320
2609 0.001861609223978
2610 0.001908788677239
2611 0.001954336801023
2612 0.002001444634765
2613 0.002048516266434
2614 0.001903494846479
2615 0.001929672449214
2616 0.001961183527506
2617 0.002008198737314
2618 0.002055163195808
2619 0.002101787788822
2620 0.002113659168633
2621 0.002156217430046
2622 0.002203068604281
2623 0.002242753918054
2624 0.002289472139545
2625 0.002333967223373
2626 0.002380150869221
2627 0.002426788292220
2628 0.002473087100540
2629 0.002284559254934
2630 0.002331210004930
2631 0.002375831328527
2632 0.002166125004259
2633 0.002049076042309
2634 0.002090200515183
2635 0.002136843632367
2636 0.002183453327498
2637 0.002229829133517
2638 0.002275972927301
2639 0.002322052019997
2640 0.002357722491176
2641 0.002404090166831
2642 0.002418334418487
2643 0.002464714153858
2644 0.002485713160037
2645 0.002483377287137
2646 0.002525166476685
2647 0.002571377855632
2648 0.002617583639839
2649 0.002632936361287
2650 0.002548485557051
2651 0.002247336754428
2652 0.002293441511742
2653 0.002339692794828
2654 0.002358556750417
2655 0.002404745839311
2656 0.002250177901887
2657 0.002296376500657
2658 0.002342540392117
2659 0.002216304085297
2660 0.001906607099266
2661 0.001946488255880
2662 0.001878350451825
2663 0.001924584610610
2664 0.001963417678731
2665 0.002006137610340
2666 0.002052270180303
2667 0.002019197335525
2668 0.002047224881587
2669 0.001801649679646
2670 0.001847791383886
2671 0.001893898537991
2672 0.001939959712964
2673 0.001780505224542
2674 0.001826432664578
2675 0.001839461183569
2676 0.001885394205833
2677 0.001931021948871
2678 0.001976976655486
2679 0.001829772690186
2680 0.001719796400540
2681 0.001765638853074
2682 0.001809255078635
2683 0.001843008596947
2684 0.001607001738312
2685 0.001589080724460
2686 0.001634918356988
2687 0.001590864564521
2688 0.001631854800721
2689 0.001636464929760
2690 0.001665863271771
2691 0.001707898989661
2692 0.001741026443576
2693 0.001786793967805
2694 0.001830684295849
2695 0.001838195972390
2696 0.001883875112600
2697 0.001929524067736
2698 0.001899510321156
2699 0.001944180041710
2700 0.001989713941861
2701 0.002026059691410
2702 0.002057784723728
2703 0.002088871892964
2704 0.002014236592894
2705 0.002054559204870
2706 0.001835922268874
2707 0.001881256287216
2708 0.001705049395866
2709 0.001391398729224
2710 0.001371462536357
2711 0.001412428120994
2712 0.001454787806037
2713 0.001244400060225
2714 0.001289998959521
2715 0.001335548273231
2716 0.001372349801292
2717 0.001417223138556
2718 0.001228511587699
2719 0.001272831776168
2720 0.001318318529421
2721 0.001363509463450
2722 0.001408896381277
2723 0.001454283743074
2724 0.001499620323117
2725 0.001462004977309
2726 0.001507323367394
2727 0.001552383449372
2728 0.001506011151204
2729 0.001496743226424
2730 0.001541111302549
2731 0.001586317779234
2732 0.001458535653121
2733 0.001503731531757
2734 0.001548879751696
2735 0.001593992398193
2736 0.001637056497195
2737 0.001682127440294
2738 0.001719283343413
2739 0.001495825799654
2740 0.001535003900129
2741 0.001567040260924
2742 0.001611389909917
2743 0.001656372012481
2744 0.001701322048589
2745 0.001738740670832
2746 0.001741678944089
2747 0.001656470008269
2748 0.001701348082749
2749 0.001746200266054
2750 0.001784540575771
2751 0.001829329908279
2752 0.001804882660293
2753 0.001533236724780
2754 0.001416669744073
2755 0.001403523005709
2756 0.001314552159652
2757 0.001358369423647
2758 0.001367270137219
2759 0.001113567343396
2760 0.001157195545253
2761 0.001201581385145
2762 0.001246403404739
2763 0.001267898014114
2764 0.001308768533460
2765 0.001246918588716
2766 0.001149686910348
2767 0.001048030632870
2768 0.001092810928356
2769 0.001066360631823
2770 0.001111096867205
2771 0.001147640372036
2772 0.001192317973567
2773 0.001236945819830
2774 0.001281561196236
2775 0.001259857220070
2776 0.001252729539067
2777 0.001297286548929
2778 0.001341537285349
2779 0.001383653520618
2780 0.001325514044232
2781 0.001351907931484
2782 0.001396350758536
2783 0.001413623945755
2784 0.001457266068559
2785 0.001490915439454
2786 0.001531769270229
2787 0.001575536885600
2788 0.001617297082126
2789 0.001661536128575
2790 0.001705540183253
2791 0.001739957022333
2792 0.001784104599153
2793 0.001828220565998
2794 0.001850184554106
2795 0.001894165626537
2796 0.001938194327016
2797 0.001980515407975
2798 0.002021690170160
2799 0.002062679244381
2800 0.002068412735481
2801 0.002111505601530
2802 0.002060038829564
2803 0.002103893149499
2804 0.002069808492440
2805 0.001977952128231
2806 0.002003113736334
2807 0.002046235981490
2808 0.002089593886698
2809 0.002041358741954
2810 0.001766390107018
2811 0.001810229797699
2812 0.001852466297384
2813 0.001896199434091
2814 0.001856877244660
2815 0.001900509800072
2816 0.001944224107622
2817 0.001987895118952
2818 0.002031547005878
2819 0.002075168308820
2820 0.002118758567041
2821 0.002137590341584
2822 0.001897384796988
2823 0.001940982205968
2824 0.001956735882858
2825 0.001985272919572
2826 0.002028730628057
2827 0.001866055979190
2828 0.001851050985721
2829 0.001894581880653
2830 0.001938081859905
2831 0.001981551067496
2832 0.002024755403175
2833 0.002068163537424
2834 0.002110157069070
2835 0.002056134628164
2836 0.002098532187096
2837 0.002139246437959
2838 0.002182488703936
2839 0.002225749539170
2840 0.002268979909051
2841 0.002310880472565
2842 0.002343071324484
2843 0.002344163840343
2844 0.002387291759310
2845 0.002259182248270
2846 0.002301231749676
2847 0.002114157536292
2848 0.002137310595327
2849 0.002062746246025
2850 0.002051773327046
2851 0.002078690625611
2852 0.002078295003648
2853 0.002121286660578
2854 0.002155226261769
2855 0.002088117450912
2856 0.002131032692321
2857 0.002174009541476
2858 0.002018996299859
2859 0.002056633454894
2860 0.002099063260821
2861 0.002108681024822
2862 0.002104979917993
2863 0.002099554779739
2864 0.001846715218973
2865 0.001868991217071
2866 0.001911953879674
2867 0.001953433818982
2868 0.001996337084225
2869 0.002039210308729
2870 0.001907127839807
2871 0.001930969984760
2872 0.001959671824341
2873 0.002002498248208
2874 0.002045281356359
2875 0.002087757770600
2876 0.002098577327319
2877 0.002137353929684
2878 0.002180044215419
2879 0.002216208717821
2880 0.002258783425596
2881 0.002299335415795
2882 0.002341428714131
2883 0.002383938333408
2884 0.002426142257895
2885 0.002254359671672
2886 0.002296882773568
2887 0.002337559264602
2888 0.002146455118684
2889 0.002039784905140
2890 0.002077269733060
2891 0.002119787043528
2892 0.002162276743719
2893 0.002204556099770
2894 0.002246626798124
2895 0.002288641330682
2896 0.002321170147878
2897 0.002363453055627
2898 0.002376453038369
2899 0.002418751597171
2900 0.002437912747134
2901 0.002435799481568
2902 0.002473918631585
2903 0.002516072530282
2904 0.002558224121848
2905 0.002572244334802
2906 0.002495253990962
2907 0.002220643655845
2908 0.002262698851682
2909 0.002304890462781
2910 0.002322106868439
2911 0.002364246504611
2912 0.002223280865029
2913 0.002265428676209
2914 0.002307547609402
2915 0.002192409582970
2916 0.001909909552675
2917 0.001946289551062
2918 0.001884129634787
2919 0.001926307019392
2920 0.001961734954688
2921 0.002000711435504
2922 0.002042804131498
2923 0.002012631086348
2924 0.002038207029968
2925 0.001814127988556
2926 0.001856228423283
2927 0.001898300091058
2928 0.001940332556213
2929 0.001794814556761
2930 0.001836724340147
2931 0.001848611408256
2932 0.001890530786617
2933 0.001932174268216
2934 0.001974118900798
2935 0.001839755505472
2936 0.001739365028951
2937 0.001781205017583
2938 0.001821015484156
2939 0.001851824919075
2940 0.001636365318768
2941 0.001619994259342
2942 0.001661832793481
2943 0.001621601921990
2944 0.001659017349147
2945 0.001663217510246
2946 0.001690052129197
2947 0.001728428080329
2948 0.001758671830956
2949 0.001800460334639
2950 0.001840537242227
2951 0.001847393940069
2952 0.001889108629784
2953 0.001930798436246
2954 0.001903385314160
2955 0.001944183859265
2956 0.001985774362171
2957 0.002018974838705
2958 0.002047956624430
2959 0.002076357586425
2960 0.002008181459033
2961 0.002045019932700
2962 0.001845282589846
2963 0.001886696638895
2964 0.001725706860849
2965 0.001439130026651
2966 0.001420898464289
2967 0.001458312776395
2968 0.001497003336093
2969 0.001304741911399
2970 0.001346390083397
2971 0.001387995601943
2972 0.001421609499280
2973 0.001462602300372
2974 0.001290119659354
2975 0.001330605368387
2976 0.001372159869481
2977 0.001413446631374
2978 0.001454915151574
2979 0.001496386708272
2980 0.001537814473732
2981 0.001503416616812
2982 0.001544830607333
2983 0.001586011075423
2984 0.001543605828431
2985 0.001535120146219
2986 0.001575671543037
2987 0.001616992041057
2988 0.001500147515354
2989 0.001541458564016
2990 0.001582728633006
2991 0.001623968766503
2992 0.001663338217874
2993 0.001704545330985
2994 0.001738516755450
2995 0.001534153000602
2996 0.001569970646831
2997 0.001599258834416
2998 0.001639810708654
2999 0.001680943581789
3000 0.001722049690960
3001 0.001756269414523
3002 0.001758951283151
3003 0.001681000494261
3004 0.001722045906440
3005 0.001763070184005
3006 0.001798139705563
3007 0.001839111389833
3008 0.001816741506875
3009 0.001568202750040
3010 0.001461538155059
3011 0.001449494271764
3012 0.001368070094140
3013 0.001408146655342
3014 0.001416274854015
3015 0.001184097403642
3016 0.001223999030653
3017 0.001264596478600
3018 0.001305595618105
3019 0.001325247957783
3020 0.001362634966237
3021 0.001306008364565
3022 0.001216993833744
3023 0.001123923960537
3024 0.001164888234537
3025 0.001140652549114
3026 0.001181579541873
3027 0.001215009198038
3028 0.001255887316472
3029 0.001296722393509
3030 0.001337548557726
3031 0.001317659240266
3032 0.001311114304750
3033 0.001351891235716
3034 0.001392390227505
3035 0.001430937234053
3036 0.001377684589762
3037 0.001401836459996
3038 0.001442517834693
3039 0.001458320767551
3040 0.001498273061323
3041 0.001529076248086
3042 0.001566479473507
3043 0.001606553621991
3044 0.001644791602010
3045 0.001685302342906
3046 0.001725600289832
3047 0.001757118943512
3048 0.001797552956819
3049 0.001837960450110
3050 0.001858077710073
3051 0.001898365879293
3052 0.001938700101536
3053 0.001977472311712
3054 0.002015196616784
3055 0.002052753052889
3056 0.002058009499639
3057 0.002097497076035
3058 0.002050343417917
3059 0.002090530849819
3060 0.002059302086390
3061 0.001975131359438
3062 0.001998190240269
3063 0.002037710013580
3064 0.002077448108812
3065 0.002033245702349
3066 0.001781238608047
3067 0.001821414193962
3068 0.001860122750911
3069 0.001900205402297
3070 0.001864160891865
3071 0.001904153845247
3072 0.001944224107622
3073 0.001984257052274
3074 0.002024274832178
3075 0.002064266937924
3076 0.002104232942330
3077 0.002121502673110
3078 0.001901280464149
3079 0.001941251750243
3080 0.001955695943098
3081 0.001981862177651
3082 0.002021711267502
3083 0.001872546748207
3084 0.001858785200769
3085 0.001898701300460
3086 0.001938591391796
3087 0.001978455602084
3088 0.002018079233596
3089 0.002057892092286
3090 0.002096409872264
3091 0.002046866076479
3092 0.002085756356454
3093 0.002123104919509
3094 0.002162774503336
3095 0.002202463429162
3096 0.002242126716168
3097 0.002280572423025
3098 0.002310113000560
3099 0.002311125901789
3100 0.002350702946784
3101 0.002233181189255
3102 0.002271768836599
3103 0.002100137891516
3104 0.002121385936547
3105 0.002052974372456
3106 0.002042908999881
3107 0.002067611311608
3108 0.002067251841041
3109 0.002106707048627
3110 0.002137857595704
3111 0.002076276661493
3112 0.002115665405147
3113 0.002155112955846
3114 0.002012849324518
3115 0.002047395319131
3116 0.002086342200738
3117 0.002095174136531
3118 0.002091781236962
3119 0.002086805612678
3120 0.001854715948298
3121 0.001875162194316
3122 0.001914599997020
3123 0.001952678876264
3124 0.001992066622634
3125 0.002031429039134
3126 0.001910165793921
3127 0.001932055068052
3128 0.001958407561080
3129 0.001997730533286
3130 0.002037015971159
3131 0.002076022025560
3132 0.002085960972197
3133 0.002121573133499
3134 0.002160781309358
3135 0.002193998810258
3136 0.002233105113925
3137 0.002270355978469
3138 0.002309024514237
3139 0.002348077600116
3140 0.002386852115707
3141 0.002229082783930
3142 0.002268149285827
3143 0.002305521784428
3144 0.002129988471473
3145 0.002032006347377
3146 0.002066443388460
3147 0.002105505470095
3148 0.002144544381952
3149 0.002183392241406
3150 0.002222050579467
3151 0.002260659480760
3152 0.002290555241056
3153 0.002329414802950
3154 0.002341370411143
3155 0.002380247940332
3156 0.002397867027326
3157 0.002395937810447
3158 0.002430979493481
3159 0.002469730904387
3160 0.002508482348543
3161 0.002521382842186
3162 0.002450641830894
3163 0.002198271412928
3164 0.002236930983642
3165 0.002275718081447
3166 0.002291551597823
3167 0.002330294583667
3168 0.002200730824026
3169 0.002239480942048
3170 0.002278206657839
3171 0.002172373164903
3172 0.001912678949291
3173 0.001946122909549
3174 0.001888976573995
3175 0.001927751672806
3176 0.001960323501020
3177 0.001996159733918
3178 0.002034863135239
3179 0.002007122377146
3180 0.002030641109175
3181 0.001824597842841
3182 0.001863307900087
3183 0.001901993634332
3184 0.001940645444768
3185 0.001806823613282
3186 0.001845362111796
3187 0.001856291625086
3188 0.001894842420926
3189 0.001933141580505
3190 0.001971719820217
3191 0.001848136565375
3192 0.001755794829746
3193 0.001794275135670
3194 0.001830890690044
3195 0.001859228422132
3196 0.001661024846286
3197 0.001645956987262
3198 0.001684438227008
3199 0.001647419764917
3200 0.001681833889825
3201 0.001685691015066
3202 0.001710373186810
3203 0.001745675592969
3204 0.001773497481027
3205 0.001811943494041
3206 0.001848816667536
3207 0.001855123445181
3208 0.001893506872404
3209 0.001931869477652
3210 0.001906642239745
3211 0.001944187068103
3212 0.001982462760314
3213 0.002013018975911
3214 0.002039694171318
3215 0.002065836226993
3216 0.002003090326582
3217 0.002036998878544
3218 0.001853153636630
3219 0.001891271672133
3220 0.001743079660593
3221 0.001479274107597
3222 0.001462478651965
3223 0.001496908277728
3224 0.001532514662864
3225 0.001355503908990
3226 0.001393831345084
3227 0.001432121569546
3228 0.001463056010970
3229 0.001500786005128
3230 0.001341961993334
3231 0.001379223875736
3232 0.001417471888344
3233 0.001455475407717
3234 0.001493648328057
3235 0.001531826082069
3236 0.001569965544893
3237 0.001538278129833
3238 0.001576407116312
3239 0.001614323065619
3240 0.001575259618391
3241 0.001567434436289
3242 0.001604773781326
3243 0.001642823496204
3244 0.001535191784041
3245 0.001573232979783
3246 0.001611238442464
3247 0.001649218340671
3248 0.001685477007213
3249 0.001723430454659
3250 0.001754720165344
3251 0.001566444050555
3252 0.001599432173880
3253 0.001626406424315
3254 0.001663759642316
3255 0.001701650130058
3256 0.001739517949763
3257 0.001771042641859
3258 0.001773509246032
3259 0.001701677157354
3260 0.001739493028987
3261 0.001777291405853
3262 0.001809604330617
3263 0.001847358051112
3264 0.001826740142227
3265 0.001597685588490
3266 0.001499372693900
3267 0.001488260980665
3268 0.001413203333875
3269 0.001450127636616
3270 0.001457606661025
3271 0.001243587601202
3272 0.001280349158924
3273 0.001317754032230
3274 0.001355531138360
3275 0.001373632047664
3276 0.001408082713549
3277 0.001355865926427
3278 0.001273787900282
3279 0.001187966911941
3280 0.001225714449022
3281 0.001203351213843
3282 0.001241066747489
3283 0.001271871524220
3284 0.001309545726501
3285 0.001347182192235
3286 0.001384812386324
3287 0.001366457720960
3288 0.001360407525411
3289 0.001397995588166
3290 0.001435329277143
3291 0.001470864745336
3292 0.001421741125780
3293 0.001444002034789
3294 0.001481508971873
3295 0.001496072286537
3296 0.001532910035792
3297 0.001561310962081
3298 0.001595801070334
3299 0.001632756606023
3300 0.001668020305476
3301 0.001705382310118
3302 0.001742549925614
3303 0.001771620585054
3304 0.001808917307487
3305 0.001846191462613
3306 0.001864748453501
3307 0.001901915835886
3308 0.001939127594147
3309 0.001974900072290
3310 0.002009707504293
3311 0.002044361808555
3312 0.002049214493493
3313 0.002085653466039
3314 0.002042145909336
3315 0.002079232350271
3316 0.002050417899850
3317 0.001972745994208
3318 0.001994026488021
3319 0.002030499289890
3320 0.002067175414744
3321 0.002026383453553
3322 0.001793798598381
3323 0.001830875324837
3324 0.001866599871043
3325 0.001903594511639
3326 0.001870323304142
3327 0.001907237099581
3328 0.001944224107622
3329 0.001981178520033
3330 0.002018120782483
3331 0.002055041190533
3332 0.002091939346386
3333 0.002107886317645
3334 0.001904577876486
3335 0.001941479913209
3336 0.001954815610400
3337 0.001978974750043
3338 0.002015768573395
3339 0.001878042227096
3340 0.001865333811593
3341 0.001902189429354
3342 0.001939022862547
3343 0.001975834225302
3344 0.002012425252660
3345 0.002049192838453
3346 0.002084766251299
3347 0.002039015361203
3348 0.002074934296806
3349 0.002109431139920
3350 0.002146073338768
3351 0.002182735208835
3352 0.002219375204298
3353 0.002254892384629
3354 0.002282185881719
3355 0.002283129818539
3356 0.002319696217694
3357 0.002211145737096
3358 0.002246798184241
3359 0.002088255209564
3360 0.002107887892438
3361 0.002044691103251
3362 0.002035394623790
3363 0.002058218767981
3364 0.002057889445156
3365 0.002094345790708
3366 0.002123130865773
3367 0.002066236431677
3368 0.002102634237640
3369 0.002139088157643
3370 0.002007636251662
3371 0.002039560305739
3372 0.002075552689516
3373 0.002083717508188
3374 0.002080585438174
3375 0.002075990541480
3376 0.001861503296872
3377 0.001880397565890
3378 0.001916845045070
3379 0.001952038325577
3380 0.001988443047533
3381 0.002024826122108
3382 0.001912743833042
3383 0.001932975929456
3384 0.001957334581149
3385 0.001993683961655
3386 0.002030000402032
3387 0.002066060328780
3388 0.002075251220918
3389 0.002108176452878
3390 0.002144427727162
3391 0.002175142330200
3392 0.002211302773827
3393 0.002245749506634
3394 0.002281508632064
3395 0.002317625024541
3396 0.002353485575639
3397 0.002207615659663
3398 0.002243745270047
3399 0.002278310191235
3400 0.002116001507607
3401 0.002025398804485
3402 0.002057246405540
3403 0.002093372637655
3404 0.002129479167432
3405 0.002165410731201
3406 0.002201168730732
3407 0.002236882710721
3408 0.002264539756854
3409 0.002300488778308
3410 0.002311555322081
3411 0.002347523782850
3412 0.002363830512835
3413 0.002362055973962
3414 0.002394479968355
3415 0.002430337129871
3416 0.002466196016671
3417 0.002478142386802
3418 0.002412712358349
3419 0.002179249444470
3420 0.002215020761343
3421 0.002250911750754
3422 0.002265568010012
3423 0.002301421068660
3424 0.002181552751772
3425 0.002217412110044
3426 0.002253250577029
3427 0.002155330223945
3428 0.001915034713740
3429 0.001945981150058
3430 0.001893100005076
3431 0.001928980744013
3432 0.001959122613867
3433 0.001992286876263
3434 0.002028106119785
3435 0.002002434762299
3436 0.002024202589851
3437 0.001833508033060
3438 0.001869333074354
3439 0.001905137281078
3440 0.001940911763864
3441 0.001817045794785
3442 0.001852715008639
3443 0.001862829735899
3444 0.001898513068949
3445 0.001933965129690
3446 0.001969677190378
3447 0.001855272744898
3448 0.001769784938545
3449 0.001805405010074
3450 0.001839300358131
3451 0.001865533520795
3452 0.001682026877254
3453 0.001668070043391
3454 0.001703692768246
3455 0.001669411635172
3456 0.001701270202254
3457 0.001704836074856
3458 0.001727685458565
3459 0.001760370134672
3460 0.001786129277677
3461 0.001821727902327
3462 0.001855871637109
3463 0.001861710153117
3464 0.001897255028356
3465 0.001932782258394
3466 0.001909418049951
3467 0.001944189803066
3468 0.001979640068535
3469 0.002007942156573
3470 0.002032650846734
3471 0.002056866851436
3472 0.001998749960207
3473 0.002030160312072
3474 0.001859864644280
3475 0.001895172628531
3476 0.001757893520903
3477 0.001513506836963
3478 0.001497937776936
3479 0.001529823728275
3480 0.001562801334663
3481 0.001398799620237
3482 0.001434296752094
3483 0.001469761032580
3484 0.001498411646086
3485 0.001533359937477
3486 0.001386190077458
3487 0.001420703674808
3488 0.001456132601685
3489 0.001491336590628
3490 0.001526699158879
3491 0.001562067816398
3492 0.001597402598747
3493 0.001568029681598
3494 0.001603356500907
3495 0.001638487491013
3496 0.001602277613026
3497 0.001595017552063
3498 0.001629616343800
3499 0.001664875098525
3500 0.001565109576851
3501 0.001600360580105
3502 0.001635580055908
3503 0.001670777426124
3504 0.001704380904960
3505 0.001739556895503
3506 0.001768557304312
3507 0.001594020809782
3508 0.001624593728907
3509 0.001649592895368
3510 0.001684215170270
3511 0.001719337096237
3512 0.001754439583138
3513 0.001783662754366
3514 0.001785946071463
3515 0.001719342027701
3516 0.001754399501151
3517 0.001789442321876
3518 0.001819400425817
3519 0.001854404857155
3520 0.001835284430620
3521 0.001622881232028
3522 0.001531707152138
3523 0.001521393697242
3524 0.001451779190310
3525 0.001486010954794
3526 0.001492936798952
3527 0.001294441852873
3528 0.001328521490803
3529 0.001363199296979
3530 0.001398223886273
3531 0.001415000375998
3532 0.001446942338940
3533 0.001398498163729
3534 0.001322353737599
3535 0.001242734052562
3536 0.001277733247834
3537 0.001256973905618
3538 0.001291945290223
3539 0.001320507370886
3540 0.001355443372141
3541 0.001390345911619
3542 0.001425244176458
3543 0.001408204318472
3544 0.001402579377851
3545 0.001437441145565
3546 0.001472068441442
3547 0.001505028826741
3548 0.001459440010603
3549 0.001480084551172
3550 0.001514876598564
3551 0.001528380612698
3552 0.001562554293222
3553 0.001588900538568
3554 0.001620898509148
3555 0.001655185770695
3556 0.001687904493707
3557 0.001722571936252
3558 0.001757060490705
3559 0.001784036011235
3560 0.001818647234687
3561 0.001853239021479
3562 0.001870460347789
3563 0.001904955666805
3564 0.001939493673679
3565 0.001972697254070
3566 0.002005006508906
3567 0.002037175026543
3568 0.002041681551009
3569 0.002075508911331
3570 0.002035124065852
3571 0.002069553798012
3572 0.002042807146544
3573 0.001970702444540
3574 0.001990459221826
3575 0.002024321262852
3576 0.002058373531460
3577 0.002020503444451
3578 0.001804561295521
3579 0.001838982977364
3580 0.001872150654441
3581 0.001906499056898
3582 0.001875604880270
3583 0.001909879766078
3584 0.001944224107622
3585 0.001978539655437
3586 0.002012845392420
3587 0.002047132304772
3588 0.002081400020544
3589 0.002096212445880
3590 0.001907405017202
3591 0.001941675545002
3592 0.001954060759422
3593 0.001976498778860
3594 0.002010672473440
3595 0.001882755039729
3596 0.001870950028441
3597 0.001905181055052
3598 0.001939392934459
3599 0.001973585770140
3600 0.002007575393457
3601 0.002041730468252
3602 0.002074777692504
3603 0.002032280262420
3604 0.002065649666276
3605 0.002097699378403
3606 0.002131743498731
3607 0.002165807334726
3608 0.002199852288347
3609 0.002232855510449
3610 0.002258219617406
3611 0.002259103271323
3612 0.002293084683868
3613 0.002192232939657
3614 0.002225365156124
3615 0.002078055496674
3616 0.002096301075814
3617 0.002037580362062
3618 0.002028943641994
3619 0.002050155039588
3620 0.002049851233441
3621 0.002083732382569
3622 0.002110485882314
3623 0.002057615080598
3624 0.002091444118080
3625 0.002125326724042
3626 0.002003159277344
3627 0.002032831310228
3628 0.002066285843605
3629 0.002073877246258
3630 0.002070968771336
3631 0.002066700481698
3632 0.001867333838599
3633 0.001884895114661
3634 0.001918773784755
3635 0.001951487998260
3636 0.001985329722830
3637 0.002019152733131
3638 0.001914959047526
3639 0.001933767227508
3640 0.001956412525868
3641 0.001990206421795
3642 0.002023971096329
3643 0.002057498683813
3644 0.002066046242597
3645 0.002096661555653
3646 0.002130370643618
3647 0.002158933099331
3648 0.002192560411286
3649 0.002224595628270
3650 0.002257852511994
3651 0.002291442982708
3652 0.002324796929470
3653 0.002189157341206
3654 0.002222760755110
3655 0.002254910454599
3656 0.002103973330802
3657 0.002019716353734
3658 0.002049336698523
3659 0.002082937539626
3660 0.002116521436472
3661 0.002149943980139
3662 0.002183206463251
3663 0.002216429365814
3664 0.002242159624157
3665 0.002275603715363
3666 0.002285904260733
3667 0.002319368692351
3668 0.002334545005819
3669 0.002332902265109
3670 0.002363072475072
3671 0.002396437665503
3672 0.002429805818219
3673 0.002440929460183
3674 0.002380068647901
3675 0.002162877611481
3676 0.002196162234860
3677 0.002229559551505
3678 0.002243201495870
3679 0.002276565830273
3680 0.002165042933048
3681 0.002198412890098
3682 0.002231764760579
3683 0.002140656543310
3684 0.001917063075530
3685 0.001945859086866
3686 0.001896650675248
3687 0.001930039138666
3688 0.001958088444236
3689 0.001988951536395
3690 0.002022286663114
3691 0.001998397393673
3692 0.002018656952947
3693 0.001841182908524
3694 0.001874523140547
3695 0.001907845326436
3696 0.001941141190272
3697 0.001825852299542
3698 0.001859049873252
3699 0.001868462868951
3700 0.001901675778652
3701 0.001934674748266
3702 0.001967917063640
3703 0.001861422231492
3704 0.001781841209410
3705 0.001814996828960
3706 0.001846548194038
3707 0.001870967777668
3708 0.001700128951411
3709 0.001687130555777
3710 0.001720290078996
3711 0.001688369326616
3712 0.001718025644004
3713 0.001721341147947
3714 0.001742611116658
3715 0.001773039479780
3716 0.001797020633023
3717 0.001830164552463
3718 0.001861955077790
3719 0.001867390059639
3720 0.001900487309079
3721 0.001933569442861
3722 0.001911812018453
3723 0.001944192161907
3724 0.001977205458977
3725 0.002003563144350
3726 0.002026575364927
3727 0.002049129651968
3728 0.001995005695652
3729 0.002024260695998
3730 0.001865654462675
3731 0.001898538262047
3732 0.001770675040249
3733 0.001543044372803
3734 0.001528534804428
3735 0.001558227074222
3736 0.001588937370497
3737 0.001436163459887
3738 0.001469219545838
3739 0.001502246335391
3740 0.001528927151474
3741 0.001561475742759
3742 0.001424366643926
3743 0.001456509507242
3744 0.001489506379869
3745 0.001522294989654
3746 0.001555232631084
3747 0.001588177240084
3748 0.001621091581210
3749 0.001593718071318
3750 0.001626626396192
3751 0.001659353546425
3752 0.001625608717135
3753 0.001618837663500
3754 0.001651070682515
3755 0.001683919931103
3756 0.001590949118885
3757 0.001623791259648
3758 0.001656605302645
3759 0.001689400025343
3760 0.001720710654929
3761 0.001753487979338
3762 0.001780511238828
3763 0.001617845429566
3764 0.001646332670712
3765 0.001669626252696
3766 0.001701889702389
3767 0.001734620099931
3768 0.001767333648496
3769 0.001794568487036
3770 0.001796693863839
3771 0.001734608485526
3772 0.001767282613361
3773 0.001799944346034
3774 0.001827867533009
3775 0.001860495910962
3776 0.001842670171433
3777 0.001644661421637
3778 0.001559659598036
3779 0.001550037408556
3780 0.001485129957197
3781 0.001517035172494
3782 0.001523484009692
3783 0.001338413372095
3784 0.001370175790461
3785 0.001402497144146
3786 0.001435143077151
3787 0.001450775732559
3788 0.001480549554564
3789 0.001435369591978
3790 0.001364358701907
3791 0.001290104523175
3792 0.001322728411364
3793 0.001303358311554
3794 0.001335957777639
3795 0.001362581543377
3796 0.001395150397506
3797 0.001427689292756
3798 0.001460225446173
3799 0.001444324630666
3800 0.001439069128067
3801 0.001471573331381
3802 0.001503860090716
3803 0.001534593378912
3804 0.001492064807879
3805 0.001511311811738
3806 0.001543755464123
3807 0.001556343821182
3808 0.001588212768139
3809 0.001612781566050
3810 0.001642623273770
3811 0.001674601623293
3812 0.001705117982994
3813 0.001737453382848
3814 0.001769623124667
3815 0.001794785199354
3816 0.001827071678993
3817 0.001859341243657
3818 0.001875406267778
3819 0.001907587958203
3820 0.001939810687053
3821 0.001970789605420
3822 0.002000935264864
3823 0.002030950743193
3824 0.002035157203334
3825 0.002066722268259
3826 0.002029041894052
3827 0.002061170103018
3828 0.002036214341433
3829 0.001968932150925
3830 0.001987368832991
3831 0.002018968907922
3832 0.002050747682686
3833 0.002015408868341
3834 0.001813886720638
3835 0.001846008200140
3836 0.001876960561640
3837 0.001909016026662
3838 0.001880181879281
3839 0.001912169985258
3840 0.001944224107622
3841 0.001976252547850
3842 0.002008273021543
3843 0.002040277113913
3844 0.002072264475875
3845 0.002086093066271
3846 0.001909855793891
3847 0.001941845140019
3848 0.001953406345997
3849 0.001974352165237
3850 0.002006254088596
3851 0.001886841272235
3852 0.001875819749175
3853 0.001907775143154
3854 0.001939713842692
3855 0.001971635942487
3856 0.002003369498962
3857 0.002035258695288
3858 0.002066114727825
3859 0.002026438755390
3860 0.002057596572230
3861 0.002087523343873
3862 0.002119313419983
3863 0.002151123072200
3864 0.002182916259811
3865 0.002213737880663
3866 0.002237427364301
3867 0.002238257896121
3868 0.002269995669515
3869 0.002175822947152
3870 0.002206767712089
3871 0.002069204854567
3872 0.002086246400231
3873 0.002031409641397
3874 0.002023345242200
3875 0.002043156763825
3876 0.002042874828846
3877 0.002074520590362
3878 0.002099510375785
3879 0.002050131685630
3880 0.002081730632854
3881 0.002113380764288
3882 0.001999272774653
3883 0.002026989578611
3884 0.002058240579854
3885 0.002065333821936
3886 0.002062619148611
3887 0.002058634119011
3888 0.001872396572362
3889 0.001888800545928
3890 0.001920448664614
3891 0.001951010086154
3892 0.001982625961912
3893 0.002014225497547
3894 0.001916882996007
3895 0.001934454508973
3896 0.001955611644176
3897 0.001987185771954
3898 0.002018733736373
3899 0.002050061317436
3900 0.002058049712711
3901 0.002086657970240
3902 0.002118158056940
3903 0.002144850213890
3904 0.002176276063505
3905 0.002206215318594
3906 0.002237297245348
3907 0.002268692014696
3908 0.002299866877680
3909 0.002173116689429
3910 0.002204524084584
3911 0.002234574043240
3912 0.002093519393907
3913 0.002014777428355
3914 0.002042461679803
3915 0.002073867133855
3916 0.002105257872584
3917 0.002136498923370
3918 0.002167591485445
3919 0.002198648159869
3920 0.002222702610832
3921 0.002253968117408
3922 0.002263601833605
3923 0.002294888189243
3924 0.002309080645488
3925 0.002307551536875
3926 0.002335760915707
3927 0.002366957993790
3928 0.002398158945023
3929 0.002408565863783
3930 0.002351677756728
3931 0.002148638156638
3932 0.002179759345599
3933 0.002210986992737
3934 0.002223745926122
3935 0.002254944615280
3936 0.002150680733021
3937 0.002181884485650
3938 0.002213072427629
3939 0.002127890180391
3940 0.001918827853250
3941 0.001945752881668
3942 0.001899740172632
3943 0.001930960100383
3944 0.001957188527864
3945 0.001986049072069
3946 0.002017222290533
3947 0.001994883747555
3948 0.002013830507049
3949 0.001847862712771
3950 0.001879040469046
3951 0.001910202443111
3952 0.001941340893420
3953 0.001833518169228
3954 0.001864564441790
3955 0.001873366756966
3956 0.001904429158889
3957 0.001935292548618
3958 0.001966384623837
3959 0.001866776432120
3960 0.001792338689698
3961 0.001823348806576
3962 0.001852859409050
3963 0.001875699955429
3964 0.001715892917100
3965 0.001703729786363
3966 0.001734744721287
3967 0.001704880247699
3968 0.001732619093270
3969 0.001735717070768
3970 0.001755611853607
3971 0.001784075305700
3972 0.001806508067438
3973 0.001837513972579
3974 0.001867254743526
3975 0.001872338365622
3976 0.001903303360494
3977 0.001934255284998
3978 0.001913897864312
3979 0.001944194217223
3980 0.001975084045422
3981 0.001999747320838
3982 0.002021281060088
3983 0.002042387041034
3984 0.001991742621722
3985 0.002019119073257
3986 0.001870700581367
3987 0.001901471689804
3988 0.001781815602247
3989 0.001568790678171
3990 0.001555205596813
3991 0.001582986593277
3992 0.001611721289511
3993 0.001468736343889
3994 0.001499665506734
3995 0.001530568315288
3996 0.001555532762278
3997 0.001585990023821
3998 0.001457654165363
3999 0.001487731047051
4000 0.001518608314445
4001 0.001549291704025
4002 0.001580115644076
4003 0.001610947162165
4004 0.001641751403079
4005 0.001616122452165
4006 0.001646922206009
4007 0.001677553412576
4008 0.001645959400759
4009 0.001639615645465
4010 0.001669785714143
4011 0.001700533710507
4012 0.001613491092244
4013 0.001644232527797
4014 0.001674948704258
4015 0.001705647837313
4016 0.001734958524423
4017 0.001765643430879
4018 0.001790941924346
4019 0.001638634914906
4020 0.001665302871669
4021 0.001687108732392
4022 0.001717314269207
4023 0.001747958063135
4024 0.001778587117068
4025 0.001804086956320
4026 0.001806074823205
4027 0.001747933938533
4028 0.001778528150236
4029 0.001809111786830
4030 0.001835258918393
4031 0.001865813305738
4032 0.001849118040398
4033 0.001663676558660
4034 0.001584064286795
4035 0.001575046527505
4036 0.001514249903309
4037 0.001544124686339
4038 0.001550157973305
4039 0.001376810883433
4040 0.001406551129370
4041 0.001436815902535
4042 0.001467385715400
4043 0.001482020546810
4044 0.001509901850702
4045 0.001467573981596
4046 0.001401048159115
4047 0.001331481991329
4048 0.001362032487017
4049 0.001343877364108
4050 0.001374406217262
4051 0.001399338022381
4052 0.001429840148194
4053 0.001460315227275
4054 0.001490788755825
4055 0.001475884252392
4056 0.001470952677072
4057 0.001501397979820
4058 0.001531640570836
4059 0.001560428674933
4060 0.001520575345005
4061 0.001538602022953
4062 0.001568994256032
4063 0.001580783238689
4064 0.001610638679288
4065 0.001633654700279
4066 0.001661612406447
4067 0.001691573188572
4068 0.001720164976087
4069 0.001750462305321
4070 0.001780605397796
4071 0.001804182487616
4072 0.001834436861147
4073 0.001864676380700
4074 0.001879730609212
4075 0.001909889517528
4076 0.001940087879316
4077 0.001969121524126
4078 0.001997375172600
4079 0.002025507737872
4080 0.002029451597329
4081 0.002059037992561
4082 0.002023722601223
4083 0.002053837706540
4084 0.002030448058413
4085 0.001967383739888
4086 0.001984665688181
4087 0.002014287070663
4088 0.002044076930432
4089 0.002010952204427
4090 0.001822044757574
4091 0.001852154196795
4092 0.001881168642718
4093 0.001911218144601
4094 0.001884186473920
4095 0.001914173857133
4096 0.001944224107622
