1 0.166016446804557
2 0.166314059902258
3 0.166431594543004
4 0.166484837393606
5 0.136665973848418
6 0.000536441979875
7 0.023271539864211
8 0.020881240781515
9 0.025451871427928
10 0.039342746262234
11 0.010905229841283
12 0.019172116114229
13 0.004877275424919
14 0.007373683468900
15 0.017990842786579
16 0.026947427075053
17 0.035166197258381
18 0.041410529109119
19 0.027016236368422
20 0.033266382727258
21 0.038187909489569
22 0.043947862209679
23 0.049283460068472
24 0.054174427008851
25 0.057942389113001
26 0.058892252353323
27 0.054760355328552
28 0.058756841904878
29 0.041849635122141
30 0.045475922699097
31 0.025533362400032
32 0.025908301849692
33 0.016289956112456
34 0.012975283594526
35 0.014188480915757
36 0.012168433515601
37 0.016268424506388
38 0.018284338756346
39 0.010867944760181
40 0.014678616327061
41 0.018355692393112
42 0.006033926571057
43 0.008590806556887
44 0.011955222550100
45 0.011245212992738
46 0.009465142692171
47 0.007627957963186
48 0.007562452682578
49 0.006720598906461
50 0.003252911802659
51 0.000312139650786
52 0.002898981833240
53 0.005988446866679
54 0.002356028230359
55 0.001562553194614
56 0.000370581090768
57 0.002559857431311
58 0.005377091675367
59 0.008003571779294
60 0.007621002402326
61 0.009559750233876
62 0.012093717375142
63 0.013621919876656
64 0.015981710064504
65 0.017906016227038
66 0.020022163248582
67 0.022189656161907
68 0.024216158989921
69 0.016001902375362
70 0.018147100613346
71 0.019906672666883
72 0.011460583582549
73 0.006077270777230
74 0.007586386831836
75 0.009705219531606
76 0.011770501637696
77 0.013723268561887
78 0.015589007364713
79 0.017402520261369
80 0.018283599751582
81 0.020088844113992
82 0.019780583310196
83 0.021550250405235
84 0.021550927030711
85 0.020538301420050
86 0.021745433154797
87 0.023389522647689
88 0.025004728945147
89 0.024718523744875
90 0.021087724223020
91 0.012327453900017
92 0.013958548508342
93 0.015599688935518
94 0.015572846120620
95 0.017160603076448
96 0.012071224997574
97 0.013664857898752
98 0.015226100835860
99 0.010970283636877
100 0.002911816449293
101 0.003994684730999
102 0.001397049727182
103 0.003001522884029
104 0.003995088457253
105 0.005210171664632
106 0.006731931141708
107 0.005149235884434
108 0.005583275326528
109 0.000610009483055
110 0.000910687572851
111 0.002403984681796
112 0.003865285833421
113 0.000462469334664
114 0.000970210670099
115 0.000874681578927
116 0.002281286021142
117 0.003626139730678
118 0.005007049855072
119 0.001117062845155
120 0.001971850546821
121 0.000607751533445
122 0.000544801282799
123 0.001190053982359
124 0.004083213602425
125 0.004987892509392
126 0.003649207374969
127 0.005163938117295
128 0.004177131073751
129 0.004464958985811
130 0.003978557983872
131 0.002964848985584
132 0.002358202107478
133 0.001088906763829
134 0.000005888593177
135 0.000231183588740
136 0.000993916655092
137 0.002202858126950
138 0.001066148007175
139 0.002156844520192
140 0.003320996194487
141 0.003973108657798
142 0.004447236308279
143 0.004893629874830
144 0.002907341885879
145 0.003711250130334
146 0.000560230588993
147 0.000549915131735
148 0.003020379271916
149 0.008462887305936
150 0.009235612309900
151 0.008361383857685
152 0.007432047351805
153 0.011330777986723
154 0.010175052065198
155 0.009039093595063
156 0.008355497400538
157 0.007307862828675
158 0.010790279945926
159 0.009779587516535
160 0.008677541321534
161 0.007623698658856
162 0.006555994828926
163 0.005493666034238
164 0.004448988505311
165 0.005506846405804
166 0.004469700194309
167 0.003475342742945
168 0.004673585675629
169 0.005177090672166
170 0.004244853634938
171 0.003245373034864
172 0.005660895976886
173 0.004667428762025
174 0.003688362480826
175 0.002720935332417
176 0.001898170477585
177 0.000946582151347
178 0.000367752621848
179 0.003919755557867
180 0.003263775351823
181 0.002835564181560
182 0.001965032109241
183 0.001044123212111
184 0.000132876111016
185 0.000431288620807
186 0.000176671393126
187 0.001497019079338
188 0.000604752709181
189 0.000280281174893
190 0.000859612073747
191 0.001727705075006
192 0.000993615379836
193 0.002842714231182
194 0.004857456575270
195 0.005361720142313
196 0.006986149130827
197 0.006182457246791
198 0.006278259495126
199 0.009783844753383
200 0.008989149914354
201 0.008158271245384
202 0.007292802376074
203 0.007130139173030
204 0.006470810772882
205 0.007664399297939
206 0.009307981189115
207 0.010991487600675
208 0.010137413811161
209 0.010791609167861
210 0.009948216395090
211 0.009427733949030
212 0.008597983579312
213 0.007779382478522
214 0.006964214163836
215 0.007544476980745
216 0.007895001755127
217 0.007092016180085
218 0.006322454843788
219 0.005659287967556
220 0.006731425799995
221 0.006481371411967
222 0.005702469181247
223 0.005638048959922
224 0.004923166705902
225 0.004522184962451
226 0.003925985065718
227 0.003216585193420
228 0.002598166127746
229 0.001859021402214
230 0.001147169253318
231 0.000750802296852
232 0.000029182683010
233 0.000686250145869
234 0.000810472944569
235 0.001505768212111
236 0.002205297171811
237 0.002807649954057
238 0.003364830696547
239 0.003912160862925
240 0.003746671455823
241 0.004369758018190
242 0.003431005974451
243 0.004101192452257
244 0.003384685538738
245 0.002003951412673
246 0.002178532797177
247 0.002797481868752
248 0.003425095066505
249 0.002553071561274
250 0.000487588283782
251 0.000178290601354
252 0.000756391158806
253 0.001405677081621
254 0.000662245552581
255 0.001300807157189
256 0.001946767190627
257 0.002585170613249
258 0.003220932250407
259 0.003851996851079
260 0.004478122116826
261 0.004527594904377
262 0.001889899805043
263 0.002514346691444
264 0.002520539117623
265 0.002745053749629
266 0.003352631065499
267 0.001417284166840
268 0.001001145550111
269 0.001616980744522
270 0.002228162849500
271 0.002834815655347
272 0.003417394242652
273 0.004015376388985
274 0.004539277097681
275 0.003678839606547
276 0.004216304548353
277 0.004694290614012
278 0.005270594854005
279 0.005849075205646
280 0.006423423746474
281 0.006928584087635
282 0.007197060148889
283 0.006985519415800
284 0.007547760472313
285 0.006007059015237
286 0.006512762523683
287 0.004494448206277
288 0.004609159930523
289 0.003584570769936
290 0.003239765665566
291 0.003419138257223
292 0.003206972627952
293 0.003755304121286
294 0.004058426100481
295 0.003126177106601
296 0.003667287344199
297 0.004211972353259
298 0.002522809787868
299 0.002902264490791
300 0.003414673976683
301 0.003336900283965
302 0.003091950214041
303 0.002828008003532
304 0.000445311421173
305 0.000554305096340
306 0.001097146440090
307 0.001571509050848
308 0.002107530701717
309 0.002640000274221
310 0.001197247988261
311 0.001326147829893
312 0.001530832883710
313 0.002058416212093
314 0.002580394006279
315 0.003081216304059
316 0.003024153623228
317 0.003411726072766
318 0.003925103390123
319 0.004252518348055
320 0.004753755765402
321 0.005178390827283
322 0.005651662034804
323 0.006145756543802
324 0.006620590160849
325 0.004930780506770
326 0.005425366391824
327 0.005846318532566
328 0.004035165910805
329 0.002863261907411
330 0.003211409170776
331 0.003704724669701
332 0.004195573871281
333 0.004669862102299
334 0.005132679566611
335 0.005591556720742
336 0.005836489228949
337 0.006307325738972
338 0.006273314296557
339 0.006746440072079
340 0.006790147857000
341 0.006581020590923
342 0.006925379099745
343 0.007385600207432
344 0.007845315546434
345 0.007821220330708
346 0.006925628846451
347 0.004669079843521
348 0.005122295584965
349 0.005584938314623
350 0.005606342674682
351 0.006064472060008
352 0.004707982956158
353 0.005166752456032
354 0.005622966900324
355 0.004463184453102
356 0.002217848443061
357 0.002526150024177
358 0.001790143779254
359 0.002249385119374
360 0.002538504445430
361 0.002895956857581
362 0.003347947795087
363 0.002890745565936
364 0.003025731143037
365 0.001183236622322
366 0.001635377141568
367 0.002085053679781
368 0.002530664168868
369 0.001208979311608
370 0.001645882208626
371 0.001614449548186
372 0.002051079514121
373 0.002473540882814
374 0.002912310918981
375 0.001683474344997
376 0.000696144508462
377 0.001126881870699
378 0.001494280839423
379 0.001701184803774
380 0.000020910752369
381 0.000328383629590
382 0.000100974532865
383 0.000411090705212
384 0.000094532230833
385 0.000201577424336
386 0.000048808645345
387 0.000284178769222
388 0.000482190006735
389 0.000908863242188
390 0.001275854690550
391 0.001194789300052
392 0.001616186392584
393 0.002036040621355
394 0.001638326969011
395 0.002020693136980
396 0.002432605727345
397 0.002666450180227
398 0.002838894363256
399 0.003002910959652
400 0.002292574080917
401 0.002584797181294
402 0.001036265509471
403 0.001437245471875
404 0.000127119476626
405 0.001882957550084
406 0.002184653807105
407 0.001877632829755
408 0.001547300972240
409 0.003020138462514
410 0.002606306383512
411 0.002196318993757
412 0.001954090275931
413 0.001571336715016
414 0.002914231475014
415 0.002545980757418
416 0.002139505314051
417 0.001748304756056
418 0.001348561630348
419 0.000947721152221
420 0.000550623128739
421 0.000974482793723
422 0.000577246046102
423 0.000193876683857
424 0.000676391492230
425 0.000886013935990
426 0.000524067411125
427 0.000132520815366
428 0.001110518007533
429 0.000720495979091
430 0.000333494583403
431 0.000051528347163
432 0.000380311103577
433 0.000764035473469
434 0.000997494087814
435 0.000467273204731
436 0.000204374225981
437 0.000034015368563
438 0.000321316339996
439 0.000699995109303
440 0.001077098173576
441 0.001311022212357
442 0.001201885248692
443 0.000493069600371
444 0.000866393899717
445 0.001238978747989
446 0.001483629360566
447 0.001853163467845
448 0.001538273557431
449 0.000111963130997
450 0.000986609277338
451 0.001213221789248
452 0.001926798293897
453 0.001588458447721
454 0.001640358985098
455 0.003183764187083
456 0.002849687679979
457 0.002497680786700
458 0.002128326810407
459 0.002067638020315
460 0.001786245645364
461 0.002327178861772
462 0.003071583818522
463 0.003837722532482
464 0.003470279465347
465 0.003778653581253
466 0.003413633137701
467 0.003192461375685
468 0.002829914782081
469 0.002470439375533
470 0.002110573255873
471 0.002385754034097
472 0.002557093174379
473 0.002199989662322
474 0.001856377120560
475 0.001560024555988
476 0.002064162342854
477 0.001958093671372
478 0.001605807023926
479 0.001584368512030
480 0.001259201961087
481 0.001079249928797
482 0.000806846937867
483 0.000479901528170
484 0.000194234455219
485 0.000149807215863
486 0.000482558585467
487 0.000667221910118
488 0.001007381185127
489 0.001346152729627
490 0.001404128713938
491 0.001735698433089
492 0.002070777506804
493 0.002360619553574
494 0.002629963778499
495 0.002895714842504
496 0.002817688609270
497 0.003121698356507
498 0.002668023788388
499 0.002995916165729
500 0.002648471344505
501 0.001974731530749
502 0.002060341571526
503 0.002364513762191
504 0.002674198367646
505 0.002245717266451
506 0.000744022391018
507 0.001071249194754
508 0.001356265694526
509 0.001677816704225
510 0.001307025041482
511 0.001624419228735
512 0.001946767190627
513 0.002266591127496
514 0.002586328640866
515 0.002904931233456
516 0.003222256106929
517 0.003249660872036
518 0.001918004150042
519 0.002234384548459
520 0.002238066784332
521 0.002352805459601
522 0.002663165257132
523 0.001676457501619
524 0.001463128641660
525 0.001777790897289
526 0.002091209829212
527 0.002403429683870
528 0.002704362944700
529 0.003014310311897
530 0.003287045897292
531 0.002843791511489
532 0.003124196346139
533 0.003374654598277
534 0.003677149382423
535 0.003981802585375
536 0.004285319122786
537 0.004553639719601
538 0.004698779484735
539 0.004592345817202
540 0.004892474768403
541 0.004085737930024
542 0.004356130041649
543 0.003293331558014
544 0.003356269229395
545 0.002815253859288
546 0.002633524622371
547 0.002730057831174
548 0.002618263518545
549 0.002911979068009
550 0.003075544862440
551 0.002578211700994
552 0.002869364954136
553 0.003163342115223
554 0.002256624038962
555 0.002461530600985
556 0.002738803226268
557 0.002697988126165
558 0.002566561586811
559 0.002424434393328
560 0.001131691201495
561 0.001189724519045
562 0.001484162297985
563 0.001742141526484
564 0.002034560030016
565 0.002325898204486
566 0.001536253139861
567 0.001606356923981
568 0.001718296233306
569 0.002008183963419
570 0.002295817752232
571 0.002572601640244
572 0.002541966688357
573 0.002757224373241
574 0.003042779231463
575 0.003225957832748
576 0.003506205287724
577 0.003744602870638
578 0.004010739750878
579 0.004289208574177
580 0.004557661401578
581 0.003615965689330
582 0.003895260901263
583 0.004133994101114
584 0.003119703458124
585 0.002462197552715
586 0.002658937589004
587 0.002938051561280
588 0.003216501574942
589 0.003486309814713
590 0.003750317586523
591 0.004012764640015
592 0.004154447266431
593 0.004424858642216
594 0.004408674466392
595 0.004681370731488
596 0.004709769584195
597 0.004593803052437
598 0.004794066978116
599 0.005061157382220
600 0.005328601581289
601 0.005318957429109
602 0.004808372062579
603 0.003513338485078
604 0.003776376265510
605 0.004045480781163
606 0.004060383394289
607 0.004327845294668
608 0.003545365791724
609 0.003813195431494
610 0.004080168333631
611 0.003408842686828
612 0.002104454977990
613 0.002284189167099
614 0.001855446048491
615 0.002123417331148
616 0.002292587664213
617 0.002502127757516
618 0.002767523467026
619 0.002500344170008
620 0.002580223446558
621 0.001497993185101
622 0.001763537676229
623 0.002028229697079
624 0.002291116690615
625 0.001511177226854
626 0.001768927824269
627 0.001750132668544
628 0.002008557293078
629 0.002259146502528
630 0.002519962991269
631 0.001790293629436
632 0.001202725848073
633 0.001458462663592
634 0.001676988261991
635 0.001800191246348
636 0.000771110558019
637 0.000585962696902
638 0.000841606069521
639 0.000533528420508
640 0.000721987537751
641 0.000656419800985
642 0.000746934990183
643 0.000946111328910
644 0.001064382179214
645 0.001320806514747
646 0.001541727136401
647 0.001492326147018
648 0.001746786214033
649 0.002000826448371
650 0.001759804963986
651 0.001991622411532
652 0.002241847038081
653 0.002384307997474
654 0.002489682503634
655 0.002590128051453
656 0.002157625050560
657 0.002336188843987
658 0.001390503245605
659 0.001635178036367
660 0.000832922226299
661 0.000399735865331
662 0.000587004599523
663 0.000400941419170
664 0.000200190355231
665 0.001108066511831
666 0.000856176000660
667 0.000606168973964
668 0.000459150887550
669 0.000225096655458
670 0.001056894671426
671 0.000831907024632
672 0.000582830074174
673 0.000342749899666
674 0.000096923383806
675 0.000150040352622
676 0.000395134151967
677 0.000130155309665
678 0.000375773701100
679 0.000613199651736
680 0.000311150600140
681 0.000178878822327
682 0.000403401295691
683 0.000646831643688
684 0.000033729084176
685 0.000276320621563
686 0.000517448585914
687 0.000757759997711
688 0.000963178484805
689 0.001203482961992
690 0.001349688166539
691 0.000427074611784
692 0.000591423754729
693 0.000697702286780
694 0.000920906279134
695 0.001159237775230
696 0.001396976432721
697 0.001544523954735
698 0.001475079771808
699 0.001025468145586
700 0.001261501846107
701 0.001497457836884
702 0.001652522928223
703 0.001887249603025
704 0.001686816696775
705 0.000635604191465
706 0.000077051311613
707 0.000069010786634
708 0.000526187045256
709 0.000311987695370
710 0.000346972645682
711 0.001336484253618
712 0.001125119636615
713 0.000901918259076
714 0.000667228681185
715 0.000630312518216
716 0.000451537145345
717 0.000801195333998
718 0.001282311035316
719 0.001778154564310
720 0.001544218432112
721 0.001745771864746
722 0.001512992578072
723 0.001372762187614
724 0.001140922261344
725 0.000910708505275
726 0.000679885715510
727 0.000860134455652
728 0.000973318100971
729 0.000743789724935
730 0.000522671718281
731 0.000331927856763
732 0.000661432888522
733 0.000594322347127
734 0.000366762066262
735 0.000354476348928
736 0.000144082256143
737 0.000028150359499
738 0.000148336282857
739 0.000360730666704
740 0.000546436384425
741 0.000770619298912
742 0.000987730287517
743 0.001108088117130
744 0.001330610778417
745 0.001552538369917
746 0.001590342453927
747 0.001808032572218
748 0.002028335473460
749 0.002219169346746
750 0.002396766009839
751 0.002572238678881
752 0.002521204722072
753 0.002722252966779
754 0.002423140911695
755 0.002640178235098
756 0.002410857239488
757 0.001965274633693
758 0.002021983996974
759 0.002223613732783
760 0.002429168918545
761 0.002145150618079
762 0.001148094134718
763 0.001365000973186
764 0.001554130070183
765 0.001767818435622
766 0.001520829206209
767 0.001732008639744
768 0.001946767190627
769 0.002160121780502
770 0.002373695223644
771 0.002586785974099
772 0.002799296051782
773 0.002818172149603
774 0.001927517507134
775 0.002139378040581
776 0.002141967949295
777 0.002219027085267
778 0.002427435302087
779 0.001765288413539
780 0.001621861293629
781 0.001833178773210
782 0.002043924259547
783 0.002254124960664
784 0.002456984739288
785 0.002666168860884
786 0.002850517463569
787 0.002552002151717
788 0.002741681290541
789 0.002911360331663
790 0.003116417937993
791 0.003323181774938
792 0.003529423548754
793 0.003712076835090
794 0.003811480810564
795 0.003740436221726
796 0.003945111527309
797 0.003398690866930
798 0.003583201608238
799 0.002861891660578
800 0.002905228576989
801 0.002537685086282
802 0.002414310280069
803 0.002480341263328
804 0.002404453742491
805 0.002605029700792
806 0.002717024907124
807 0.002377902166107
808 0.002577056751836
809 0.002778369085932
810 0.002158693973316
811 0.002299040547900
812 0.002489097283997
813 0.002461441312515
814 0.002371638533466
815 0.002274394143154
816 0.001387401315732
817 0.001426937400226
818 0.001628938401306
819 0.001806102662040
820 0.002007151533817
821 0.002207679520506
822 0.001664101798007
823 0.001712243957105
824 0.001789277501600
825 0.001989126152710
826 0.002187637432896
827 0.002378872959346
828 0.002357943655242
829 0.002506950502615
830 0.002704732144169
831 0.002831887069351
832 0.003026378180925
833 0.003192086743288
834 0.003377194216796
835 0.003571046904490
836 0.003758153126454
837 0.003105434248866
838 0.003300016999207
839 0.003466616164183
840 0.002762237167077
841 0.002305300795647
842 0.002442410722039
843 0.002637020957618
844 0.002831368870694
845 0.003019892167653
846 0.003204562383982
847 0.003388330936304
848 0.003487977809585
849 0.003677636720418
850 0.003667205922161
851 0.003858740289114
852 0.003879571681902
853 0.003799381973160
854 0.003940543856808
855 0.004128661605556
856 0.004317211856979
857 0.004311628723098
858 0.003954559886332
859 0.003046467412460
860 0.003231748447870
861 0.003421473023698
862 0.003432673709675
863 0.003621523168788
864 0.003071706946954
865 0.003260818981017
866 0.003449509335237
867 0.002977134120475
868 0.002057947980795
869 0.002184787526159
870 0.001882317556981
871 0.002071497197998
872 0.002191062387564
873 0.002339272883376
874 0.002527118882634
875 0.002338383362326
876 0.002395103810121
877 0.001628992210659
878 0.001816962227124
879 0.002004504552993
880 0.002190942290618
881 0.001637750473989
882 0.001820545599538
883 0.001807141091708
884 0.001990663326758
885 0.002168785933210
886 0.002354344340067
887 0.001835453980806
888 0.001417224253134
889 0.001599076790612
890 0.001754587594273
891 0.001842305097903
892 0.001108518739575
893 0.000976070144151
894 0.001158072788764
895 0.000937762079894
896 0.001071924581430
897 0.001024679479634
898 0.001088980695432
899 0.001231058938031
900 0.001315371693571
901 0.001498659936528
902 0.001656683071968
903 0.001621159931253
904 0.001803417995015
905 0.001985534547838
906 0.001812633142816
907 0.001978962062523
908 0.002158652719856
909 0.002261084183884
910 0.002336950283711
911 0.002409337293635
912 0.002098436879351
913 0.002226997230339
914 0.001546305838521
915 0.001722354892641
916 0.001144215142093
917 0.000255340233170
918 0.000119580997730
919 0.000253044874745
920 0.000397223918399
921 0.000258948783461
922 0.000077918455140
923 0.000101904328458
924 0.000207423818092
925 0.000375981338702
926 0.000226508670686
927 0.000064549312544
928 0.000114989860944
929 0.000288161160738
930 0.000465640903350
931 0.000644091985844
932 0.000821333784904
933 0.000628604014409
934 0.000806367205724
935 0.000978326165058
936 0.000758498727452
937 0.000661887810891
938 0.000824618426931
939 0.001001233667135
940 0.000554726696145
941 0.000730767297100
942 0.000905883365963
943 0.001080544559097
944 0.001229914405028
945 0.001404838266257
946 0.001511265576863
947 0.000837889078715
948 0.000957423669908
949 0.001034647086975
950 0.001197348798441
951 0.001371233075273
952 0.001544819325603
953 0.001652576702256
954 0.001601654173504
955 0.001272434172319
956 0.001445003863049
957 0.001617649262754
958 0.001731151875170
959 0.001903137509622
960 0.001756136828468
961 0.000984883824956
962 0.000574605641163
963 0.000466855425390
964 0.000130531092074
965 0.000287226036045
966 0.000260892155659
967 0.000467288421429
968 0.000312719814535
969 0.000149324373500
970 0.000022650641685
971 0.000049123532725
972 0.000180115025446
973 0.000078195944169
974 0.000433600536506
975 0.000800123826604
976 0.000628550072050
977 0.000778228366102
978 0.000607370389129
979 0.000504734076450
980 0.000334342159605
981 0.000165026774234
982 0.000004862903605
983 0.000129140741057
984 0.000213621114539
985 0.000044518079876
986 0.000118480777338
987 0.000259101456440
988 0.000014376038869
989 0.000063431870937
990 0.000231483882994
991 0.000239992214267
992 0.000395491794636
993 0.000480992533585
994 0.000611513659506
995 0.000768796345221
996 0.000906360768348
997 0.001072619158770
998 0.001233735745629
999 0.001323004876705
1000 0.001488346819943
1001 0.001653360126262
1002 0.001681405061308
1003 0.001843442405032
1004 0.002007537186204
1005 0.002149781334839
1006 0.002282253387852
1007 0.002413231031420
1008 0.002375315825197
1009 0.002525499390272
1010 0.002302396681404
1011 0.002464596407814
1012 0.002293458966258
1013 0.001960597530608
1014 0.002002994349612
1015 0.002153788398013
1016 0.002307618876865
1017 0.002095213393469
1018 0.001348939225399
1019 0.001511156175997
1020 0.001652674288647
1021 0.001812687075467
1022 0.001627522086846
1023 0.001785750760004
1024 0.001946767190627
1025 0.002106835170738
1026 0.002267171269986
1027 0.002427248672668
1028 0.002586993144724
1029 0.002601379467875
1030 0.001932301894488
1031 0.002091552262125
1032 0.002093546055672
1033 0.002151555126866
1034 0.002308430431164
1035 0.001810175917824
1036 0.001702146920686
1037 0.001861219886864
1038 0.002019962593224
1039 0.002178394846006
1040 0.002331392727310
1041 0.002489255481839
1042 0.002628482847568
1043 0.002403449754747
1044 0.002546759825428
1045 0.002675058088500
1046 0.002830155422385
1047 0.002986637234743
1048 0.003142820468906
1049 0.003281267236441
1050 0.003356845870846
1051 0.003303538722238
1052 0.003458822411158
1053 0.003045706573356
1054 0.003185737461266
1055 0.002639833021424
1056 0.002672874301507
1057 0.002394567790835
1058 0.002301180761262
1059 0.002351356407227
1060 0.002293918122418
1061 0.002446202931138
1062 0.002531350730643
1063 0.002274072858748
1064 0.002425408135605
1065 0.002578472292318
1066 0.002107799736572
1067 0.002214521354403
1068 0.002359100557496
1069 0.002338189137395
1070 0.002269987072001
1071 0.002196081818367
1072 0.001520981226155
1073 0.001550960164758
1074 0.001704696473993
1075 0.001839600447452
1076 0.001992784998634
1077 0.002145661362243
1078 0.001731228273434
1079 0.001767886170063
1080 0.001826608390850
1081 0.001979094798137
1082 0.002130647800714
1083 0.002276731614201
1084 0.002260839250315
1085 0.002374778218865
1086 0.002526059005949
1087 0.002623431973717
1088 0.002772352065560
1089 0.002899339447162
1090 0.003041240713402
1091 0.003189914359349
1092 0.003333505874099
1093 0.002834053858281
1094 0.002983351596102
1095 0.003111290742055
1096 0.002571762428052
1097 0.002221632060109
1098 0.002326850845863
1099 0.002476233910894
1100 0.002625497934242
1101 0.002770373553558
1102 0.002912370397141
1103 0.003053752224705
1104 0.003130595637073
1105 0.003276638892701
1106 0.003268985022276
1107 0.003416585715299
1108 0.003433003135182
1109 0.003371726982783
1110 0.003480717886950
1111 0.003625902856481
1112 0.003771497976955
1113 0.003767689322997
1114 0.003493164078342
1115 0.002793980186640
1116 0.002936985722194
1117 0.003083492098661
1118 0.003092430356476
1119 0.003238379709977
1120 0.002814577859793
1121 0.002960732220678
1122 0.003106637687269
1123 0.002742250831035
1124 0.002032625665597
1125 0.002130624676473
1126 0.001896970404417
1127 0.002043164561008
1128 0.002135619505989
1129 0.002250272478289
1130 0.002395640977188
1131 0.002249741682437
1132 0.002293713196525
1133 0.001700793088745
1134 0.001846265640401
1135 0.001991481852759
1136 0.002135916915972
1137 0.001707326797172
1138 0.001848939911769
1139 0.001838523252659
1140 0.001980805948819
1141 0.002118972788511
1142 0.002262978534238
1143 0.001860385023425
1144 0.001535723372013
1145 0.001676813683541
1146 0.001797517765884
1147 0.001865620089827
1148 0.001295445223433
1149 0.001192343811599
1150 0.001333643020831
1151 0.001162180245269
1152 0.001266334050140
1153 0.001229410142265
1154 0.001279269553985
1155 0.001389692109169
1156 0.001455196301916
1157 0.001597808991886
1158 0.001720812203554
1159 0.001693080085178
1160 0.001835053679564
1161 0.001976986362268
1162 0.001842184189494
1163 0.001971875315140
1164 0.002112052466005
1165 0.002192015385366
1166 0.002251284012845
1167 0.002307865188777
1168 0.002065194207849
1169 0.002165629488537
1170 0.001633928151460
1171 0.001771415138827
1172 0.001319516613445
1173 0.000624483712376
1174 0.000518013421394
1175 0.000622060119737
1176 0.000734539460652
1177 0.000220799125941
1178 0.000362081141902
1179 0.000502485238309
1180 0.000584772888744
1181 0.000716473445470
1182 0.000244183901646
1183 0.000370697538523
1184 0.000511049824118
1185 0.000646476049895
1186 0.000785344385258
1187 0.000925039628998
1188 0.001063851421154
1189 0.000912413747892
1190 0.001051696950375
1191 0.001186488131931
1192 0.001013697323570
1193 0.000937603754908
1194 0.001065213136735
1195 0.001203791476351
1196 0.000852688541118
1197 0.000990830766392
1198 0.001128309291768
1199 0.001265492844061
1200 0.001382842999289
1201 0.001520353507421
1202 0.001604018000426
1203 0.001073859815747
1204 0.001167782425144
1205 0.001228425299867
1206 0.001356429319502
1207 0.001493301620038
1208 0.001630000330111
1209 0.001714870139000
1210 0.001674669820102
1211 0.001414985165454
1212 0.001550986876135
1213 0.001687108611093
1214 0.001776619355201
1215 0.001912330265455
1216 0.001796269536291
1217 0.001187219191934
1218 0.000863007411822
1219 0.000777649036465
1220 0.000511642929147
1221 0.000635172420626
1222 0.000614070559056
1223 0.000038024936450
1224 0.000159852630989
1225 0.000288715986024
1226 0.000424423754677
1227 0.000445045925898
1228 0.000548407333496
1229 0.000343602723453
1230 0.000061825592068
1231 0.000228877603687
1232 0.000093419212273
1233 0.000212454754973
1234 0.000077500680525
1235 0.000003431368386
1236 0.000138120618436
1237 0.000272013852285
1238 0.000406419848256
1239 0.000299779703262
1240 0.000232394535560
1241 0.000366254707593
1242 0.000495325641913
1243 0.000606681849000
1244 0.000412038526690
1245 0.000450687968801
1246 0.000583901641224
1247 0.000590380661699
1248 0.000713702132275
1249 0.000781423528143
1250 0.000884973582679
1251 0.001009851929892
1252 0.001119095627856
1253 0.001251216043172
1254 0.001379298783842
1255 0.001450242448310
1256 0.001581782819063
1257 0.001713115264271
1258 0.001735405621805
1259 0.001864452051666
1260 0.001995190266467
1261 0.002108566726656
1262 0.002214199135483
1263 0.002318682541125
1264 0.002288521165031
1265 0.002408380462913
1266 0.002230484240931
1267 0.002359967931413
1268 0.002223464412187
1269 0.001957807485663
1270 0.001991660371108
1271 0.002112090971505
1272 0.002234994638125
1273 0.002065360897061
1274 0.001469067921708
1275 0.001598620034621
1276 0.001711677253308
1277 0.001839566096203
1278 0.001691471027822
1279 0.001817979224617
1280 0.001946767190627
1281 0.002074846565813
1282 0.002203190424186
1283 0.002331377075316
1284 0.002459346848580
1285 0.002470966438322
1286 0.001935181455772
1287 0.002062752745184
1288 0.002064372616657
1289 0.002110883511911
1290 0.002236658501259
1291 0.001837261406466
1292 0.001750616571696
1293 0.001878157326742
1294 0.002005481895337
1295 0.002132605904093
1296 0.002255417312656
1297 0.002382179920890
1298 0.002494030452978
1299 0.002313449187838
1300 0.002428607429652
1301 0.002531751040187
1302 0.002656463112607
1303 0.002782334294380
1304 0.002908012463355
1305 0.003019480254274
1306 0.003080444536898
1307 0.003037790051930
1308 0.003162884997965
1309 0.002830787946940
1310 0.002943618080133
1311 0.002504497512130
1312 0.002531194865238
1313 0.002307258610596
1314 0.002232132150849
1315 0.002272592270763
1316 0.002226387242070
1317 0.002349122027895
1318 0.002417804914069
1319 0.002210547270393
1320 0.002332580800821
1321 0.002456052529992
1322 0.002076616429642
1323 0.002162711024904
1324 0.002279374468434
1325 0.002262563463151
1326 0.002207585646940
1327 0.002147984949715
1328 0.001603060448222
1329 0.001627202902623
1330 0.001751290536744
1331 0.001860212533292
1332 0.001983940735233
1333 0.002107464131985
1334 0.001772591064140
1335 0.001802188448163
1336 0.001849632831526
1337 0.001972904919661
1338 0.002095465860369
1339 0.002213646556371
1340 0.002200837423986
1341 0.002293069924137
1342 0.002415553264725
1343 0.002494447472994
1344 0.002615097803668
1345 0.002718032013948
1346 0.002833079330170
1347 0.002953651794246
1348 0.003070148972787
1349 0.002665673289772
1350 0.002786784479212
1351 0.002890626027647
1352 0.002453420134575
1353 0.002169625107716
1354 0.002254988648122
1355 0.002376201822046
1356 0.002497359976745
1357 0.002614999029674
1358 0.002730342104897
1359 0.002845225242568
1360 0.002907757341271
1361 0.003026494031767
1362 0.003020462434242
1363 0.003140522954979
1364 0.003154061491629
1365 0.003104481776342
1366 0.003193242500230
1367 0.003311448774214
1368 0.003430027888286
1369 0.003427180874577
1370 0.003204202324141
1371 0.002635784324510
1372 0.002752221914555
1373 0.002871546303718
1374 0.002878973463857
1375 0.002997904942738
1376 0.002653124712041
1377 0.002772224560770
1378 0.002891161020258
1379 0.002594575840502
1380 0.002016698296327
1381 0.002096542477794
1382 0.001906194700560
1383 0.002025320940750
1384 0.002100687285807
1385 0.002194173305984
1386 0.002312732110406
1387 0.002193821372485
1388 0.002229723155091
1389 0.001746127408459
1390 0.001864775278428
1391 0.001983252554767
1392 0.002101130759587
1393 0.001751330200420
1394 0.001866905323094
1395 0.001858387373175
1396 0.001974563884280
1397 0.002087416143516
1398 0.002205074311088
1399 0.001876191910347
1400 0.001610885670274
1401 0.001726141376485
1402 0.001824770157278
1403 0.001880426688405
1404 0.001414204784403
1405 0.001329804583863
1406 0.001445278716043
1407 0.001304933804624
1408 0.001390049166592
1409 0.001359746128341
1410 0.001400460614254
1411 0.001490763137413
1412 0.001544319635846
1413 0.001661031425628
1414 0.001761720602911
1415 0.001738976833584
1416 0.001855250472524
1417 0.001971526864781
1418 0.001861065182646
1419 0.001967345590070
1420 0.002082254557204
1421 0.002147832740853
1422 0.002196462418972
1423 0.002242903075265
1424 0.002043903957562
1425 0.002126311068702
1426 0.001690089998604
1427 0.001802872829970
1428 0.001431964896189
1429 0.000861365847038
1430 0.000773790319942
1431 0.000859044752964
1432 0.000951250563218
1433 0.000529136756478
1434 0.000644981859108
1435 0.000760141112730
1436 0.000827579672366
1437 0.000935648949130
1438 0.000547286350866
1439 0.000651082410614
1440 0.000766288467053
1441 0.000877478500990
1442 0.000991533177334
1443 0.001106302453514
1444 0.001220379424606
1445 0.001095662523906
1446 0.001210160284749
1447 0.001320995000643
1448 0.001178659952000
1449 0.001115896259769
1450 0.001220853024871
1451 0.001334874717464
1452 0.001045583950398
1453 0.001159254527303
1454 0.001272411920453
1455 0.001385359670673
1456 0.001481994505458
1457 0.001595275884155
1458 0.001664198928198
1459 0.001227022453149
1460 0.001304371534708
1461 0.001354294926174
1462 0.001459799015130
1463 0.001572650345992
1464 0.001685391256540
1465 0.001755392763721
1466 0.001722184777028
1467 0.001507784210065
1468 0.001620005786564
1469 0.001732358846873
1470 0.001806250542867
1471 0.001918323367320
1472 0.001822443041393
1473 0.001319224818319
1474 0.001051231633921
1475 0.000980560390679
1476 0.000760553370163
1477 0.000862503673923
1478 0.000844902993212
1479 0.000368408991263
1480 0.000468940554818
1481 0.000575320380607
1482 0.000687392661292
1483 0.000704277647928
1484 0.000789633831762
1485 0.000619973163586
1486 0.000386553081456
1487 0.000145678594931
1488 0.000257580598979
1489 0.000158774807199
1490 0.000270292993982
1491 0.000337096003190
1492 0.000448451397579
1493 0.000559178523829
1494 0.000670361561540
1495 0.000581805654275
1496 0.000525763118245
1497 0.000636536067417
1498 0.000743369057447
1499 0.000835542320952
1500 0.000673965552002
1501 0.000705848715495
1502 0.000816187646981
1503 0.000821408573479
1504 0.000923585546463
1505 0.000979648097974
1506 0.001065464395186
1507 0.001169009399533
1508 0.001259602206151
1509 0.001369215442608
1510 0.001475505348171
1511 0.001534365766664
1512 0.001643579114778
1513 0.001752649231982
1514 0.001771144433970
1515 0.001878361408481
1516 0.001987013282684
1517 0.002081262388341
1518 0.002169098623044
1519 0.002256002929718
1520 0.002230962600921
1521 0.002330686184343
1522 0.002182763107634
1523 0.002290513309193
1524 0.002176985088881
1525 0.001955954164004
1526 0.001984129142928
1527 0.002084374607455
1528 0.002186705222837
1529 0.002045504789247
1530 0.001548996688272
1531 0.001656834059400
1532 0.001750961211502
1533 0.001857467909754
1534 0.001734075863336
1535 0.001839457869111
1536 0.001946767190627
1537 0.002053513891742
1538 0.002160508793633
1539 0.002267400382347
1540 0.002374138801543
1541 0.002383883370567
1542 0.001937104898134
1543 0.002043509516430
1544 0.002044873271408
1545 0.002083690127931
1546 0.002188655800404
1547 0.001855382596347
1548 0.001783054916945
1549 0.001889496335880
1550 0.001995784498946
1551 0.002101932331787
1552 0.002204505952322
1553 0.002310405510750
1554 0.002403876402038
1555 0.002253082248104
1556 0.002349332943025
1557 0.002435568724524
1558 0.002539850688970
1559 0.002645127637189
1560 0.002750269649368
1561 0.002843558060620
1562 0.002894643384116
1563 0.002859094049055
1564 0.002963827351751
1565 0.002686181356770
1566 0.002780659058605
1567 0.002413381390685
1568 0.002435778102036
1569 0.002248440380187
1570 0.002185601303832
1571 0.002219497922886
1572 0.002180851152267
1573 0.002283640248912
1574 0.002341193950155
1575 0.002167672539968
1576 0.002269910569724
1577 0.002373378435586
1578 0.002055550900372
1579 0.002127700498257
1580 0.002225483668992
1581 0.002211428835848
1582 0.002165379879041
1583 0.002115444364543
1584 0.001658609012651
1585 0.001678817071537
1586 0.001782842884407
1587 0.001874174721243
1588 0.001977948022752
1589 0.002081574631049
1590 0.001800634515952
1591 0.001825451903896
1592 0.001865252426959
1593 0.001968704506207
1594 0.002071584518177
1595 0.002170811999862
1596 0.002160084303848
1597 0.002237557400794
1598 0.002340453618311
1599 0.002406763825536
1600 0.002508164905582
1601 0.002594706720525
1602 0.002691446428969
1603 0.002792851757736
1604 0.002890856119774
1605 0.002551006647167
1606 0.002652883840434
1607 0.002740266436933
1608 0.002372758969369
1609 0.002134167291200
1610 0.002205979521962
1611 0.002307961433689
1612 0.002409920923863
1613 0.002508943635504
1614 0.002606057607962
1615 0.002702807124118
1616 0.002755521277803
1617 0.002855553975285
1618 0.002850582346254
1619 0.002951763550609
1620 0.002963279182335
1621 0.002921647147135
1622 0.002996511501920
1623 0.003096194008103
1624 0.003196213394073
1625 0.003193958780367
1626 0.003006229756995
1627 0.002527371056978
1628 0.002625565643470
1629 0.002726215761698
1630 0.002732565607448
1631 0.002832919495441
1632 0.002542323532212
1633 0.002642820343528
1634 0.002743202133853
1635 0.002493145250675
1636 0.002005755531621
1637 0.002073120074913
1638 0.001912535700229
1639 0.002013051410529
1640 0.002076660734364
1641 0.002155577348927
1642 0.002255675460307
1643 0.002155327233376
1644 0.002185661885686
1645 0.001777351593404
1646 0.001877527361978
1647 0.001977581484203
1648 0.002077151952758
1649 0.001781670933890
1650 0.001879296012845
1651 0.001872091330332
1652 0.001970256406329
1653 0.002065633849541
1654 0.002165094490750
1655 0.001887108690861
1656 0.001662809383565
1657 0.001760227199309
1658 0.001843606852415
1659 0.001890663679706
1660 0.001496334890423
1661 0.001424893342040
1662 0.001522523631502
1663 0.001403736779258
1664 0.001475698093367
1665 0.001450002820200
1666 0.001484406882893
1667 0.001560791354344
1668 0.001606086167035
1669 0.001704859080415
1670 0.001790087025938
1671 0.001770810664466
1672 0.001869262601612
1673 0.001967738175848
1674 0.001874171343962
1675 0.001964200473498
1676 0.002061559589517
1677 0.002117139371229
1678 0.002158368272096
1679 0.002197750730734
1680 0.002029102164505
1681 0.002098968277038
1682 0.001729156206189
1683 0.001824760504556
1684 0.001510224627410
1685 0.001026269552652
1686 0.000951893569583
1687 0.001024105182153
1688 0.001102229388227
1689 0.000744005549339
1690 0.000842175376782
1691 0.000939784090815
1692 0.000996913008462
1693 0.001088541016362
1694 0.000758778142471
1695 0.000846772855264
1696 0.000944473934762
1697 0.001038785457116
1698 0.001135549612789
1699 0.001232941048394
1700 0.001329764876430
1701 0.001223753526070
1702 0.001320954272942
1703 0.001415062928203
1704 0.001294056344658
1705 0.001240648727980
1706 0.001329782700389
1707 0.001426640665402
1708 0.001180655911462
1709 0.001277220145683
1710 0.001373368031075
1711 0.001469357522869
1712 0.001551493224736
1713 0.001647804649162
1714 0.001706402822703
1715 0.001334459568481
1716 0.001400206784076
1717 0.001442630919010
1718 0.001532362375390
1719 0.001628365245483
1720 0.001724293721148
1721 0.001783859848723
1722 0.001755572174172
1723 0.001573007450358
1724 0.001668527201552
1725 0.001764178288033
1726 0.001827091946011
1727 0.001922539707081
1728 0.001840861433872
1729 0.001412140288134
1730 0.001183750190289
1731 0.001123454059533
1732 0.000935882895589
1733 0.001022671856425
1734 0.001007577292253
1735 0.000601296425867
1736 0.000686868906643
1737 0.000777444953644
1738 0.000872893167339
1739 0.000887185826726
1740 0.000959878739732
1741 0.000815067517935
1742 0.000615838277752
1743 0.000410210253277
1744 0.000505534594083
1745 0.000421081999266
1746 0.000516099061760
1747 0.000572972261910
1748 0.000667884374135
1749 0.000762278980490
1750 0.000857081470709
1751 0.000781365993114
1752 0.000733398416493
1753 0.000827876151582
1754 0.000919007553510
1755 0.000997635521315
1756 0.000859522055127
1757 0.000886654139304
1758 0.000980822665851
1759 0.000985190157328
1760 0.001072411967432
1761 0.001120240084186
1762 0.001193508388167
1763 0.001281945301132
1764 0.001359326829748
1765 0.001452984987929
1766 0.001543819635639
1767 0.001594113794131
1768 0.001687479650647
1769 0.001780740920740
1770 0.001796545239453
1771 0.001888249539610
1772 0.001981198948843
1773 0.002061842889968
1774 0.002137014718478
1775 0.002211403296361
1776 0.002189997496734
1777 0.002275377651765
1778 0.002148783942981
1779 0.002241047875605
1780 0.002143875099019
1781 0.001954633633300
1782 0.001978761769309
1783 0.002064617176884
1784 0.002152274653193
1785 0.002031344102834
1786 0.001606011945049
1787 0.001698368967959
1788 0.001778996072048
1789 0.001870246342344
1790 0.001764494287798
1791 0.001854796331594
1792 0.001946767190627
1793 0.002038272868046
1794 0.002130008319625
1795 0.002221672194558
1796 0.002313221689965
1797 0.002321611950387
1798 0.001938480619424
1799 0.002029742959784
1800 0.002030920406586
1801 0.002064227456110
1802 0.002154292046740
1803 0.001868357890931
1804 0.001806286813876
1805 0.001897618961262
1806 0.001988836309063
1807 0.002079949887881
1808 0.002168011968365
1809 0.002258945361523
1810 0.002339224491473
1811 0.002209782052238
1812 0.002292458311340
1813 0.002366548761657
1814 0.002456152025477
1815 0.002546626108638
1816 0.002637000580295
1817 0.002717207778441
1818 0.002761169068641
1819 0.002730696206418
1820 0.002820768340077
1821 0.002582232962188
1822 0.002663493132039
1823 0.002347855754253
1824 0.002367144991663
1825 0.002206123483460
1826 0.002152117441302
1827 0.002181282779231
1828 0.002148069153263
1829 0.002236489071809
1830 0.002286017310570
1831 0.002136786811169
1832 0.002224755163038
1833 0.002313797159695
1834 0.002040366260407
1835 0.002102458576321
1836 0.002186621240636
1837 0.002174546211364
1838 0.002134931104158
1839 0.002091963474645
1840 0.001698700585239
1841 0.001716076838233
1842 0.001805624981254
1843 0.001884258102774
1844 0.001973619230440
1845 0.002062869642025
1846 0.001820899935625
1847 0.001842266583594
1848 0.001876544515433
1849 0.001965667214271
1850 0.002054312498797
1851 0.002139825791778
1852 0.002130597705044
1853 0.002197383469978
1854 0.002286093464327
1855 0.002343281810152
1856 0.002430730738002
1857 0.002505383877415
1858 0.002588842615721
1859 0.002676338767321
1860 0.002760916998343
1861 0.002467887194789
1862 0.002555802281706
1863 0.002631229503463
1864 0.002314253660701
1865 0.002108443738520
1866 0.002170417701585
1867 0.002258435067206
1868 0.002346448035368
1869 0.002431941404424
1870 0.002515801807514
1871 0.002599361788483
1872 0.002644922428274
1873 0.002731341793292
1874 0.002727115601408
1875 0.002814548047593
1876 0.002824565392421
1877 0.002788685362977
1878 0.002853415365770
1879 0.002939593015408
1880 0.003026076038710
1881 0.003024218723496
1882 0.002862115826607
1883 0.002448436065058
1884 0.002533329760281
1885 0.002620359616237
1886 0.002625903680244
1887 0.002712699574915
1888 0.002461570129963
1889 0.002548490217989
1890 0.002635325231490
1891 0.002419177623296
1892 0.001997774022480
1893 0.002056032732928
1894 0.001917162554264
1895 0.002004096919608
1896 0.002059122365589
1897 0.002127398434575
1898 0.002214010277462
1899 0.002127211714185
1900 0.002153473968878
1901 0.001800166108338
1902 0.001886846708000
1903 0.001973436208766
1904 0.002059621228438
1905 0.001803857097525
1906 0.001888358248685
1907 0.001882115986984
1908 0.001967104813446
1909 0.002049693637555
1910 0.002135831774084
1911 0.001895100619663
1912 0.001700828838904
1913 0.001785190209125
1914 0.001857404682395
1915 0.001898163679077
1916 0.001556517911744
1917 0.001494585415717
1918 0.001579148423544
1919 0.001476178564203
1920 0.001538507306335
1921 0.001516203590022
1922 0.001545990774037
1923 0.001612174512996
1924 0.001651415866640
1925 0.001737029717410
1926 0.001810912634536
1927 0.001794186310910
1928 0.001879553667373
1929 0.001964955090199
1930 0.001883800637613
1931 0.001961889277012
1932 0.002046349002500
1933 0.002094575854295
1934 0.002130359028634
1935 0.002164545673232
1936 0.002018214895232
1937 0.002078852903718
1938 0.001757901516827
1939 0.001840868659086
1940 0.001567830244000
1941 0.001147674702225
1942 0.001083040658660
1943 0.001145670531700
1944 0.001213444242864
1945 0.000902312480018
1946 0.000987486530094
1947 0.001072186593923
1948 0.001121739841437
1949 0.001201268517958
1950 0.000914739781613
1951 0.000991108349807
1952 0.001075922230613
1953 0.001157804056081
1954 0.001241829909579
1955 0.001326413934538
1956 0.001410517735548
1957 0.001318332727974
1958 0.001402776595172
1959 0.001484545465815
1960 0.001379308373519
1961 0.001332829414588
1962 0.001410286283213
1963 0.001494471735426
1964 0.001280515630131
1965 0.001364448666551
1966 0.001448032418077
1967 0.001531491165445
1968 0.001602910976396
1969 0.001686674334593
1970 0.001737637989296
1971 0.001413988107937
1972 0.001471159859166
1973 0.001508043430684
1974 0.001586104843830
1975 0.001669636586221
1976 0.001753116194927
1977 0.001804954577871
1978 0.001780317333025
1979 0.001621356360670
1980 0.001704501664786
1981 0.001787773825168
1982 0.001842549495265
1983 0.001925667410453
1984 0.001854526692808
1985 0.001481089651881
1986 0.001282104848943
1987 0.001229527618446
1988 0.001066057130765
1989 0.001141610220204
1990 0.001128397701290
1991 0.000774295178141
1992 0.000848783545548
1993 0.000927643896277
1994 0.001010762650770
1995 0.001023152157132
1996 0.001086453611190
1997 0.000960142688796
1998 0.000786367708031
1999 0.000606987930097
2000 0.000690012366441
2001 0.000616272108706
2002 0.000699041639677
2003 0.000748554639220
2004 0.000831254634126
2005 0.000913515380388
2006 0.000996144055106
2007 0.000930017067635
2008 0.000888090849848
2009 0.000970452610515
2010 0.001049906293362
2011 0.001118459841227
2012 0.000997859408352
2013 0.001021472291882
2014 0.001103604095018
2015 0.001107355775454
2016 0.001183441202123
2017 0.001225143871617
2018 0.001289065500867
2019 0.001366241687319
2020 0.001433774717068
2021 0.001515532362442
2022 0.001594835745470
2023 0.001638740224928
2024 0.001720274912621
2025 0.001801729920785
2026 0.001815526887775
2027 0.001895640027355
2028 0.001976852533605
2029 0.002047323728297
2030 0.002113022912010
2031 0.002178046898987
2032 0.002159354308563
2033 0.002233998272497
2034 0.002123358039046
2035 0.002204027799264
2036 0.002119091393445
2037 0.001953645018020
2038 0.001974742823213
2039 0.002049820905927
2040 0.002126485481420
2041 0.002020735729721
2042 0.001648731505709
2043 0.001729494736438
2044 0.001800008501772
2045 0.001879825480319
2046 0.001787300672511
2047 0.001866298305171
2048 0.001946767190627
2049 0.002026840240707
2050 0.002107125524979
2051 0.002187359332049
2052 0.002267504169580
2053 0.002274870470358
2054 0.001939513415055
2055 0.002019406318955
2056 0.002020442185144
2057 0.002049609163468
2058 0.002128477487379
2059 0.001878106691670
2060 0.001823744569433
2061 0.001903723738903
2062 0.001983613372923
2063 0.002063423096559
2064 0.002140570755622
2065 0.002220244338884
2066 0.002290594738803
2067 0.002177207400776
2068 0.002249664826377
2069 0.002314608654270
2070 0.002393155640104
2071 0.002472476478985
2072 0.002551720779255
2073 0.002622064126497
2074 0.002660645018124
2075 0.002633980144710
2076 0.002712991705077
2077 0.002503908822795
2078 0.002575195807207
2079 0.002298467263494
2080 0.002315406185381
2081 0.002174218048109
2082 0.002126867842756
2083 0.002152460892201
2084 0.002123341081077
2085 0.002200916505103
2086 0.002244383547049
2087 0.002113478223311
2088 0.002190672346497
2089 0.002268818858076
2090 0.002028901493965
2091 0.002083397364108
2092 0.002157270075816
2093 0.002146685996692
2094 0.002111927301931
2095 0.002074221112493
2096 0.001728998796584
2097 0.001744239322836
2098 0.001822847290882
2099 0.001891881888620
2100 0.001970345838920
2101 0.002048722936857
2102 0.001836229154122
2103 0.001854987532430
2104 0.001885088719259
2105 0.001963368684080
2106 0.002041239564850
2107 0.002116369217552
2108 0.002108272936690
2109 0.002166962527582
2110 0.002244924020693
2111 0.002295196664440
2112 0.002372068489835
2113 0.002437704808879
2114 0.002511088921859
2115 0.002588031285698
2116 0.002662418722929
2117 0.002404870321352
2118 0.002482188975136
2119 0.002548538445376
2120 0.002269877936013
2121 0.002088929737454
2122 0.002143436301583
2123 0.002220852883313
2124 0.002298275579505
2125 0.002373492181491
2126 0.002447282117051
2127 0.002520817257664
2128 0.002560933828256
2129 0.002637001211666
2130 0.002633327247812
2131 0.002710300323809
2132 0.002719163732168
2133 0.002687639393862
2134 0.002744651573437
2135 0.002820546921195
2136 0.002896720671150
2137 0.002895146382638
2138 0.002752513744843
2139 0.002388395283452
2140 0.002463161527650
2141 0.002539817971698
2142 0.002544737040962
2143 0.002621202285892
2144 0.002400101122281
2145 0.002476676187684
2146 0.002553185968461
2147 0.002362849225176
2148 0.001991694995965
2149 0.002043016456135
2150 0.001920687571431
2151 0.001997273855629
2152 0.002045756694218
2153 0.002105920683321
2154 0.002182248796390
2155 0.002105776077048
2156 0.002128929935839
2157 0.001817565216852
2158 0.001893954976560
2159 0.001970273972248
2160 0.002046245935068
2161 0.001820786752238
2162 0.001895274386121
2163 0.001889767724447
2164 0.001964698883944
2165 0.002037523120043
2166 0.002113486190813
2167 0.001901204284715
2168 0.001729869529882
2169 0.001804260613581
2170 0.001867946987514
2171 0.001903894908445
2172 0.001602514143509
2173 0.001547856715476
2174 0.001622437477993
2175 0.001531567386440
2176 0.001586537880957
2177 0.001566834863222
2178 0.001593097643939
2179 0.001651484162135
2180 0.001686099324870
2181 0.001761648146178
2182 0.001826851574206
2183 0.001812079442017
2184 0.001887432175593
2185 0.001962824150936
2186 0.001891174579777
2187 0.001960119156246
2188 0.002034697748460
2189 0.002077289870787
2190 0.002108898064922
2191 0.002139100081471
2192 0.002009870637760
2193 0.002063433869267
2194 0.001779938714863
2195 0.001853219467320
2196 0.001612005042878
2197 0.001240786981256
2198 0.001183638471300
2199 0.001238931443335
2200 0.001298776367695
2201 0.001023793809375
2202 0.001099010530592
2203 0.001173817385006
2204 0.001217568789437
2205 0.001287820744808
2206 0.001034503615116
2207 0.001101959579191
2208 0.001176889762209
2209 0.001249236633014
2210 0.001323487802768
2211 0.001398241358129
2212 0.001472579155304
2213 0.001391030072049
2214 0.001465677043427
2215 0.001537967028592
2216 0.001444863182715
2217 0.001403721643125
2218 0.001472206532220
2219 0.001546651833006
2220 0.001357344638909
2221 0.001431568676530
2222 0.001505492409874
2223 0.001579314225475
2224 0.001642491547818
2225 0.001716599624995
2226 0.001761688786934
2227 0.001475232582643
2228 0.001525807739262
2229 0.001558430726577
2230 0.001627508234314
2231 0.001701436422495
2232 0.001775327061817
2233 0.001821212539746
2234 0.001799391264783
2235 0.001658629368486
2236 0.001732238683845
2237 0.001805968863861
2238 0.001854470732983
2239 0.001928079890902
2240 0.001865068463987
2241 0.001534286193568
2242 0.001357998497235
2243 0.001311388220531
2244 0.001166530292674
2245 0.001233423219949
2246 0.001221675790903
2247 0.000907874544050
2248 0.000973820828973
2249 0.001043649037830
2250 0.001117259167305
2251 0.001128192338640
2252 0.001184251247218
2253 0.001072249156825
2254 0.000918161083161
2255 0.000759087039053
2256 0.000832622842944
2257 0.000767183380736
2258 0.000840502109581
2259 0.000884341453368
2260 0.000957613578579
2261 0.001030504528296
2262 0.001103730050991
2263 0.001045036082874
2264 0.001007799835378
2265 0.001080799865485
2266 0.001151228618913
2267 0.001211996092417
2268 0.001104967165081
2269 0.001125868719418
2270 0.001198692091703
2271 0.001201978990903
2272 0.001269449764208
2273 0.001306417769402
2274 0.001363107555651
2275 0.001431566754944
2276 0.001491475100737
2277 0.001564015505181
2278 0.001634385547910
2279 0.001673340884524
2280 0.001745705624537
2281 0.001818007667861
2282 0.001830249726307
2283 0.001901373077639
2284 0.001973480446125
2285 0.002036057875499
2286 0.002094404598505
2287 0.002152158134081
2288 0.002135568337325
2289 0.002201874569151
2290 0.002103616878699
2291 0.002175281087866
2292 0.002099844013026
2293 0.001952877148935
2294 0.001971620869446
2295 0.002038325589536
2296 0.002106447205094
2297 0.002012491956970
2298 0.001681933044150
2299 0.001753688624334
2300 0.001816343381923
2301 0.001887273145612
2302 0.001805034568531
2303 0.001875243174766
2304 0.001946767190627
2305 0.002017947095014
2306 0.002089323385520
2307 0.002160661634518
2308 0.002231928490805
2309 0.002238493493480
2310 0.001940317296677
2311 0.002011359751732
2312 0.002012284400284
2313 0.002038226740188
2314 0.002108374706061
2315 0.001885699386155
2316 0.001837342924798
2317 0.001908479510867
2318 0.001979544079279
2319 0.002050545169902
2320 0.002119185534657
2321 0.002190080551743
2322 0.002252687825654
2323 0.002151812353940
2324 0.002216299165985
2325 0.002274106540423
2326 0.002344026042913
2327 0.002414641679750
2328 0.002485196673289
2329 0.002547836554327
2330 0.002582210372700
2331 0.002558507593768
2332 0.002628877864726
2333 0.002442773692990
2334 0.002506267904103
2335 0.002259908283342
2336 0.002275007391436
2337 0.002149302592604
2338 0.002107147668699
2339 0.002129948028754
2340 0.002104023595626
2341 0.002173124012789
2342 0.002211851613981
2343 0.002095263104076
2344 0.002164034240736
2345 0.002233660978815
2346 0.002019938841939
2347 0.002068494371176
2348 0.002134319164995
2349 0.002124898336261
2350 0.002093935391933
2351 0.002060342676084
2352 0.001752701478928
2353 0.001766273803989
2354 0.001836323711585
2355 0.001897848188965
2356 0.001967783812620
2357 0.002037649253771
2358 0.001848229890909
2359 0.001864947512293
2360 0.001891779265305
2361 0.001961568606857
2362 0.002031000391353
2363 0.002097995066518
2364 0.002090783312751
2365 0.002143127429797
2366 0.002212663602900
2367 0.002257512699380
2368 0.002326089971002
2369 0.002384652875458
2370 0.002450132650468
2371 0.002518793154809
2372 0.002585181458060
2373 0.002355450008893
2374 0.002424451832408
2375 0.002483673838548
2376 0.002235064657048
2377 0.002073619004603
2378 0.002122264185349
2379 0.002191359004655
2380 0.002260466273810
2381 0.002327611628084
2382 0.002393490420508
2383 0.002459148429648
2384 0.002494983048377
2385 0.002562913199345
2386 0.002559664475540
2387 0.002628413234536
2388 0.002636360752841
2389 0.002608249153582
2390 0.002659187806910
2391 0.002726992922439
2392 0.002795053409020
2393 0.002793690021102
2394 0.002666352041468
2395 0.002341189942424
2396 0.002407987508335
2397 0.002476480049314
2398 0.002480900393053
2399 0.002549232555009
2400 0.002351745502904
2401 0.002420176103033
2402 0.002488555157834
2403 0.002318522549835
2404 0.001986910670604
2405 0.002032771212073
2406 0.001923462460256
2407 0.001991902145517
2408 0.002035232893172
2409 0.002089007734325
2410 0.002157234982666
2411 0.002088892512168
2412 0.002109595913130
2413 0.001831272512868
2414 0.001899555609038
2415 0.001967782156059
2416 0.002035705140955
2417 0.001834130149932
2418 0.001900726064349
2419 0.001895799912683
2420 0.001962801977544
2421 0.002027926458361
2422 0.002095864364204
2423 0.001906018194708
2424 0.001752776213525
2425 0.001819304606869
2426 0.001876264370859
2427 0.001908417077476
2428 0.001638811005149
2429 0.001589899153367
2430 0.001656605546485
2431 0.001575290607284
2432 0.001624456755659
2433 0.001606811302110
2434 0.001630295426993
2435 0.001682528291619
2436 0.001713492992207
2437 0.001781094381458
2438 0.001839443205791
2439 0.001826216409481
2440 0.001893657488646
2441 0.001961140176401
2442 0.001897002470186
2443 0.001958720014536
2444 0.002025487346330
2445 0.002063623692414
2446 0.002091929338912
2447 0.002118978618432
2448 0.002003271584465
2449 0.002051238414088
2450 0.001797370588249
2451 0.001862990261758
2452 0.001646955740196
2453 0.001314464491895
2454 0.001263247661254
2455 0.001312742421464
2456 0.001366319385069
2457 0.001119960348081
2458 0.001187304145306
2459 0.001254287149235
2460 0.001293452850699
2461 0.001356366169485
2462 0.001129361241165
2463 0.001189767434866
2464 0.001256877027499
2465 0.001321677940417
2466 0.001388191583503
2467 0.001455161752583
2468 0.001521765596569
2469 0.001448652065713
2470 0.001515539018198
2471 0.001580319453311
2472 0.001496840296803
2473 0.001459936629037
2474 0.001521312243033
2475 0.001588037502320
2476 0.001418286550557
2477 0.001484814869347
2478 0.001551080119265
2479 0.001617260154913
2480 0.001673900646431
2481 0.001740349281102
2482 0.001780778259675
2483 0.001523848313470
2484 0.001569191644072
2485 0.001598436414624
2486 0.001660384458295
2487 0.001726689609725
2488 0.001792967203688
2489 0.001834126155907
2490 0.001814543167199
2491 0.001688241284371
2492 0.001754276925312
2493 0.001820427095571
2494 0.001863944627592
2495 0.001929997305222
2496 0.001873447820566
2497 0.001576574994227
2498 0.001418336681986
2499 0.001376477062606
2500 0.001246426551025
2501 0.001306440435660
2502 0.001295865798229
2503 0.001014129644938
2504 0.001073291383519
2505 0.001135943747258
2506 0.001201997417094
2507 0.001211780357032
2508 0.001262083815604
2509 0.001161478577571
2510 0.001023070710058
2511 0.000880172709623
2512 0.000946166215956
2513 0.000887347907330
2514 0.000953152809958
2515 0.000992484987657
2516 0.001058258779169
2517 0.001123696122081
2518 0.001189439942868
2519 0.001136676878263
2520 0.001103186995276
2521 0.001168736253917
2522 0.001231981146415
2523 0.001286550750023
2524 0.001190347833282
2525 0.001209096445607
2526 0.001274506511863
2527 0.001277430427044
2528 0.001338038870681
2529 0.001371237639641
2530 0.001422165605672
2531 0.001483677111141
2532 0.001537507792290
2533 0.001602698660125
2534 0.001665944230047
2535 0.001700953166324
2536 0.001766002060231
2537 0.001831000351277
2538 0.001842002472905
2539 0.001905950034285
2540 0.001970788086516
2541 0.002027062041053
2542 0.002079536315099
2543 0.002131481735526
2544 0.002116569479796
2545 0.002176213473315
2546 0.002087845661045
2547 0.002152313063644
2548 0.002084464238091
2549 0.001952263516402
2550 0.001969125755023
2551 0.002029137447583
2552 0.002090429147217
2553 0.002005901459444
2554 0.001708478675121
2555 0.001773034265418
2556 0.001829406173405
2557 0.001893229530252
2558 0.001819218912259
2559 0.001882398371351
2560 0.001946767190627
2561 0.002010831883955
2562 0.002075078894539
2563 0.002139297226544
2564 0.002203456847729
2565 0.002209377729920
2566 0.001940960777913
2567 0.002004918109487
2568 0.002005753089664
2569 0.002029112826335
2570 0.002092276836820
2571 0.001891780038798
2572 0.001848234298069
2573 0.001912288934116
2574 0.001976284217781
2575 0.002040227825166
2576 0.002102050792393
2577 0.002165909725028
2578 0.002222309360732
2579 0.002131458898412
2580 0.002189554907965
2581 0.002241638941218
2582 0.002304638643151
2583 0.002368270843817
2584 0.002431853814325
2585 0.002488310922951
2586 0.002519304937815
2587 0.002497972014640
2588 0.002561404784135
2589 0.002393728631343
2590 0.002450965903080
2591 0.002228968831496
2592 0.002242588606171
2593 0.002129306810534
2594 0.002091319834317
2595 0.002111877009655
2596 0.002088516030264
2597 0.002150810825853
2598 0.002185730900980
2599 0.002080636342305
2600 0.002142641792725
2601 0.002205423835495
2602 0.002012739786314
2603 0.002056522739128
2604 0.002115880875656
2605 0.002107392933849
2606 0.002079478346832
2607 0.002049189885797
2608 0.001771750873942
2609 0.001783984155457
2610 0.001847156481943
2611 0.001902644536888
2612 0.001965723990556
2613 0.002028745385357
2614 0.001857880062572
2615 0.001872957392849
2616 0.001897160346682
2617 0.001960120703702
2618 0.002022763684177
2619 0.002083212960283
2620 0.002076711508452
2621 0.002123948406055
2622 0.002186702702236
2623 0.002227184506379
2624 0.002289082870477
2625 0.002341948595338
2626 0.002401061227117
2627 0.002463049475010
2628 0.002522991940380
2629 0.002315654344581
2630 0.002377954772220
2631 0.002431432066649
2632 0.002207023566089
2633 0.002061285520221
2634 0.002105207529825
2635 0.002167596004886
2636 0.002230000808979
2637 0.002290639244319
2638 0.002350138962264
2639 0.002409444148788
2640 0.002441822722777
2641 0.002503188330646
2642 0.002500277002059
2643 0.002562389251471
2644 0.002569592238496
2645 0.002544226702725
2646 0.002590261246907
2647 0.002651534748150
2648 0.002713043865248
2649 0.002711843194148
2650 0.002596837429463
2651 0.002303101589176
2652 0.002363465486716
2653 0.002425365653602
2654 0.002429378878426
2655 0.002491141732680
2656 0.002312711448709
2657 0.002374563501762
2658 0.002436373923972
2659 0.002282731135034
2660 0.001983047237945
2661 0.002024497243831
2662 0.001925703636430
2663 0.001987563223830
2664 0.002026731684519
2665 0.002075344102360
2666 0.002137025022140
2667 0.002075250186591
2668 0.002093972167642
2669 0.001842350308861
2670 0.001904082262553
2671 0.001965767992394
2672 0.002027184139726
2673 0.001844917685442
2674 0.001905133890948
2675 0.001900677528815
2676 0.001961268006897
2677 0.002020165243367
2678 0.002081611609747
2679 0.001909912089055
2680 0.001771306694920
2681 0.001831475595844
2682 0.001882993946497
2683 0.001912076275749
2684 0.001668183875299
2685 0.001623924560272
2686 0.001684260565435
2687 0.001610682496132
2688 0.001655152987561
2689 0.001639176012954
2690 0.001660413185911
2691 0.001707665845742
2692 0.001735676571254
2693 0.001796843449096
2694 0.001849641773021
2695 0.001837667615408
2696 0.001898700546401
2697 0.001959775888541
2698 0.001901724400665
2699 0.001957586289852
2700 0.002018023509345
2701 0.002052548066921
2702 0.002078176004360
2703 0.002102668546099
2704 0.001997922056054
2705 0.002041351303846
2706 0.001811504191431
2707 0.001870913015282
2708 0.001675298329306
2709 0.001374216980221
2710 0.001327816295763
2711 0.001372613443561
2712 0.001421110918337
2713 0.001197978244023
2714 0.001258941042728
2715 0.001319581768239
2716 0.001355031816465
2717 0.001411994679390
2718 0.001206350175330
2719 0.001261040674099
2720 0.001321807866382
2721 0.001380488248412
2722 0.001440724778001
2723 0.001501379524210
2724 0.001561707009226
2725 0.001495447468274
2726 0.001556035867846
2727 0.001614720120987
2728 0.001539062175403
2729 0.001505604867867
2730 0.001561208384639
2731 0.001621664305764
2732 0.001467807430446
2733 0.001528085924688
2734 0.001588130554623
2735 0.001648102495368
2736 0.001699432018987
2737 0.001759656180934
2738 0.001796298042847
2739 0.001563376328275
2740 0.001604468775429
2741 0.001630969314535
2742 0.001687121868753
2743 0.001747229114177
2744 0.001807315890516
2745 0.001844631112150
2746 0.001826869951612
2747 0.001712333978947
2748 0.001772209060654
2749 0.001832192488199
2750 0.001871654655278
2751 0.001931557861625
2752 0.001880268227083
2753 0.001610998968901
2754 0.001467457310240
2755 0.001429469539112
2756 0.001311479963121
2757 0.001365897689658
2758 0.001356283041323
2759 0.001100666510359
2760 0.001154309429396
2761 0.001211123320421
2762 0.001271027490238
2763 0.001279879028548
2764 0.001325498773638
2765 0.001234185226737
2766 0.001108561056777
2767 0.000978852936272
2768 0.001038707346562
2769 0.000985293496541
2770 0.001044981431421
2771 0.001080646750184
2772 0.001140314390040
2773 0.001199681045827
2774 0.001259330272871
2775 0.001211409534106
2776 0.001180981134329
2777 0.001240459667600
2778 0.001297850558696
2779 0.001347369536923
2780 0.001260003716549
2781 0.001277001411708
2782 0.001336368026516
2783 0.001339000750967
2784 0.001394013888607
2785 0.001424140894597
2786 0.001470370202136
2787 0.001526214269500
2788 0.001575086847517
2789 0.001634280425564
2790 0.001691711498115
2791 0.001723500063573
2792 0.001782576513448
2793 0.001841611275328
2794 0.001851601530792
2795 0.001909688564526
2796 0.001968588748409
2797 0.002019712923531
2798 0.002067388746884
2799 0.002114587514914
2800 0.002101044699072
2801 0.002155243016918
2802 0.002074956264747
2803 0.002133540411667
2804 0.002071892753016
2805 0.001951761890948
2806 0.001967085914508
2807 0.002021625233198
2808 0.002077331760861
2809 0.002000512220278
2810 0.001730187522085
2811 0.001788856260741
2812 0.001840090533436
2813 0.001898101780894
2814 0.001830822451443
2815 0.001888252160955
2816 0.001946767190627
2817 0.002005009888395
2818 0.002063422472892
2819 0.002121813122538
2820 0.002180154524248
2821 0.002185546358754
2822 0.001941487511313
2823 0.001999644770759
2824 0.002000405926011
2825 0.002021650708551
2826 0.002079095495905
2827 0.001896759420074
2828 0.001857153824411
2829 0.001915408917738
2830 0.001973614126279
2831 0.002031776421972
2832 0.002088013856640
2833 0.002146107222802
2834 0.002197419171760
2835 0.002114781269772
2836 0.002167638950405
2837 0.002215030845289
2838 0.002272357074495
2839 0.002330262765192
2840 0.002388127696133
2841 0.002439512895681
2842 0.002467732220264
2843 0.002448338375897
2844 0.002506078756027
2845 0.002353509956888
2846 0.002405612821426
2847 0.002203593481983
2848 0.002215997917133
2849 0.002112904514045
2850 0.002078335456498
2851 0.002097051294583
2852 0.002075792431755
2853 0.002132501968293
2854 0.002164296174333
2855 0.002068632663556
2856 0.002125084405423
2857 0.002182247041275
2858 0.002006830414552
2859 0.002046695029993
2860 0.002100743426926
2861 0.002093020270352
2862 0.002067607607493
2863 0.002040031586823
2864 0.001787394790517
2865 0.001798529515668
2866 0.001856054019076
2867 0.001906584334361
2868 0.001964031891260
2869 0.002021430495900
2870 0.001865808670510
2871 0.001879538830756
2872 0.001901582126644
2873 0.001958930832715
2874 0.002015994337500
2875 0.002071063354359
2876 0.002065144837602
2877 0.002108182541908
2878 0.002165360280077
2879 0.002202249864895
2880 0.002258654810046
2881 0.002306833552087
2882 0.002360707558366
2883 0.002417205470570
2884 0.002471843002815
2885 0.002282921203710
2886 0.002339706670734
2887 0.002388455201993
2888 0.002183953748874
2889 0.002051137824694
2890 0.002091172676249
2891 0.002148041464433
2892 0.002204928953413
2893 0.002260210192903
2894 0.002314457146943
2895 0.002368530400502
2896 0.002398060907780
2897 0.002454018909920
2898 0.002451381725411
2899 0.002508025937371
2900 0.002514611820477
2901 0.002491503629613
2902 0.002533495403210
2903 0.002589385077214
2904 0.002645493304400
2905 0.002644421694354
2906 0.002539570402229
2907 0.002271721607742
2908 0.002326782280458
2909 0.002383247672674
2910 0.002386922317575
2911 0.002443268189992
2912 0.002280540524921
2913 0.002336967945411
2914 0.002393361115552
2915 0.002253226239744
2916 0.001979862158345
2917 0.002017675545641
2918 0.001927551569903
2919 0.001983985360007
2920 0.002019721098753
2921 0.002064075465111
2922 0.002120356300419
2923 0.002063997484926
2924 0.002081084180598
2925 0.001851489017146
2926 0.001907816829056
2927 0.001964106152540
2928 0.002020153149640
2929 0.001853819519968
2930 0.001908771476176
2931 0.001904703101461
2932 0.001960001905613
2933 0.002013758867130
2934 0.002069846043525
2935 0.001913126707795
2936 0.001786605702720
2937 0.001841524846189
2938 0.001888550771037
2939 0.001915098009062
2940 0.001692441470103
2941 0.001652026468932
2942 0.001707102746281
2943 0.001639917182436
2944 0.001680510744349
2945 0.001665913989689
2946 0.001685296629634
2947 0.001728436101694
2948 0.001754007371308
2949 0.001809858192341
2950 0.001858070283837
2951 0.001847132031286
2952 0.001902868927472
2953 0.001958648145004
2954 0.001905627905821
2955 0.001956649000714
2956 0.002011852461445
2957 0.002043390168939
2958 0.002066803233462
2959 0.002089180628897
2960 0.001993497851477
2961 0.002033173818880
2962 0.001823194713981
2963 0.001877466734110
2964 0.001698745032578
2965 0.001423651332283
2966 0.001381238894915
2967 0.001422152829893
2968 0.001466450542901
2969 0.001262542060234
2970 0.001318228414399
2971 0.001373623999182
2972 0.001406002292840
2973 0.001458043035554
2974 0.001270084793997
2975 0.001320047728966
2976 0.001375567808252
2977 0.001429184052646
2978 0.001484226073378
2979 0.001539653858752
2980 0.001594786004676
2981 0.001534205552448
2982 0.001589579536066
2983 0.001643216282512
2984 0.001574039549363
2985 0.001543439894542
2986 0.001594263660705
2987 0.001649527157631
2988 0.001508842804813
2989 0.001563944875535
2990 0.001618836567606
2991 0.001673665237590
2992 0.001720594386614
2993 0.001775660330109
2994 0.001809163808322
2995 0.001596146966259
2996 0.001633717238143
2997 0.001657944375022
2998 0.001709293050341
2999 0.001764262041010
3000 0.001819215734792
3001 0.001853343819945
3002 0.001837094366398
3003 0.001732318961361
3004 0.001787084853355
3005 0.001841953261517
3006 0.001878051464676
3007 0.001932852703070
3008 0.001885927713342
3009 0.001639565490923
3010 0.001508222535947
3011 0.001473451006660
3012 0.001365475159084
3013 0.001415251354526
3014 0.001406436970395
3015 0.001172507894820
3016 0.001221573748652
3017 0.001273544543746
3018 0.001328346696102
3019 0.001336428670646
3020 0.001378162586469
3021 0.001294569530860
3022 0.001179567267984
3023 0.001060819872797
3024 0.001115580137593
3025 0.001066661187676
3026 0.001121272625854
3027 0.001153896447162
3028 0.001208495340155
3029 0.001262822033965
3030 0.001317410751731
3031 0.001273518263921
3032 0.001245638532222
3033 0.001300075469082
3034 0.001352604236275
3035 0.001397928284649
3036 0.001317912626089
3037 0.001333458454646
3038 0.001387803900779
3039 0.001390197923903
3040 0.001440561535093
3041 0.001468137057630
3042 0.001510461467440
3043 0.001561594337791
3044 0.001606345115532
3045 0.001660551890869
3046 0.001713147564196
3047 0.001742258312514
3048 0.001796366806544
3049 0.001850440371529
3050 0.001859589205847
3051 0.001912799717683
3052 0.001966758368726
3053 0.002013596281663
3054 0.002057277706150
3055 0.002100524666135
3056 0.002088120928731
3057 0.002137784786126
3058 0.002064224936109
3059 0.002117909831547
3060 0.002061424732110
3061 0.001951344170176
3062 0.001965387157711
3063 0.002015368733394
3064 0.002066422971703
3065 0.001996023239009
3066 0.001748271147377
3067 0.001802036957856
3068 0.001848991845118
3069 0.001902161195977
3070 0.001840490807544
3071 0.001893130001266
3072 0.001946767190627
3073 0.002000157909668
3074 0.002053707524206
3075 0.002107240192921
3076 0.002160730870994
3077 0.002165680428614
3078 0.001941926626941
3079 0.001995248323694
3080 0.001995947641512
3081 0.002015428644095
3082 0.002068103917011
3083 0.001900911865505
3084 0.001864592547417
3085 0.001918011095326
3086 0.001971387031163
3087 0.002024726741627
3088 0.002076304288473
3089 0.002129586974101
3090 0.002176653182385
3091 0.002100866160014
3092 0.002149352025922
3093 0.002192827322627
3094 0.002245417510736
3095 0.002298542291173
3096 0.002351632770613
3097 0.002398782220675
3098 0.002424682818202
3099 0.002406904938198
3100 0.002459890446110
3101 0.002319931708528
3102 0.002367745483745
3103 0.002182405106028
3104 0.002193793321132
3105 0.002099206879651
3106 0.002067491452614
3107 0.002084668697025
3108 0.002065164870066
3109 0.002117208271580
3110 0.002146390251558
3111 0.002058604517921
3112 0.002110415637110
3113 0.002162882170807
3114 0.002001892654332
3115 0.002038482661814
3116 0.002088093261171
3117 0.002081008467847
3118 0.002057686136448
3119 0.002032376670046
3120 0.001800471500270
3121 0.001810688709769
3122 0.001863492382919
3123 0.001909878222035
3124 0.001962617114255
3125 0.002015314077932
3126 0.001872438670878
3127 0.001885042655549
3128 0.001905280136995
3129 0.001957935660975
3130 0.002010332308874
3131 0.002060900525258
3132 0.002055469014605
3133 0.002094993161146
3134 0.002147504558667
3135 0.002181387483839
3136 0.002233194596216
3137 0.002277449749558
3138 0.002326938044618
3139 0.002378839048249
3140 0.002429034274178
3141 0.002255523741963
3142 0.002307691232508
3143 0.002352479341061
3144 0.002164640848457
3145 0.002042642154640
3146 0.002079421943789
3147 0.002131668342699
3148 0.002183934858345
3149 0.002234728640479
3150 0.002284575042556
3151 0.002334264649398
3152 0.002361407610955
3153 0.002412833867059
3154 0.002410423792340
3155 0.002462484815607
3156 0.002468550912606
3157 0.002447331146756
3158 0.002485932888194
3159 0.002537308414040
3160 0.002588887644550
3161 0.002587920728535
3162 0.002491576214319
3163 0.002245421155392
3164 0.002296035168259
3165 0.002347943090239
3166 0.002351331757720
3167 0.002403134228566
3168 0.002253568942352
3169 0.002305446521232
3170 0.002357295486284
3171 0.002228485301058
3172 0.001977191189954
3173 0.002011954606819
3174 0.001929101412028
3175 0.001980984461940
3176 0.002013840682985
3177 0.002054622862572
3178 0.002106373036698
3179 0.002054557108914
3180 0.002070271240525
3181 0.001859156798476
3182 0.001910950484795
3183 0.001962711627171
3184 0.002014252771026
3185 0.001861290353152
3186 0.001911824490269
3187 0.001908081955187
3188 0.001958939143054
3189 0.002008381046753
3190 0.002059968869123
3191 0.001915825536878
3192 0.001799450734331
3193 0.001849962691531
3194 0.001893216833471
3195 0.001917635508430
3196 0.001712812992148
3197 0.001675627852965
3198 0.001726287892545
3199 0.001664472856739
3200 0.001701811260051
3201 0.001688375226628
3202 0.001706201209151
3203 0.001745886229314
3204 0.001769408904937
3205 0.001820793825278
3206 0.001865152756743
3207 0.001855085445938
3208 0.001906372030766
3209 0.001957700334371
3210 0.001908908795824
3211 0.001955861164096
3212 0.002006665092414
3213 0.002035691606086
3214 0.002057242179645
3215 0.002077840709706
3216 0.001989777997877
3217 0.002026297817377
3218 0.001833025215541
3219 0.001882978047210
3220 0.001718463564398
3221 0.001465227755672
3222 0.001426172241812
3223 0.001463822478155
3224 0.001504589830065
3225 0.001316855745003
3226 0.001368106259009
3227 0.001419091819761
3228 0.001448888232689
3229 0.001496789825179
3230 0.001323716587662
3231 0.001369704238463
3232 0.001420811323688
3233 0.001470168056149
3234 0.001520840336215
3235 0.001571870555185
3236 0.001622631240647
3237 0.001566833226026
3238 0.001617819202393
3239 0.001667207956633
3240 0.001603489634598
3241 0.001575297897565
3242 0.001622098609397
3243 0.001672991064028
3244 0.001543401572620
3245 0.001594145958020
3246 0.001644699241510
3247 0.001695197143958
3248 0.001738420814517
3249 0.001789142434231
3250 0.001820002720897
3251 0.001623756556366
3252 0.001658360776838
3253 0.001680673745079
3254 0.001727975711654
3255 0.001778615748629
3256 0.001829244350485
3257 0.001860686891143
3258 0.001845711997767
3259 0.001749164234970
3260 0.001799624325239
3261 0.001850181524581
3262 0.001883444237773
3263 0.001933944369884
3264 0.001890699437051
3265 0.001663652362324
3266 0.001542597132273
3267 0.001510539755694
3268 0.001411010887381
3269 0.001456875109204
3270 0.001448738051856
3271 0.001233104158875
3272 0.001278312599858
3273 0.001326201127187
3274 0.001376702116566
3275 0.001384137574803
3276 0.001422595669089
3277 0.001345519363298
3278 0.001239482820210
3279 0.001129988068394
3280 0.001180453273440
3281 0.001135331451851
3282 0.001185662207994
3283 0.001215722493561
3284 0.001266046373566
3285 0.001316121869613
3286 0.001366441563769
3287 0.001325952619028
3288 0.001300227624847
3289 0.001350410853915
3290 0.001398836976796
3291 0.001440621314102
3292 0.001366815046660
3293 0.001381137481798
3294 0.001431244885054
3295 0.001433439724292
3296 0.001479878479212
3297 0.001505300938142
3298 0.001544328740070
3299 0.001591483470960
3300 0.001632753615903
3301 0.001682748533323
3302 0.001731259806584
3303 0.001758108834100
3304 0.001808020105069
3305 0.001857901692464
3306 0.001866339830198
3307 0.001915429192456
3308 0.001965211288438
3309 0.002008426064889
3310 0.002048730669300
3311 0.002088636440907
3312 0.002077195035931
3313 0.002123024597642
3314 0.002055151555649
3315 0.002104693386275
3316 0.002052573003937
3317 0.001950990927256
3318 0.001963950535778
3319 0.002010077382099
3320 0.002057196501837
3321 0.001992226325914
3322 0.001763567651613
3323 0.001813186804257
3324 0.001856522076301
3325 0.001905595522182
3326 0.001848670829814
3327 0.001897257179047
3328 0.001946767190627
3329 0.001996052164977
3330 0.002045486285348
3331 0.002094907233273
3332 0.002144291884748
3333 0.002148866210515
3334 0.001942298307896
3335 0.001991526833420
3336 0.001992173602115
3337 0.002010161238614
3338 0.002058798284310
3339 0.001904427577763
3340 0.001870890963184
3341 0.001920214495624
3342 0.001969501130751
3343 0.002018756761054
3344 0.002066387572849
3345 0.002115595385291
3346 0.002159064774169
3347 0.002089079683718
3348 0.002133861668145
3349 0.002174018306864
3350 0.002222595277319
3351 0.002271668395100
3352 0.002320712248991
3353 0.002364271082085
3354 0.002388205060105
3355 0.002371794576535
3356 0.002420748743666
3357 0.002291474718185
3358 0.002335651843769
3359 0.002164446396191
3360 0.002174972282618
3361 0.002087595882808
3362 0.002058298885371
3363 0.002074171288271
3364 0.002056154820739
3365 0.002104241580131
3366 0.002131207986674
3367 0.002050101293749
3368 0.002097976800323
3369 0.002146460254830
3370 0.001997705082015
3371 0.002031517618615
3372 0.002077363879777
3373 0.002070819980753
3374 0.002049270235402
3375 0.002025883032496
3376 0.001811565012335
3377 0.001821004401536
3378 0.001869803321573
3379 0.001912673006278
3380 0.001961416646667
3381 0.002010123896581
3382 0.001878064957411
3383 0.001889713504198
3384 0.001908418637506
3385 0.001957091014473
3386 0.002005526440513
3387 0.002052273972655
3388 0.002047255417516
3389 0.002083796392644
3390 0.002132345630579
3391 0.002163675070078
3392 0.002211577433530
3393 0.002252499930788
3394 0.002298262812260
3395 0.002346258666643
3396 0.002392679629482
3397 0.002232255659201
3398 0.002280499780265
3399 0.002321922615403
3400 0.002148236243632
3401 0.002035425456378
3402 0.002069439693110
3403 0.002117758646863
3404 0.002166098512006
3405 0.002213078675380
3406 0.002259184904537
3407 0.002305148315542
3408 0.002330260912715
3409 0.002377834433452
3410 0.002375615554792
3411 0.002423779535045
3412 0.002429401840851
3413 0.002409785183448
3414 0.002445503357269
3415 0.002493039437995
3416 0.002540766205380
3417 0.002539885813198
3418 0.002450771325476
3419 0.002223059232321
3420 0.002269891132507
3421 0.002317922327217
3422 0.002321066261176
3423 0.002369003360405
3424 0.002230630493625
3425 0.002278637204842
3426 0.002326619700035
3427 0.002207440703372
3428 0.001974919152665
3429 0.002007087888083
3430 0.001930419907457
3431 0.001978431380781
3432 0.002008837532039
3433 0.002046580027728
3434 0.002094474639320
3435 0.002046523857362
3436 0.002061069541813
3437 0.001865682332485
3438 0.001913617464636
3439 0.001961524719420
3440 0.002009230588299
3441 0.001867649571516
3442 0.001914423366298
3443 0.001910958347947
3444 0.001958034375394
3445 0.002003802484440
3446 0.002051559226147
3447 0.001918123495497
3448 0.001810388383059
3449 0.001857147948640
3450 0.001897190425190
3451 0.001919796537304
3452 0.001730163013819
3453 0.001695729697866
3454 0.001742629149148
3455 0.001685389600437
3456 0.001719956143798
3457 0.001707509835475
3458 0.001724010605119
3459 0.001760753394997
3460 0.001782531367693
3461 0.001830111704945
3462 0.001871187792871
3463 0.001861862958685
3464 0.001909357354358
3465 0.001956892575410
3466 0.001911705030408
3467 0.001955189673698
3468 0.002002243563331
3469 0.002029129296960
3470 0.002049091863453
3471 0.002068173518440
3472 0.001986606694116
3473 0.002020435496488
3474 0.001841406892462
3475 0.001887677333747
3476 0.001735277640438
3477 0.001500681910216
3478 0.001464490903945
3479 0.001499359657342
3480 0.001537117819808
3481 0.001363180746463
3482 0.001410649969088
3483 0.001457875883770
3484 0.001485471761171
3485 0.001529844116586
3486 0.001369471307788
3487 0.001412069628700
3488 0.001459413589151
3489 0.001505137783413
3490 0.001552083108344
3491 0.001599362259188
3492 0.001646393784517
3493 0.001594678372015
3494 0.001641920714983
3495 0.001687684970625
3496 0.001628626663873
3497 0.001602491531830
3498 0.001645859374633
3499 0.001693021555142
3500 0.001572904886394
3501 0.001619930315503
3502 0.001666780736362
3503 0.001713581937548
3504 0.001753642467566
3505 0.001800655112587
3506 0.001829258768886
3507 0.001647335319517
3508 0.001679407539076
3509 0.001700086661027
3510 0.001743933152856
3511 0.001790876292392
3512 0.001837810935643
3513 0.001866959750998
3514 0.001853074015232
3515 0.001763555801584
3516 0.001810337798942
3517 0.001857211928479
3518 0.001888052161574
3519 0.001934877203675
3520 0.001894777091856
3521 0.001684236683836
3522 0.001571974626577
3523 0.001542238371460
3524 0.001449930755041
3525 0.001492453087316
3526 0.001484896718766
3527 0.001284903913944
3528 0.001326817241365
3529 0.001371218104302
3530 0.001418043946300
3531 0.001424928620300
3532 0.001460587715951
3533 0.001389085580053
3534 0.001290717907597
3535 0.001189138126468
3536 0.001235933014051
3537 0.001194061321550
3538 0.001240733682147
3539 0.001268603940989
3540 0.001315273641692
3541 0.001361714979520
3542 0.001408384917940
3543 0.001370809669643
3544 0.001346930257138
3545 0.001393476360882
3546 0.001438394262397
3547 0.001477151718497
3548 0.001408660522662
3549 0.001421938046875
3550 0.001468420578076
3551 0.001470446717078
3552 0.001513528116071
3553 0.001537109370631
3554 0.001573316990870
3555 0.001617067896343
3556 0.001655359767514
3557 0.001701750157239
3558 0.001746765677949
3559 0.001771679089585
3560 0.001817997423581
3561 0.001864290225889
3562 0.001872120123367
3563 0.001917680813991
3564 0.001963886459863
3565 0.002003998386961
3566 0.002041410800949
3567 0.002078454627599
3568 0.002067836984250
3569 0.002110381869652
3570 0.002047379455524
3571 0.002093371877990
3572 0.002044990056511
3573 0.001950688302969
3574 0.001962719719785
3575 0.002005543841115
3576 0.002049291047790
3577 0.001988972890456
3578 0.001776675276540
3579 0.001822741590205
3580 0.001862975358219
3581 0.001908538819340
3582 0.001855681625003
3583 0.001900794595447
3584 0.001946767190627
3585 0.001992532791635
3586 0.002038438854158
3587 0.002084334651473
3588 0.002130198707018
3589 0.002134450677194
3590 0.001942616980314
3591 0.001988335948275
3592 0.001988937510428
3593 0.002005644434750
3594 0.002050818328834
3595 0.001907442582184
3596 0.001876292607852
3597 0.001922104262074
3598 0.001967883596379
3599 0.002013636080301
3600 0.002057881234557
3601 0.002103593158733
3602 0.002143976439525
3603 0.002078968110521
3604 0.002120571938333
3605 0.002157880640912
3606 0.002203013471941
3607 0.002248609146876
3608 0.002294179561923
3609 0.002334655954289
3610 0.002356900878779
3611 0.002341662477174
3612 0.002387155366706
3613 0.002267050381884
3614 0.002308104950796
3615 0.002149031215935
3616 0.002158816169910
3617 0.002077628466386
3618 0.002050407201056
3619 0.002065159006150
3620 0.002048419120930
3621 0.002093108345192
3622 0.002118171861940
3623 0.002042799739678
3624 0.002087295326790
3625 0.002132357792917
3626 0.001994108805072
3627 0.002025535785264
3628 0.002068148677897
3629 0.002062068943477
3630 0.002042041370536
3631 0.002020305049704
3632 0.001821094681289
3633 0.001829866299144
3634 0.001875225102111
3635 0.001915074137281
3636 0.001960385221819
3637 0.002005664364899
3638 0.001882899419122
3639 0.001893727173812
3640 0.001911115678605
3641 0.001956365142760
3642 0.002001396191207
3643 0.002044859826018
3644 0.002040195871390
3645 0.002074172393819
3646 0.002119315438416
3647 0.002148449290769
3648 0.002192994258589
3649 0.002231050881327
3650 0.002273609968661
3651 0.002318247212833
3652 0.002361421802443
3653 0.002212248802383
3654 0.002257118405621
3655 0.002295646339413
3656 0.002134129001408
3657 0.002029219135341
3658 0.002060854630060
3659 0.002105795320054
3660 0.002150757304828
3661 0.002194456512011
3662 0.002237344671123
3663 0.002280101750438
3664 0.002303466591521
3665 0.002347724415945
3666 0.002345668696847
3667 0.002390478427827
3668 0.002395717415972
3669 0.002377478667732
3670 0.002410714131476
3671 0.002454944723932
3672 0.002499354509362
3673 0.002498546753199
3674 0.002415652909983
3675 0.002203812766288
3676 0.002247388485847
3677 0.002292081773785
3678 0.002295013906075
3679 0.002339622425515
3680 0.002210883481243
3681 0.002255556866988
3682 0.002300209530994
3683 0.002189321664745
3684 0.001972962881687
3685 0.002002897359304
3686 0.001931555258648
3687 0.001976232836523
3688 0.002004528961703
3689 0.002039653465978
3690 0.002084227184885
3691 0.002039604944687
3692 0.002053143918329
3693 0.001871303162078
3694 0.001915914792696
3695 0.001960502276288
3696 0.002004904119196
3697 0.001873128097481
3698 0.001916662419577
3699 0.001913436602536
3700 0.001957254808016
3701 0.001999857324965
3702 0.002044312667235
3703 0.001920103723948
3704 0.001819814132178
3705 0.001863340263336
3706 0.001900615047951
3707 0.001921659091188
3708 0.001745117347493
3709 0.001713056631850
3710 0.001756715224248
3711 0.001703420498601
3712 0.001735598284958
3713 0.001724005898744
3714 0.001739364855493
3715 0.001773571573107
3716 0.001793845783912
3717 0.001838146088678
3718 0.001876391753556
3719 0.001867707401647
3720 0.001911931794704
3721 0.001956195961999
3722 0.001914116613701
3723 0.001954610529012
3724 0.001998429935133
3725 0.002023468975021
3726 0.002042061504826
3727 0.002059834366328
3728 0.001983870934220
3729 0.002015378085305
3730 0.001848638055017
3731 0.001891731743653
3732 0.001749784962208
3733 0.001531273346537
3734 0.001497555373519
3735 0.001530025341016
3736 0.001565188012241
3737 0.001403158838436
3738 0.001447366397315
3739 0.001491349051610
3740 0.001517047063295
3741 0.001558374538119
3742 0.001408965627939
3743 0.001448639913459
3744 0.001492736912329
3745 0.001535326602705
3746 0.001579055645734
3747 0.001623097423972
3748 0.001666910217805
3749 0.001618720713323
3750 0.001662731567720
3751 0.001705366934986
3752 0.001650333480197
3753 0.001625975296459
3754 0.001666379460113
3755 0.001710320858121
3756 0.001598386449196
3757 0.001642200807925
3758 0.001685853789128
3759 0.001729462603893
3760 0.001766791384880
3761 0.001810600523908
3762 0.001837255088920
3763 0.001667705917180
3764 0.001697591404856
3765 0.001716859626652
3766 0.001757721127808
3767 0.001801470417677
3768 0.001845213483752
3769 0.001872380473880
3770 0.001859436204331
3771 0.001775993381959
3772 0.001819597057762
3773 0.001863288299300
3774 0.001892034951038
3775 0.001935683518022
3776 0.001898301844315
3777 0.001702030649878
3778 0.001597370840551
3779 0.001569642281941
3780 0.001483578936922
3781 0.001523213312242
3782 0.001516160293805
3783 0.001329692969940
3784 0.001368758886981
3785 0.001410145598648
3786 0.001453794910523
3787 0.001460204742297
3788 0.001493444618146
3789 0.001426764780979
3790 0.001335031526714
3791 0.001240299572109
3792 0.001283921819220
3793 0.001244863510446
3794 0.001288373265218
3795 0.001314350921729
3796 0.001357861193991
3797 0.001401160164151
3798 0.001444673981081
3799 0.001409621231994
3800 0.001387340324236
3801 0.001430740884011
3802 0.001472624527948
3803 0.001508764014281
3804 0.001444873800002
3805 0.001457248496494
3806 0.001500595231994
3807 0.001502476672746
3808 0.001542653432007
3809 0.001564642161894
3810 0.001598409707704
3811 0.001639215106875
3812 0.001674929625939
3813 0.001718200291135
3814 0.001760190006015
3815 0.001783428120742
3816 0.001826636066234
3817 0.001869821822162
3818 0.001877125269836
3819 0.001919630568487
3820 0.001962739199935
3821 0.002000164001653
3822 0.002035071511508
3823 0.002069636426221
3824 0.002059731893463
3825 0.002099431449304
3826 0.002040647427345
3827 0.002083565031906
3828 0.002038421338207
3829 0.001950426144505
3830 0.001961653441073
3831 0.002001616192322
3832 0.002042441854827
3833 0.001986154038602
3834 0.001788032483114
3835 0.001831020743715
3836 0.001868567305324
3837 0.001911089370043
3838 0.001861757160386
3839 0.001903860233469
3840 0.001946767190627
3841 0.001989482545902
3842 0.002032330591309
3843 0.002075170646795
3844 0.002117982664303
3845 0.002121954715539
3846 0.001942893229362
3847 0.001985569740331
3848 0.001986132000587
3849 0.002001728463200
3850 0.002043899603799
3851 0.001910056734290
3852 0.001880976276904
3853 0.001923742909806
3854 0.001966480949811
3855 0.002009195500338
3856 0.002050504368570
3857 0.002093184175628
3858 0.002130890496623
3859 0.002070198109097
3860 0.002109044991334
3861 0.002143882960706
3862 0.002186027700833
3863 0.002228606159353
3864 0.002271162593224
3865 0.002308963968908
3866 0.002329742517639
3867 0.002315519939456
3868 0.002358008682870
3869 0.002245858214150
3870 0.002284202504646
3871 0.002135654933197
3872 0.002144796402685
3873 0.002068978715135
3874 0.002043558506510
3875 0.002057337508144
3876 0.002041705267948
3877 0.002083445374966
3878 0.002106856855273
3879 0.002036461938039
3880 0.002078023367291
3881 0.002120115794930
3882 0.001990986843892
3883 0.002020342697387
3884 0.002060148250312
3885 0.002054471196056
3886 0.002035764944891
3887 0.002015461805062
3888 0.001829369414414
3889 0.001837561497966
3890 0.001879933270404
3891 0.001917159313754
3892 0.001959489482871
3893 0.002001791342394
3894 0.001887098224850
3895 0.001897213244237
3896 0.001913458283091
3897 0.001955734638335
3898 0.001997808447711
3899 0.002038419273399
3900 0.002034063116960
3901 0.002065811529421
3902 0.002107994999812
3903 0.002135220846589
3904 0.002176848221346
3905 0.002212414101604
3906 0.002252188629394
3907 0.002293906571501
3908 0.002334259166663
3909 0.002194862439474
3910 0.002236798735279
3911 0.002272809964550
3912 0.002121868105815
3913 0.002023824885955
3914 0.002053392600297
3915 0.002095396545818
3916 0.002137421893889
3917 0.002178268494070
3918 0.002218358495777
3919 0.002258327408179
3920 0.002280171936768
3921 0.002321546132425
3922 0.002319631270638
3923 0.002361523526801
3924 0.002366428104634
3925 0.002349386403238
3926 0.002380461860244
3927 0.002421816776765
3928 0.002463340671889
3929 0.002462594712471
3930 0.002385109718086
3931 0.002187073090030
3932 0.002227815990532
3933 0.002269605157134
3934 0.002272352198105
3935 0.002314064372114
3936 0.002193705185918
3937 0.002235478086915
3938 0.002277233086318
3939 0.002173557779146
3940 0.001971260826633
3941 0.001999251248373
3942 0.001932543146671
3943 0.001974319774045
3944 0.002000779718955
3945 0.002033625864840
3946 0.002075309354543
3947 0.002033583544880
3948 0.002046246136593
3949 0.001876195233819
3950 0.001917914340511
3951 0.001959612328951
3952 0.002001138164309
3953 0.001877897034452
3954 0.001918611539807
3955 0.001915594031247
3956 0.001956576135101
3957 0.001996422633433
3958 0.002038003510587
3959 0.001921827858191
3960 0.001828021198583
3961 0.001868732157652
3962 0.001903597114717
3963 0.001923281012323
3964 0.001758140142610
3965 0.001728146140815
3966 0.001768982824700
3967 0.001719124242780
3968 0.001749222085324
3969 0.001738373974008
3970 0.001752738910353
3971 0.001784737042280
3972 0.001803701745674
3973 0.001845145082410
3974 0.001880925249250
3975 0.001872799050950
3976 0.001914174717580
3977 0.001955589030776
3978 0.001916217807189
3979 0.001954105906085
3980 0.001995106904330
3981 0.002018536632192
3982 0.002035935099895
3983 0.002052567181548
3984 0.001981486757925
3985 0.002010970459449
3986 0.001854940377826
3987 0.001895265496958
3988 0.001762429759218
3989 0.001557938281128
3990 0.001526376983840
3991 0.001556756965546
3992 0.001589658019672
3993 0.001438010763846
3994 0.001479376062585
3995 0.001520532291557
3996 0.001544576681062
3997 0.001583250324719
3998 0.001443402146210
3999 0.001480528031227
4000 0.001521794850140
4001 0.001561652218928
4002 0.001602577423718
4003 0.001643796764533
4004 0.001684803171113
4005 0.001639689476916
4006 0.001680882621006
4007 0.001720789561750
4008 0.001669267369885
4009 0.001646459887356
4010 0.001684279524705
4011 0.001725411922973
4012 0.001620616127612
4013 0.001661629911830
4014 0.001702494006064
4015 0.001743318139186
4016 0.001778263946203
4017 0.001819278309987
4018 0.001844232465236
4019 0.001685481405113
4020 0.001713459315591
4021 0.001731496865243
4022 0.001769753895605
4023 0.001810716247624
4024 0.001851674156953
4025 0.001877111653877
4026 0.001864989292381
4027 0.001786849626066
4028 0.001827679370079
4029 0.001868592492941
4030 0.001895511738466
4031 0.001936387417845
4032 0.001901379009160
4033 0.001717565624941
4034 0.001619543737334
4035 0.001593568918031
4036 0.001512958568475
4037 0.001550072314686
4038 0.001543459789988
4039 0.001368804383779
4040 0.001405385155726
4041 0.001444140928405
4042 0.001485017301346
4043 0.001491013544368
4044 0.001522141596028
4045 0.001459674698623
4046 0.001373737490620
4047 0.001284988405897
4048 0.001325840894092
4049 0.001289241712997
4050 0.001329990263960
4051 0.001354316008087
4052 0.001395067495852
4053 0.001435622389361
4054 0.001476379916365
4055 0.001443532296213
4056 0.001422649317776
4057 0.001463302563699
4058 0.001502535942844
4059 0.001536388752676
4060 0.001476520279805
4061 0.001488107099227
4062 0.001528714390391
4063 0.001530470365233
4064 0.001568109416802
4065 0.001588707108353
4066 0.001620342692364
4067 0.001658574175830
4068 0.001692036414671
4069 0.001732580513861
4070 0.001771925573401
4071 0.001793699504159
4072 0.001834188514133
4073 0.001874658064324
4074 0.001881501394461
4075 0.001921335347694
4076 0.001961736051166
4077 0.001996811148177
4078 0.002029528130894
4079 0.002061925093956
4080 0.002052643912109
4081 0.002089854862629
4082 0.002034759788786
4083 0.002074987944625
4084 0.002032676122296
4085 0.001950196844091
4086 0.001960720773400
4087 0.001998180580765
4088 0.002036450486423
4089 0.001983688146433
4090 0.001797967956249
4091 0.001838263738193
4092 0.001873459575764
4093 0.001913320868228
4094 0.001867072882843
4095 0.001906542573160
4096 0.001946767190627
