1 0.269531250000000
2 0.314453125000000
3 0.369791666666667
4 0.373046875000000
5 0.261718750000000
6 0.139973958333333
7 0.159598214285714
8 0.115234375000000
9 0.087239583333333
10 0.098828125000000
11 0.051136363636364
12 0.024088541666667
13 0.053786057692308
14 0.076729910714286
15 0.096354166666667
16 0.099609375000000
17 0.120634191176471
18 0.116536458333333
19 0.092927631578947
20 0.091796875000000
21 0.087611607142857
22 0.093572443181818
23 0.109714673913043
24 0.125651041666667
25 0.122656250000000
26 0.113731971153846
27 0.100694444444444
28 0.111886160714286
29 0.094154094827586
30 0.093098958333333
31 0.075856854838710
32 0.068359375000000
33 0.055516098484849
34 0.046070772058824
35 0.040625000000000
36 0.032769097222222
37 0.037056587837838
38 0.033614309210526
39 0.023838141025641
40 0.027734375000000
41 0.032869664634146
42 0.022042410714286
43 0.020348837209302
44 0.022194602272727
45 0.016927083333333
46 0.011124320652174
47 0.005485372340426
48 0.004557291666667
49 0.007892219387755
50 0.000703125000000
51 0.001531862745098
52 0.010066105769231
53 0.017025353773585
54 0.009186921296296
55 0.006107954545455
56 0.003627232142857
57 0.011033442982456
58 0.015422952586207
59 0.017478813559322
60 0.013671875000000
61 0.012999487704918
62 0.019846270161290
63 0.018477182539683
64 0.021484375000000
65 0.021454326923077
66 0.022786458333333
67 0.025886194029851
68 0.027458639705882
69 0.020776721014493
70 0.024497767857143
71 0.024537852112676
72 0.018012152777778
73 0.012467893835616
74 0.011665962837838
75 0.015833333333333
76 0.021895559210526
77 0.023691152597403
78 0.024989983974359
79 0.026206487341772
80 0.024609375000000
81 0.026861496913580
82 0.024056783536585
83 0.028802710843373
84 0.026320684523810
85 0.023115808823529
86 0.022483648255814
87 0.024694683908046
88 0.027166193181818
89 0.024622542134831
90 0.020355902777778
91 0.014766483516484
92 0.016389266304348
93 0.019951276881720
94 0.017744348404255
95 0.020805921052632
96 0.016276041666667
97 0.020175579896907
98 0.024912308673469
99 0.020675505050505
100 0.015546875000000
101 0.014812809405941
102 0.011297487745098
103 0.015094053398058
104 0.014272836538462
105 0.014025297619048
106 0.016988502358491
107 0.014018691588785
108 0.012514467592593
109 0.008135034403670
110 0.012606534090909
111 0.016962274774775
112 0.019252232142857
113 0.015383019911504
114 0.016755756578947
115 0.014809782608696
116 0.016365840517241
117 0.017327724358974
118 0.020094014830508
119 0.016478466386555
120 0.013151041666667
121 0.014495092975207
122 0.014504354508197
123 0.013465447154472
124 0.009639616935484
125 0.007343750000000
126 0.008773561507937
127 0.006213090551181
128 0.005859375000000
129 0.004027374031008
130 0.002914663461538
131 0.002743320610687
132 0.001834753787879
133 0.004199953007519
134 0.004401819029851
135 0.002719907407407
136 0.004940257352941
137 0.007555885036496
138 0.005349864130435
139 0.005845323741007
140 0.007421875000000
141 0.006732047872340
142 0.005804357394366
143 0.004862325174825
144 0.002387152777778
145 0.002074353448276
146 0.001043450342466
147 0.000106292517007
148 0.002797719594595
149 0.006108431208054
150 0.007942708333333
151 0.008122930463576
152 0.008120888157895
153 0.011003880718954
154 0.008395900974026
155 0.006653225806452
156 0.007161458333333
157 0.006493829617834
158 0.009221716772152
159 0.008795204402516
160 0.006640625000000
161 0.005701669254658
162 0.004219714506173
163 0.002013036809816
164 0.000428734756098
165 0.002296401515152
166 0.000164721385542
167 0.001075973053892
168 0.000837053571429
169 0.002380732248521
170 0.001907169117647
171 0.000730994152047
172 0.001589752906977
173 0.000067738439306
174 0.001504130747126
175 0.002901785714286
176 0.003018465909091
177 0.004877295197740
178 0.004410990168539
179 0.001833100558659
180 0.001519097222222
181 0.000841678176796
182 0.001352163461538
183 0.003201844262295
184 0.005180027173913
185 0.004750844594595
186 0.003465221774194
187 0.001504010695187
188 0.003033577127660
189 0.005518353174603
190 0.005160361842105
191 0.007403468586387
192 0.005859375000000
193 0.003339540155440
194 0.001308795103093
195 0.000080128205128
196 0.001953125000000
197 0.001606123096447
198 0.002702809343434
199 0.005064384422111
200 0.004765625000000
201 0.004178327114428
202 0.001914449257426
203 0.002770935960591
204 0.002872242647059
205 0.004516006097561
206 0.006314472087379
207 0.008114432367150
208 0.006159855769231
209 0.007532147129187
210 0.006082589285714
211 0.006442535545024
212 0.004901238207547
213 0.003686179577465
214 0.001478533878505
215 0.002797965116279
216 0.003978587962963
217 0.002574164746544
218 0.001917287844037
219 0.001855022831050
220 0.003373579545455
221 0.004047652714932
222 0.002621762387387
223 0.003468329596413
224 0.003069196428571
225 0.003524305555556
226 0.003577848451327
227 0.003097466960352
228 0.003049616228070
229 0.001108760917031
230 0.000424592391304
231 0.000845508658009
232 0.001010237068966
233 0.003101528969957
234 0.002353766025641
235 0.003191489361702
236 0.004667637711864
237 0.004796281645570
238 0.004776129201681
239 0.004739801255230
240 0.003776041666667
241 0.004100752074689
242 0.002727918388430
243 0.003922325102881
244 0.002657530737705
245 0.001132015306122
246 0.000492251016260
247 0.000853997975709
248 0.001323084677419
249 0.000015687751004
250 0.001921875000000
251 0.000373505976096
252 0.000217013888889
253 0.000663908102767
254 0.000569020669291
255 0.000153186274510
256 0.001953125000000
