1 0.269531250000000
2 0.314453125000000
3 0.369791666666667
4 0.373046875000000
5 0.261718750000000
6 0.139973958333333
7 0.159598214285714
8 0.115234375000000
9 0.087239583333333
10 0.098828125000000
11 0.051136363636364
12 0.024088541666667
13 0.053786057692308
14 0.076729910714286
15 0.096354166666667
16 0.099609375000000
17 0.120634191176471
18 0.116536458333333
19 0.092927631578947
20 0.091796875000000
21 0.087611607142857
22 0.093572443181818
23 0.109714673913043
24 0.125651041666667
25 0.122656250000000
26 0.113731971153846
27 0.100694444444444
28 0.111886160714286
29 0.094154094827586
30 0.093098958333333
31 0.075856854838710
32 0.068359375000000
33 0.055516098484849
34 0.046070772058824
35 0.040625000000000
36 0.032769097222222
37 0.037056587837838
38 0.033614309210526
39 0.023838141025641
40 0.027734375000000
41 0.032869664634146
42 0.022042410714286
43 0.020348837209302
44 0.022194602272727
45 0.016927083333333
46 0.011124320652174
47 0.005485372340426
48 0.004557291666667
49 0.007892219387755
50 0.000703125000000
51 0.001531862745098
52 0.010066105769231
53 0.017025353773585
54 0.009186921296296
55 0.006107954545455
56 0.003627232142857
57 0.011033442982456
58 0.015422952586207
59 0.017478813559322
60 0.013671875000000
61 0.012999487704918
62 0.019846270161290
63 0.018477182539683
64 0.021484375000000
65 0.021454326923077
66 0.022786458333333
67 0.025886194029851
68 0.027458639705882
69 0.020776721014493
70 0.024497767857143
71 0.024537852112676
72 0.018012152777778
73 0.012467893835616
74 0.011665962837838
75 0.015833333333333
76 0.021895559210526
77 0.023691152597403
78 0.024989983974359
79 0.026206487341772
80 0.024609375000000
81 0.026861496913580
82 0.024056783536585
83 0.028802710843373
84 0.026320684523810
85 0.023115808823529
86 0.022483648255814
87 0.024694683908046
88 0.027166193181818
89 0.024622542134831
90 0.020355902777778
91 0.014766483516484
92 0.016389266304348
93 0.019951276881720
94 0.017744348404255
95 0.020805921052632
96 0.016276041666667
97 0.020175579896907
98 0.024912308673469
99 0.020675505050505
100 0.015546875000000
101 0.014812809405941
102 0.011297487745098
103 0.015094053398058
104 0.014272836538462
105 0.014025297619048
106 0.016988502358491
107 0.014018691588785
108 0.012514467592593
109 0.008135034403670
110 0.012606534090909
111 0.016962274774775
112 0.019252232142857
113 0.015383019911504
114 0.016755756578947
115 0.014809782608696
116 0.016365840517241
117 0.017327724358974
118 0.020094014830508
119 0.016478466386555
120 0.013151041666667
121 0.014495092975207
122 0.014504354508197
123 0.013465447154472
124 0.009639616935484
125 0.007343750000000
126 0.008773561507937
127 0.006213090551181
128 0.005859375000000
129 0.004027374031008
130 0.002914663461538
131 0.002743320610687
132 0.001834753787879
133 0.004199953007519
134 0.004401819029851
135 0.002719907407407
136 0.004940257352941
137 0.007555885036496
138 0.005349864130435
139 0.005845323741007
140 0.007421875000000
141 0.006732047872340
142 0.005804357394366
143 0.004862325174825
144 0.002387152777778
145 0.002074353448276
146 0.001043450342466
147 0.000106292517007
148 0.002797719594595
149 0.006108431208054
150 0.007942708333333
151 0.008122930463576
152 0.008120888157895
153 0.011003880718954
154 0.008395900974026
155 0.006653225806452
156 0.007161458333333
157 0.006493829617834
158 0.009221716772152
159 0.008795204402516
160 0.006640625000000
161 0.005701669254658
162 0.004219714506173
163 0.002013036809816
164 0.000428734756098
165 0.002296401515152
166 0.000164721385542
167 0.001075973053892
168 0.000837053571429
169 0.002380732248521
170 0.001907169117647
171 0.000730994152047
172 0.001589752906977
173 0.000067738439306
174 0.001504130747126
175 0.002901785714286
176 0.003018465909091
177 0.004877295197740
178 0.004410990168539
179 0.001833100558659
180 0.001519097222222
181 0.000841678176796
182 0.001352163461538
183 0.003201844262295
184 0.005180027173913
185 0.004750844594595
186 0.003465221774194
187 0.001504010695187
188 0.003033577127660
189 0.005518353174603
190 0.005160361842105
191 0.007403468586387
192 0.005859375000000
193 0.003339540155440
194 0.001308795103093
195 0.000080128205128
196 0.001953125000000
197 0.001606123096447
198 0.002702809343434
199 0.005064384422111
200 0.004765625000000
201 0.004178327114428
202 0.001914449257426
203 0.002770935960591
204 0.002872242647059
205 0.004516006097561
206 0.006314472087379
207 0.008114432367150
208 0.006159855769231
209 0.007532147129187
210 0.006082589285714
211 0.006442535545024
212 0.004901238207547
213 0.003686179577465
214 0.001478533878505
215 0.002797965116279
216 0.003978587962963
217 0.002574164746544
218 0.001917287844037
219 0.001855022831050
220 0.003373579545455
221 0.004047652714932
222 0.002621762387387
223 0.003468329596413
224 0.003069196428571
225 0.003524305555556
226 0.003577848451327
227 0.003097466960352
228 0.003049616228070
229 0.001108760917031
230 0.000424592391304
231 0.000845508658009
232 0.001010237068966
233 0.003101528969957
234 0.002353766025641
235 0.003191489361702
236 0.004667637711864
237 0.004796281645570
238 0.004776129201681
239 0.004739801255230
240 0.003776041666667
241 0.004100752074689
242 0.002727918388430
243 0.003922325102881
244 0.002657530737705
245 0.001132015306122
246 0.000492251016260
247 0.000853997975709
248 0.001323084677419
249 0.000015687751004
250 0.001921875000000
251 0.000373505976096
252 0.000217013888889
253 0.000663908102767
254 0.000569020669291
255 0.000153186274510
256 0.001953125000000
257 0.002994285019455
258 0.004375605620155
259 0.006213803088803
260 0.007662259615385
261 0.006929477969349
262 0.005113907442748
263 0.006149001901141
264 0.005385890151515
265 0.004849646226415
266 0.005595042293233
267 0.003979400749064
268 0.002944263059701
269 0.004458062267658
270 0.005830439814815
271 0.007178274907749
272 0.007697610294118
273 0.009343521062271
274 0.009480497262774
275 0.008238636363636
276 0.008463541666667
277 0.008447089350181
278 0.009203574640288
279 0.010836693548387
280 0.012555803571429
281 0.012691837188612
282 0.012258976063830
283 0.011373674911661
284 0.012791593309859
285 0.011334978070175
286 0.011513876748252
287 0.009935757839721
288 0.009331597222222
289 0.008069312283737
290 0.007125538793103
291 0.006604381443299
292 0.005752354452055
293 0.006385985494881
294 0.006045386904762
295 0.004846398305085
296 0.005437077702703
297 0.006221064814815
298 0.004784500838926
299 0.004598662207358
300 0.004921875000000
301 0.004191756644518
302 0.003350062086093
303 0.002501031353135
304 0.000925164473684
305 0.000371413934426
306 0.001748876633987
307 0.001883143322476
308 0.003322849025974
309 0.004538329288026
310 0.003213205645161
311 0.002687901929260
312 0.002253605769231
313 0.003606729233227
314 0.004441182324841
315 0.004861111111111
316 0.004178204113924
317 0.004078765772871
318 0.005441725628931
319 0.005216496865204
320 0.005859375000000
321 0.005901966510903
322 0.006223311335404
323 0.006917569659443
324 0.007306134259259
325 0.005949519230769
326 0.006793999233129
327 0.006856842507645
328 0.005478277439024
329 0.004286189209726
330 0.004131155303030
331 0.005098187311178
332 0.006518260542169
333 0.006979635885886
334 0.007332990269461
335 0.007672574626866
336 0.007347470238095
337 0.007940003709199
338 0.007315551035503
339 0.008526917404130
340 0.007973345588235
341 0.007228280791789
342 0.007115771198830
343 0.007721392128280
344 0.008402979651163
345 0.007801177536232
346 0.006739974710983
347 0.005313400576369
348 0.005769576149425
349 0.006749194126074
350 0.006194196428571
351 0.007055733618234
352 0.005859375000000
353 0.006960428470255
354 0.008309057203390
355 0.007174295774648
356 0.005771594101124
357 0.005591299019608
358 0.004615485335196
359 0.005723363509749
360 0.005512152777778
361 0.005464421745152
362 0.006355749309392
363 0.005509641873278
364 0.005086710164835
365 0.003799229452055
366 0.005154969262295
367 0.006492677111717
368 0.007218070652174
369 0.006065802845528
370 0.006513935810811
371 0.005938342318059
372 0.006447412634409
373 0.006775720509383
374 0.007676721256685
375 0.006562500000000
376 0.005526928191489
377 0.005978531167109
378 0.006004050925926
379 0.005689313984169
380 0.004461348684211
381 0.003721702755905
382 0.004202797774869
383 0.003365698433420
384 0.003255208333333
385 0.002648133116883
386 0.002276959196891
387 0.002220607235142
388 0.001912854381443
389 0.002721320694087
390 0.002794471153846
391 0.002217870843990
392 0.002989477040816
393 0.003906250000000
394 0.003142845812183
395 0.003322784810127
396 0.003886521464646
397 0.003650425062972
398 0.003327182788945
399 0.002995770676692
400 0.002109375000000
401 0.001996960723192
402 0.000864816542289
403 0.001279466501241
404 0.000212716584158
405 0.001012731481482
406 0.001702971059113
407 0.001785165847666
408 0.001799938725490
409 0.002893872249389
410 0.001934070121951
411 0.001292579075426
412 0.001498027912621
413 0.001257944915254
414 0.002311669685990
415 0.002164909638554
416 0.001352163461538
417 0.001002323141487
418 0.000439219497608
419 0.000410202863962
420 0.001023065476190
421 0.000287633610451
422 0.001249629739337
423 0.001606826241135
424 0.000847582547170
425 0.000229779411765
426 0.000412632042254
427 0.001463700234192
428 0.000529351635514
429 0.001192817599068
430 0.001771438953488
431 0.002338312064965
432 0.002387152777778
433 0.003148455542725
434 0.002961189516129
435 0.001903735632184
436 0.001773939220183
437 0.001492777459954
438 0.001703410388128
439 0.002473661731207
440 0.003302556818182
441 0.003126771541950
442 0.002589437217195
443 0.001763544018059
444 0.002410613738739
445 0.003467345505618
446 0.003319436659193
447 0.004282019015660
448 0.003627232142857
449 0.002549067371938
450 0.001675347222222
451 0.001074002217295
452 0.000259264380531
453 0.000405284216336
454 0.000077436674009
455 0.001116071428571
456 0.000993695175439
457 0.000743640590810
458 0.000247338973799
459 0.000136165577342
460 0.000186820652174
461 0.000923603579176
462 0.001733292748918
463 0.002547921166307
464 0.001683728448276
465 0.002310147849462
466 0.001668119635193
467 0.001840203426124
468 0.001151842948718
469 0.000608009061834
470 0.000390625000000
471 0.000215631634820
472 0.000761387711864
473 0.000123876849894
474 0.000173061708861
475 0.000197368421053
476 0.000508797268908
477 0.000827109538784
478 0.000171613493724
479 0.000570850730689
480 0.000390625000000
481 0.000609082640333
482 0.000640235995851
483 0.000420548654244
484 0.000403538223141
485 0.000507409793814
486 0.000827867798354
487 0.000625641683778
488 0.001504866803279
489 0.002500319529652
490 0.002144451530612
491 0.002545824847251
492 0.003255208333333
493 0.003319916328600
494 0.003313195850202
495 0.003298611111111
496 0.002835181451613
497 0.002994529678068
498 0.002329631024096
499 0.002912074148297
500 0.002296875000000
501 0.001551584331337
502 0.001237238545817
503 0.001413394632207
504 0.001643105158730
505 0.000997834158416
506 0.000038599308300
507 0.000801282051282
508 0.000876599409449
509 0.001312315815324
510 0.000696997549020
511 0.001054916829746
512 0.001953125000000
513 0.002474719785575
514 0.003169078307393
515 0.004095873786408
516 0.004829820736434
517 0.004465365087041
518 0.003551821911197
519 0.004079359344894
520 0.003695913461538
521 0.003426403550864
522 0.003808967911877
523 0.002987571701721
524 0.002460042938931
525 0.003236607142857
526 0.003943381653992
527 0.004640061669829
528 0.004912405303030
529 0.005767072306238
530 0.005844634433962
531 0.005208333333333
532 0.005330709586466
533 0.005328037054409
534 0.005727703651685
535 0.006585864485981
536 0.007491837686567
537 0.007572451117318
538 0.007355076672862
539 0.006899350649351
540 0.007653356481481
541 0.006895506007394
542 0.006998097324723
543 0.006172306629834
544 0.005859375000000
545 0.005196387614679
546 0.004700377747253
547 0.004427559414991
548 0.003977531934307
549 0.004318932149362
550 0.004140625000000
551 0.003502155172414
552 0.003821331521739
553 0.004245309674503
554 0.003476139440433
555 0.003378378378378
556 0.003554968525180
557 0.003162870287253
558 0.002709173387097
559 0.002250111806798
560 0.001395089285714
561 0.001093192959002
562 0.001841915035587
563 0.001914964476021
564 0.002701130319149
565 0.003366980088496
566 0.002643275176678
567 0.002356150793651
568 0.002118177816901
569 0.002862752636204
570 0.003323739035088
571 0.003557355516637
572 0.003182364510490
573 0.003129090314136
574 0.003885834059233
575 0.003763586956522
576 0.004123263888889
577 0.004149967504333
578 0.004332017733564
579 0.004722582037997
580 0.004943426724138
581 0.004188629518072
582 0.004664679982818
583 0.004703580617496
584 0.003933005136986
585 0.003265224358974
586 0.003179660836177
587 0.003726575809199
588 0.004530718537415
589 0.004794938455009
590 0.004998675847458
591 0.005195114213198
592 0.005014780405405
593 0.005355448988196
594 0.005004471801347
595 0.005698529411765
596 0.005387479026846
597 0.004966237437186
598 0.004905675167224
599 0.005256156093489
600 0.005651041666667
601 0.005310160149750
602 0.004704370847176
603 0.003886815920398
604 0.004152007450331
605 0.004719783057851
606 0.004402588696370
607 0.004903727347611
608 0.004214638157895
609 0.004855552134647
610 0.005641649590164
611 0.004986702127660
612 0.004174325980392
613 0.004071931076672
614 0.003505445846906
615 0.004153963414634
616 0.004033076298701
617 0.004007546596434
618 0.004532008495146
619 0.004038772213247
620 0.003792842741935
621 0.003038194444444
622 0.003837168408360
623 0.004627307383628
624 0.005058092948718
625 0.004381250000000
626 0.004648811900958
627 0.004311204146730
628 0.004615346337580
629 0.004812947138315
630 0.005350942460317
631 0.004692452456418
632 0.004079311708861
633 0.004350562796209
634 0.004368345820189
635 0.004183070866142
636 0.003451749213836
637 0.003010939952904
638 0.003300107758621
639 0.002799784820031
640 0.002734375000000
641 0.002370563572543
642 0.002147829049844
643 0.002114113530327
644 0.001928862577640
645 0.002416424418605
646 0.002461058436532
647 0.002113118238022
648 0.002580054012346
649 0.003135833975347
650 0.002674278846154
651 0.002784178187404
652 0.003127396472393
653 0.002985021056662
654 0.002789325305810
655 0.002588263358779
656 0.002048399390244
657 0.001979880136986
658 0.001288231382979
659 0.001541160849772
660 0.000887784090909
661 0.000135920953101
662 0.000289133308157
663 0.000341723227753
664 0.000352974397590
665 0.001027960526316
666 0.000439893018018
667 0.000046851574213
668 0.000175430389222
669 0.000029194693573
670 0.000682136194030
671 0.000593796572280
672 0.000093005952381
673 0.000121888930163
674 0.000469445474777
675 0.000995370370370
676 0.001375277366864
677 0.000917420605613
678 0.001515256268437
679 0.001737389543446
680 0.001263786764706
681 0.000877615638767
682 0.000990881598240
683 0.001647144948756
684 0.001062225877193
685 0.001476961678832
686 0.001839240160350
687 0.002194778020378
688 0.002225654069767
689 0.002704326923077
690 0.002587182971015
691 0.001922033285094
692 0.001840227601156
693 0.001662833694084
694 0.001795524135447
695 0.002281924460432
696 0.002806214080460
697 0.002695704806313
698 0.002356061962751
699 0.001832975679542
700 0.002243303571429
701 0.002914363409415
702 0.002821180555556
703 0.003433943812233
704 0.003018465909091
705 0.002332668439716
706 0.001776071175637
707 0.001392326732673
708 0.000871733757062
709 0.000964166078984
710 0.000654709507042
711 0.000010988045007
712 0.000065835674157
713 0.000224623071529
714 0.000858937324930
715 0.000611888111888
716 0.000578299581006
717 0.000103512900976
718 0.000418915389972
719 0.000945323365786
720 0.000390625000000
721 0.000796419902913
722 0.000384132617729
723 0.000497060857538
724 0.000053953729282
725 0.000296336206897
726 0.000941589187328
727 0.000548057083906
728 0.000193166208791
729 0.000605495541838
730 0.000797303082192
731 0.000812243502052
732 0.000352202868852
733 0.000143886425648
734 0.000569439713896
735 0.000308248299320
736 0.000424592391304
737 0.000280910786974
738 0.000259358062331
739 0.000401725304465
740 0.000411739864865
741 0.001006874156545
742 0.001216096698113
743 0.001083024899058
744 0.001659106182796
745 0.002312290268456
746 0.002078795241287
747 0.002342704149933
748 0.002809575534759
749 0.002852762016021
750 0.002848958333333
751 0.002839963382157
752 0.002534906914894
753 0.002640479747676
754 0.002201798740053
755 0.002586920529801
756 0.002180472883598
757 0.001687376155878
758 0.001479015501319
759 0.001595438076416
760 0.001747532894737
761 0.001319193495401
762 0.000681799540682
763 0.001187745740498
764 0.001237320026178
765 0.001526756535948
766 0.001116799934726
767 0.001354709908735
768 0.001953125000000
769 0.002301080949285
770 0.002764813311688
771 0.003384403372244
772 0.003875890544041
773 0.003633368369987
774 0.003023053940568
775 0.003377016129032
776 0.003120972938144
777 0.002940999034749
778 0.003198304948586
779 0.002647625160462
780 0.002293669871795
781 0.002815901088348
782 0.003291839833760
783 0.003761574074074
784 0.003946109693878
785 0.004523288216561
786 0.004577170801527
787 0.004149459974587
788 0.004233423223350
789 0.004233008555133
790 0.004504549050633
791 0.005086520227560
792 0.005701546717172
793 0.005758393757881
794 0.005613389483627
795 0.005306603773585
796 0.005820116206030
797 0.005307990903388
798 0.005379660087719
799 0.004820478723404
800 0.004609375000000
801 0.004159839263421
802 0.003823449189526
803 0.003638698630137
804 0.003332944651741
805 0.003566576086957
806 0.003445835918114
807 0.003010765179678
808 0.003229424504951
809 0.003519970642769
810 0.002994791666667
811 0.002928483353884
812 0.003049953817734
813 0.002781941881919
814 0.002471398955774
815 0.002156825153374
816 0.001570159313726
817 0.001362645348837
818 0.001876719132029
819 0.001926892551893
820 0.002467606707317
821 0.002926119062119
822 0.002428337895377
823 0.002230786755772
824 0.002066899271845
825 0.002580492424242
826 0.002898948244552
827 0.003060761789601
828 0.002802309782609
829 0.002765945416164
830 0.003289721385542
831 0.003205851383875
832 0.003455528846154
833 0.003474827430972
834 0.003601806055156
835 0.003873502994012
836 0.004027736244019
837 0.003504890979689
838 0.003836329057279
839 0.003864347437426
840 0.003329613095238
841 0.002865821938169
842 0.002806747327791
843 0.003188018979834
844 0.003748889218009
845 0.003933986686391
846 0.004077090721040
847 0.004215244982290
848 0.004090507075472
849 0.004329542108363
850 0.004085477941176
851 0.004571827262045
852 0.004355560446009
853 0.004061950468933
854 0.004020601580796
855 0.004267178362573
856 0.004545122663551
857 0.004307358518086
858 0.003883486305361
859 0.003310535506403
860 0.003497456395349
861 0.003897176248548
862 0.003675137761021
863 0.004028461761298
864 0.003544560185185
865 0.003996567919075
866 0.004551277424942
867 0.004090974625144
868 0.003519225230415
869 0.003447748849252
870 0.003048670977012
871 0.003507103903559
872 0.003422448394495
873 0.003405104524628
874 0.003776637585812
875 0.003428571428571
876 0.003255208333333
877 0.002721458095781
878 0.003287834567198
879 0.003848478384528
880 0.004154829545455
881 0.003675688138479
882 0.003866390306122
883 0.003627548131370
884 0.003844386312217
885 0.003985699152542
886 0.004369180304740
887 0.003901846110485
888 0.003466356981982
889 0.003660187007874
890 0.003673630617978
891 0.003542368125701
892 0.003021650784753
893 0.002707691769317
894 0.002914394574944
895 0.002557611731844
896 0.002511160714286
897 0.002251428372352
898 0.002092323218263
899 0.002068270300334
900 0.001935763888889
901 0.002284787735849
902 0.002316899944568
903 0.002067760243632
904 0.002402516592920
905 0.002801277624309
906 0.002470509105960
907 0.002549614112459
908 0.002796324339207
909 0.002694410066007
910 0.002554086538462
911 0.002409783205269
912 0.002021655701754
913 0.001972378148959
914 0.001474459792123
915 0.001656420765027
916 0.001185521288210
917 0.000643232006543
918 0.000336158769063
919 0.000297538084875
920 0.000288722826087
921 0.000199341748100
922 0.000224545824295
923 0.000507854821235
924 0.000414299242424
925 0.000519425675676
926 0.000046402537797
927 0.000109560409924
928 0.000471443965517
929 0.000626513724435
930 0.000877856182796
931 0.001258727175081
932 0.001533999463519
933 0.001201601018221
934 0.001635271680942
935 0.001796457219251
936 0.001452323717949
937 0.001171458110993
938 0.001253498134328
939 0.001730564430245
940 0.001304853723404
941 0.001606502391073
942 0.001870189755839
943 0.002129175503712
944 0.002151747881356
945 0.002500826719577
946 0.002415598572939
947 0.001930438225977
948 0.001870714662447
949 0.001741141991570
950 0.001837993421053
951 0.002193414826498
952 0.002576811974790
953 0.002496229013641
954 0.002247936320755
955 0.001865183246073
956 0.002165598849372
957 0.002657229623824
958 0.002589215814196
959 0.003038647028154
960 0.002734375000000
961 0.002231562174818
962 0.001823187370062
963 0.001541407061267
964 0.001158908195021
965 0.001226522020725
966 0.000998803053830
967 0.000508983971044
968 0.000564953512397
969 0.000681275799794
970 0.001147712628866
971 0.000965499485067
972 0.000940393518519
973 0.000590152877698
974 0.000204536704312
975 0.000184294871795
976 0.000224129098361
977 0.000075965967247
978 0.000227664877301
979 0.000143641470889
980 0.000470344387755
981 0.000728688837920
982 0.001205288951120
983 0.000913975076297
984 0.000651041666667
985 0.000955742385787
986 0.001097394776876
987 0.001108156028369
988 0.000767016700405
989 0.000612202982811
990 0.000927241161616
991 0.000733160948537
992 0.000819052419355
993 0.000712015357503
994 0.000695579728370
995 0.000800879396985
996 0.000807919176707
997 0.001249843279840
998 0.001405154058116
999 0.001305993493493
1000 0.001734375000000
1001 0.002220435814186
1002 0.002046687874251
1003 0.002243270189432
1004 0.002591197709163
1005 0.002623600746269
1006 0.002620992793241
1007 0.002614510923535
1008 0.002387152777778
1009 0.002466086471754
1010 0.002138768564356
1011 0.002426434223541
1012 0.002122961956522
1013 0.001754534797631
1014 0.001598711785010
1015 0.001685652709360
1016 0.001799335629921
1017 0.001478767207473
1018 0.001001504174853
1019 0.001380029440628
1020 0.001416973039216
1021 0.001633661851126
1022 0.001326290362035
1023 0.001504459921799
1024 0.001953125000000
1025 0.002214176829268
1026 0.002562286793372
1027 0.003027629016553
1028 0.003397069552529
1029 0.003215348639456
1030 0.002757129854369
1031 0.003023460232784
1032 0.002831274224806
1033 0.002696182236205
1034 0.002890020551257
1035 0.002475845410628
1036 0.002209519787645
1037 0.002602911041466
1038 0.002961675096339
1039 0.003315988931665
1040 0.003455528846154
1041 0.003891240393852
1042 0.003932491602687
1043 0.003610378715244
1044 0.003674269636015
1045 0.003674491626794
1046 0.003880108747610
1047 0.004320379656160
1048 0.004785901717557
1049 0.004829748570067
1050 0.004720982142857
1051 0.004489771646051
1052 0.004879099334601
1053 0.004492372981956
1054 0.004547408681214
1055 0.004124703791469
1056 0.003965435606061
1057 0.003625384342479
1058 0.003370894376181
1059 0.003231232294618
1060 0.002999705188679
1061 0.003177279688973
1062 0.003086011064030
1063 0.002756055973659
1064 0.002922344924812
1065 0.003143339201878
1066 0.002744635318949
1067 0.002694470477976
1068 0.002787043539326
1069 0.002583460009355
1070 0.002347400700935
1071 0.002108134920635
1072 0.001661613805970
1073 0.001503523998136
1074 0.001894931331471
1075 0.001933139534884
1076 0.002345202137546
1077 0.002694840993500
1078 0.002315485853432
1079 0.002164909638554
1080 0.002039930555556
1081 0.002431920675301
1082 0.002675167513863
1083 0.002798938134811
1084 0.002601764298893
1085 0.002574164746544
1086 0.002974648941068
1087 0.002910821067157
1088 0.003102022058824
1089 0.003117108585859
1090 0.003214592889908
1091 0.003422891842346
1092 0.003541380494505
1093 0.003141439844465
1094 0.003395652422303
1095 0.003417522831050
1096 0.003008097627737
1097 0.002652831586144
1098 0.002607724271403
1099 0.002900363967243
1100 0.003330965909091
1101 0.003473404859219
1102 0.003583683076225
1103 0.003690219854941
1104 0.003594882246377
1105 0.003778987556561
1106 0.003591913426763
1107 0.003966237579042
1108 0.003800485108303
1109 0.003575152164112
1110 0.003543778153153
1111 0.003733967146715
1112 0.003948403776978
1113 0.003765863656783
1114 0.003439884425494
1115 0.002998878923767
1116 0.003143201164875
1117 0.003451628245300
1118 0.003280830724508
1119 0.003553675156390
1120 0.003180803571429
1121 0.003529911909010
1122 0.003958472593583
1123 0.003603628673197
1124 0.003162533362989
1125 0.003107638888889
1126 0.002799594804618
1127 0.003154114906832
1128 0.003088984929078
1129 0.003075869131975
1130 0.003363523230088
1131 0.003094606542882
1132 0.002960744257951
1133 0.002547854148279
1134 0.002986524470899
1135 0.003420980176211
1136 0.003658670774648
1137 0.003287846306069
1138 0.003435989674868
1139 0.003251207199298
1140 0.003419682017544
1141 0.003529661481157
1142 0.003827577714536
1143 0.003465387139108
1144 0.003127731643357
1145 0.003278520742358
1146 0.003289294284468
1147 0.003187663469922
1148 0.002783373257840
1149 0.002539572454308
1150 0.002700407608696
1151 0.002423164639444
1152 0.002387152777778
1153 0.002185196227233
1154 0.002061443890815
1155 0.002042748917749
1156 0.001939608564014
1157 0.002211403414002
1158 0.002236479922280
1159 0.002042439603106
1160 0.002303340517241
1161 0.002614260335917
1162 0.002356524311532
1163 0.002418314703353
1164 0.002610878436426
1165 0.002531518240343
1166 0.002422143010292
1167 0.002309607969152
1168 0.002006635273973
1169 0.001968161890505
1170 0.001579193376068
1171 0.001721285226302
1172 0.001353188993174
1173 0.000929108056266
1174 0.000688751064736
1175 0.000658244680851
1176 0.000651041666667
1177 0.000268824341546
1178 0.000600196307301
1179 0.000821670907549
1180 0.000748146186441
1181 0.000830202159187
1182 0.000459364424704
1183 0.000508505917160
1184 0.000791807432432
1185 0.000913106540084
1186 0.001109954679595
1187 0.001408487784330
1188 0.001624316077441
1189 0.001363409377628
1190 0.001703650210084
1191 0.001830132241814
1192 0.001559878355705
1193 0.001339192162615
1194 0.001403501884422
1195 0.001778242677824
1196 0.001443614130435
1197 0.001680633876358
1198 0.001887912145242
1199 0.002091586738949
1200 0.002109375000000
1201 0.002384080974188
1202 0.002317101705491
1203 0.001935266001662
1204 0.001888237126246
1205 0.001786177385892
1206 0.001862432628524
1207 0.002142450289975
1208 0.002444639900662
1209 0.002381229321753
1210 0.002185563016529
1211 0.001883773740710
1212 0.002120719884488
1213 0.002508630461665
1214 0.002455081342669
1215 0.002809927983539
1216 0.002569901315789
1217 0.002172991988496
1218 0.001850497742200
1219 0.001627871205906
1220 0.001325563524590
1221 0.001378864660115
1222 0.001198726472995
1223 0.000811273507768
1224 0.000855290032680
1225 0.000947066326531
1226 0.001315890089723
1227 0.001171556642217
1228 0.001151516693811
1229 0.000874059194467
1230 0.000568470528455
1231 0.000260205117790
1232 0.000583400974026
1233 0.000345321370641
1234 0.000585620948136
1235 0.000518724696356
1236 0.000777457524272
1237 0.000982088722716
1238 0.001359930331179
1239 0.001128682405165
1240 0.000919858870968
1241 0.001161487711523
1242 0.001273777173913
1243 0.001282180209171
1244 0.001011103295820
1245 0.000887926706827
1246 0.001138016653291
1247 0.000983610665597
1248 0.001051682692308
1249 0.000966398118495
1250 0.000953125000000
1251 0.001036670663469
1252 0.001042082667732
1253 0.001393530526736
1254 0.001517020534290
1255 0.001437998007968
1256 0.001778960987261
1257 0.002165995425617
1258 0.002027648052464
1259 0.002184273232724
1260 0.002461557539683
1261 0.002487485130849
1262 0.002485514064976
1263 0.002480453285827
1264 0.002299248417722
1265 0.002362277667984
1266 0.002101229265403
1267 0.002330801104972
1268 0.002088673107256
1269 0.001794597123719
1270 0.001670152559055
1271 0.001739525963808
1272 0.001830286949686
1273 0.001574160447761
1274 0.001192724686028
1275 0.001495098039216
1276 0.001524539576802
1277 0.001697704581049
1278 0.001451853482003
1279 0.001594263096169
1280 0.001953125000000
1281 0.002162007220921
1282 0.002440644500780
1283 0.002813230709275
1284 0.003109180295950
1285 0.002963886186770
1286 0.002597079121306
1287 0.002810557498057
1288 0.002656735248447
1289 0.002548608417378
1290 0.002704093992248
1291 0.002372192099148
1292 0.002158717105263
1293 0.002474260440835
1294 0.002762147411128
1295 0.003046573359073
1296 0.003158757716049
1297 0.003508697956823
1298 0.003542108050847
1299 0.003283775981524
1300 0.003335336538462
1301 0.003335775365104
1302 0.003501224078341
1303 0.003855285878741
1304 0.004229773773006
1305 0.004265445402299
1306 0.004178431278714
1307 0.003992922723795
1308 0.004306431574924
1309 0.003995774446142
1310 0.004040434160305
1311 0.003700657894737
1312 0.003572789634146
1313 0.003299338347296
1314 0.003094677511416
1315 0.002982414448669
1316 0.002796115121581
1317 0.002939327069096
1318 0.002865966426404
1319 0.002600217968158
1320 0.002734375000000
1321 0.002912684519304
1322 0.002591362518911
1323 0.002551020408163
1324 0.002625802492447
1325 0.002461674528302
1326 0.002271281108597
1327 0.002078230972118
1328 0.001717808734940
1329 0.001590128856283
1330 0.001906132518797
1331 0.001936983471074
1332 0.002269847972973
1333 0.002552395911478
1334 0.002245947338831
1335 0.002124297752809
1336 0.002023297155689
1337 0.002340244016455
1338 0.002537018871450
1339 0.002637229275579
1340 0.002477845149254
1341 0.002455606823266
1342 0.002779782973174
1343 0.002728266939687
1344 0.002883184523810
1345 0.002895562267658
1346 0.002974670319465
1347 0.003143559762435
1348 0.003239753338279
1349 0.002915933098592
1350 0.003122106481481
1351 0.003140035159141
1352 0.002808339497041
1353 0.002520440687361
1354 0.002483959564254
1355 0.002721402214022
1356 0.003070842551622
1357 0.003186601879145
1358 0.003276302466863
1359 0.003362996688742
1360 0.003285845588235
1361 0.003435548310066
1362 0.003283888582966
1363 0.003588132795304
1364 0.003453766495601
1365 0.003270947802198
1366 0.003245676244509
1367 0.003400466349671
1368 0.003575018274854
1369 0.003426885500365
1370 0.003162066605839
1371 0.002803610503282
1372 0.002921146137026
1373 0.003172227785870
1374 0.003033456149927
1375 0.003255681818182
1376 0.002952398255814
1377 0.003236769244735
1378 0.003585926161103
1379 0.003297226250906
1380 0.002938179347826
1381 0.002893623280232
1382 0.002642795767004
1383 0.002931805856833
1384 0.002878883670520
1385 0.002868343862816
1386 0.003103016774892
1387 0.002883922134102
1388 0.002774900936599
1389 0.002438242440605
1390 0.002796200539568
1391 0.003150835729691
1392 0.003345007183908
1393 0.003042556532663
1394 0.003163670193687
1395 0.003012992831541
1396 0.003150743194842
1397 0.003240761453114
1398 0.003484330293276
1399 0.003188661543960
1400 0.002912946428571
1401 0.003036335653105
1402 0.003045314728959
1403 0.002962401995723
1404 0.002631988960114
1405 0.002432717971530
1406 0.002564344772404
1407 0.002337642146411
1408 0.002308238636364
1409 0.002143031405252
1410 0.002041777482270
1411 0.002026488306166
1412 0.001942059135977
1413 0.002164609872611
1414 0.002185179455446
1415 0.002026280918728
1416 0.002240024717514
1417 0.002494817395907
1418 0.002283696227080
1419 0.002334390415786
1420 0.002492297535211
1421 0.002427317909923
1422 0.002337706575246
1423 0.002245476106817
1424 0.001997015449438
1425 0.001965460526316
1426 0.001646322755961
1427 0.001762876664331
1428 0.001460740546218
1429 0.001112556857943
1430 0.000915100524476
1431 0.000889893431167
1432 0.000883816340782
1433 0.000569718248430
1434 0.000841723326360
1435 0.001023519163763
1436 0.000962961350975
1437 0.001030249652053
1438 0.000725291203060
1439 0.000765505559416
1440 0.000998263888889
1441 0.001097870402498
1442 0.001259643723994
1443 0.001505110880111
1444 0.001682609072022
1445 0.001467884948097
1446 0.001747817254495
1447 0.001851891845197
1448 0.001629402624309
1449 0.001447657867495
1450 0.001500538793103
1451 0.001809097174363
1452 0.001533445247934
1453 0.001728643324157
1454 0.001899393913342
1455 0.002067225085911
1456 0.002081902472527
1457 0.002308360501030
1458 0.002253193587106
1459 0.001938399588759
1460 0.001899614726027
1461 0.001815430355921
1462 0.001878313098495
1463 0.002109321599453
1464 0.002358691939891
1465 0.002306420648464
1466 0.002144973567531
1467 0.001895875937287
1468 0.002091493528610
1469 0.002411823519401
1470 0.002367665816327
1471 0.002660817471108
1472 0.002462635869565
1473 0.002134780210455
1474 0.001868321743555
1475 0.001684322033898
1476 0.001434408875339
1477 0.001478397935003
1478 0.001329393606225
1479 0.001008916497634
1480 0.001045185810811
1481 0.001120969783930
1482 0.001425965755736
1483 0.001306473364801
1484 0.001289799528302
1485 0.001060079966330
1486 0.000807011271871
1487 0.000551656018830
1488 0.000819052419355
1489 0.000621746977837
1490 0.000820574664430
1491 0.000765006706908
1492 0.000979180630027
1493 0.001148589249833
1494 0.001461575468541
1495 0.001269857859532
1496 0.001096674465241
1497 0.001296864562458
1498 0.001389873998665
1499 0.001396764509673
1500 0.001171875000000
1501 0.001069599433711
1502 0.001276943242344
1503 0.001148744178310
1504 0.001205119680851
1505 0.001134240033223
1506 0.001123111719788
1507 0.001192352355673
1508 0.001196742374005
1509 0.001488465043075
1510 0.001590956125828
1511 0.001525272998015
1512 0.001808449074074
1513 0.002129977693325
1514 0.002015047060766
1515 0.002145214521452
1516 0.002375700857520
1517 0.002397309657218
1518 0.002395730401845
1519 0.002391581632653
1520 0.002240953947368
1521 0.002293413050625
1522 0.002076318166886
1523 0.002267317793828
1524 0.002065903871391
1525 0.001821209016393
1526 0.001717623689384
1527 0.001775335625409
1528 0.001850867146597
1529 0.001637610366252
1530 0.001319955065359
1531 0.001571685173089
1532 0.001596156984334
1533 0.001740357958252
1534 0.001535507659713
1535 0.001654112377850
1536 0.001953125000000
1537 0.002127216167859
1538 0.002359496911573
1539 0.002670159194282
1540 0.002917004870130
1541 0.002795972582739
1542 0.002490171044099
1543 0.002668300388853
1544 0.002540074481865
1545 0.002449939320388
1546 0.002579742076326
1547 0.002302844214609
1548 0.002124717377261
1549 0.002388133473209
1550 0.002628528225806
1551 0.002866094455190
1552 0.002959890463918
1553 0.003252273824855
1554 0.003280345077220
1555 0.003064710610932
1556 0.003107928984576
1557 0.003108441714836
1558 0.003246850930680
1559 0.003542936177037
1560 0.003856169871795
1561 0.003886230781550
1562 0.003813720390525
1563 0.003658829174664
1564 0.003921235613811
1565 0.003661641373802
1566 0.003699213761175
1567 0.003415164326739
1568 0.003308354591837
1569 0.003079688495857
1570 0.002908539012739
1571 0.002814688096754
1572 0.002658834287532
1573 0.002778826287349
1574 0.002717499205845
1575 0.002495039682540
1576 0.002607471446700
1577 0.002756915821179
1578 0.002487820817490
1579 0.002454084863838
1580 0.002516811708861
1581 0.002379328747628
1582 0.002219796934260
1583 0.002057999052432
1584 0.001755839646465
1585 0.001648757886435
1586 0.001913717686003
1587 0.001939587271582
1588 0.002218789357683
1589 0.002455848804279
1590 0.002198801100629
1591 0.002096755185418
1592 0.002012013190955
1593 0.002278032799749
1594 0.002443244196989
1595 0.002527429467085
1596 0.002393679511278
1597 0.002375058703820
1598 0.002647352158949
1599 0.002604166666667
1600 0.002734375000000
1601 0.002744866489694
1602 0.002811427122347
1603 0.002953446662508
1604 0.003034406172070
1605 0.002762363707165
1606 0.002935768212951
1607 0.002950956751711
1608 0.002672185945274
1609 0.002430177905531
1610 0.002399553571429
1611 0.002599317194289
1612 0.002893339019851
1613 0.002990836174830
1614 0.003066430452292
1615 0.003139512383901
1616 0.003074721534653
1617 0.003200854205319
1618 0.003073335135970
1619 0.003329601605930
1620 0.003216628086420
1621 0.003062827729796
1622 0.003041673088779
1623 0.003172173444239
1624 0.003319350369458
1625 0.003194711538462
1626 0.002971728936039
1627 0.002669791026429
1628 0.002768926597052
1629 0.002980643799877
1630 0.002863784509202
1631 0.003051233905579
1632 0.002795649509804
1633 0.003035536589100
1634 0.003330113984088
1635 0.003086773700306
1636 0.002784038814181
1637 0.002746544746488
1638 0.002535008394383
1639 0.002778942953020
1640 0.002734375000000
1641 0.002725567489336
1642 0.002923740103532
1643 0.002738892270237
1644 0.002646935827251
1645 0.002362746960486
1646 0.002665078219927
1647 0.002964670613236
1648 0.003128792475728
1649 0.002873427077016
1650 0.002975852272727
1651 0.002848652331920
1652 0.002965155871671
1653 0.003041345281307
1654 0.003247336003628
1655 0.002997545317221
1656 0.002764568236715
1657 0.002868983856367
1658 0.002876677472859
1659 0.002806660638939
1660 0.002527296686747
1661 0.002358801173992
1662 0.002470197803851
1663 0.002278450090198
1664 0.002253605769231
1665 0.002113832582583
1666 0.002028155012005
1667 0.002015221955609
1668 0.001943757494005
1669 0.002132171210306
1670 0.002149607035928
1671 0.002015073309396
1672 0.002196097488038
1673 0.002411928421996
1674 0.002233142921147
1675 0.002276119402985
1676 0.002409941825776
1677 0.002354930679785
1678 0.002279033820024
1679 0.002200900833830
1680 0.001990327380952
1681 0.001963581945271
1682 0.001693017984542
1683 0.001791815210933
1684 0.001535592339667
1685 0.001240263353116
1686 0.001072712781732
1687 0.001051237403675
1688 0.001045986374408
1689 0.000779399792777
1690 0.001010077662722
1691 0.001164251921940
1692 0.001112773345154
1693 0.001169798434731
1694 0.000910843417946
1695 0.000944874631268
1696 0.001142393867925
1697 0.001226889363583
1698 0.001364196849234
1699 0.001572616244850
1700 0.001723345588235
1701 0.001540913433275
1702 0.001778697855464
1703 0.001867109512625
1704 0.001678036971831
1705 0.001523552052786
1706 0.001568453253224
1707 0.001830697129467
1708 0.001596348067916
1709 0.001762269602107
1710 0.001907437865497
1711 0.002050153419053
1712 0.002062646028037
1713 0.002255272183304
1714 0.002208375875146
1715 0.001940597667638
1716 0.001907597610723
1717 0.001835960250437
1718 0.001889460855646
1719 0.002086060209424
1720 0.002298328488372
1721 0.002253867664149
1722 0.002116452526132
1723 0.001904381892049
1724 0.002070946925754
1725 0.002343750000000
1726 0.002306181199305
1727 0.002555913433700
1728 0.002387152777778
1729 0.002107883892423
1730 0.001880870664740
1731 0.001724075678798
1732 0.001511078233256
1733 0.001548524956722
1734 0.001421478517878
1735 0.001148234870317
1736 0.001179075460830
1737 0.001243613270006
1738 0.001503614067894
1739 0.001401667625072
1740 0.001387392241379
1741 0.001191395031591
1742 0.000975441303100
1743 0.000757494262765
1744 0.000985521788991
1745 0.000817066618911
1746 0.000986630154639
1747 0.000939109902690
1748 0.001121817791762
1749 0.001266348627787
1750 0.001533482142857
1751 0.001369752998287
1752 0.001221817922374
1753 0.001392701796920
1754 0.001472081670468
1755 0.001477920227920
1756 0.001285770216401
1757 0.001198331673307
1758 0.001375408845279
1759 0.001265811540648
1760 0.001313920454545
1761 0.001253282935832
1762 0.001243703887628
1763 0.001302821894498
1764 0.001306512188209
1765 0.001555860481586
1766 0.001643456257078
1767 0.001587259479344
1768 0.001829397624434
1769 0.002104384539288
1770 0.002006091101695
1771 0.002117447769622
1772 0.002314651523702
1773 0.002333174703892
1774 0.002331859498309
1775 0.002328345070423
1776 0.002199465090090
1777 0.002244390123804
1778 0.002058580568054
1779 0.002222105115233
1780 0.002049683988764
1781 0.001840170550253
1782 0.001751455527497
1783 0.001800862310712
1784 0.001865540919283
1785 0.001682860644258
1786 0.001410711786114
1787 0.001626329043089
1788 0.001647266498881
1789 0.001770804220235
1790 0.001595233938547
1791 0.001696852317141
1792 0.001953125000000
1793 0.002102359871723
1794 0.002301508500557
1795 0.002567896935933
1796 0.002779614420935
1797 0.002675900806900
1798 0.002413706201335
1799 0.002566530016676
1800 0.002456597222222
1801 0.002379320516380
1802 0.002490722114317
1803 0.002253189129229
1804 0.002100367239468
1805 0.002326436980609
1806 0.002532790005537
1807 0.002736752905368
1808 0.002817339601770
1809 0.003068425234936
1810 0.003092627762431
1811 0.002907578685809
1812 0.002944777869757
1813 0.002945308190844
1814 0.003064274393605
1815 0.003318698347107
1816 0.003587899229075
1817 0.003613872454595
1818 0.003551722359736
1819 0.003418774051677
1820 0.003644402472527
1821 0.003421454557935
1822 0.003453879665203
1823 0.003209853263851
1824 0.003118146929825
1825 0.002921660958904
1826 0.002774592688938
1827 0.002693965517241
1828 0.002560004102845
1829 0.002663255194095
1830 0.002610570355191
1831 0.002419272255598
1832 0.002516034388646
1833 0.002644656983088
1834 0.002413184978190
1835 0.002384196185286
1836 0.002438214869281
1837 0.002319933995645
1838 0.002182654379761
1839 0.002043399945623
1840 0.001783288043478
1841 0.001691081613254
1842 0.001919194489685
1843 0.001941467715681
1844 0.002181907537961
1845 0.002386094173442
1846 0.002164731175515
1847 0.002076847590688
1848 0.002003855519481
1849 0.002233048269335
1850 0.002375422297297
1851 0.002448001080497
1852 0.002332782127430
1853 0.002316766729628
1854 0.002551493392665
1855 0.002514319407008
1856 0.002626616379310
1857 0.002635719574583
1858 0.002693168057051
1859 0.002815693921463
1860 0.002885584677419
1861 0.002651044465341
1862 0.002800667964554
1863 0.002813841921632
1864 0.002573430793991
1865 0.002364695040214
1866 0.002338307207931
1867 0.002510712372791
1868 0.002764487419700
1869 0.002848699170679
1870 0.002914020721925
1871 0.002977184660609
1872 0.002921340811966
1873 0.003030315670048
1874 0.002920307497332
1875 0.003141666666667
1876 0.003044209754797
1877 0.002911477757059
1878 0.002893287406816
1879 0.003006087014369
1880 0.003133311170213
1881 0.003025734316853
1882 0.002833172821467
1883 0.002572357939458
1884 0.002658074575372
1885 0.002841097480106
1886 0.002740174310710
1887 0.002902258876524
1888 0.002681408898305
1889 0.002888846611964
1890 0.003143601190476
1891 0.002933302485457
1892 0.002671610729387
1893 0.002639246566297
1894 0.002456358896515
1895 0.002667381266491
1896 0.002628889767932
1897 0.002621326436479
1898 0.002792824683878
1899 0.002632964718273
1900 0.002553453947368
1901 0.002307584823777
1902 0.002569252760252
1903 0.002828593011035
1904 0.002970719537815
1905 0.002749753937008
1906 0.002838487014690
1907 0.002728434714211
1908 0.002829369758910
1909 0.002895413174437
1910 0.003073871073298
1911 0.002857633437991
1912 0.002655923117155
1913 0.002746422503921
1914 0.002753151123302
1915 0.002692558746736
1916 0.002450580636743
1917 0.002304626369327
1918 0.002401182872784
1919 0.002235050807712
1920 0.002213541666667
1921 0.002092416059344
1922 0.002018161420395
1923 0.002006955278211
1924 0.001945003898129
1925 0.002108360389610
1926 0.002123491043614
1927 0.002006843539180
1928 0.002163835580913
1929 0.002351040046656
1930 0.002196000647668
1931 0.002233298808907
1932 0.002349411231884
1933 0.002301716890843
1934 0.002235893872802
1935 0.002168120155039
1936 0.001985408057851
1937 0.001962199922561
1938 0.001727376805986
1939 0.001813112429087
1940 0.001590689432990
1941 0.001334283230294
1942 0.001188771240989
1943 0.001170065620175
1944 0.001165444958848
1945 0.000933884961440
1946 0.001134137332991
1947 0.001267976373909
1948 0.001223209702259
1949 0.001272687916880
1950 0.001047676282051
1951 0.001077171963096
1952 0.001248719262295
1953 0.001322084613415
1954 0.001441354273286
1955 0.001622442455243
1956 0.001753418967280
1957 0.001594835845682
1958 0.001801503447395
1959 0.001878349923430
1960 0.001713966836735
1961 0.001579630928098
1962 0.001618644877676
1963 0.001846663270504
1964 0.001642852596741
1965 0.001787134223919
1966 0.001913386953204
1967 0.002037525419420
1968 0.002048399390244
1969 0.002215988445912
1970 0.002175206218274
1971 0.001942224759006
1972 0.001913507860041
1973 0.001851162569691
1974 0.001897717198582
1975 0.002068829113924
1976 0.002253605769231
1977 0.002214924759737
1978 0.002095314079879
1979 0.001910687215766
1980 0.002055713383838
1981 0.002293270444220
1982 0.002260579591322
1983 0.002478095057993
1984 0.002331149193548
1985 0.002087925062972
1986 0.001890184415911
1987 0.001753585807750
1988 0.001568001760563
1989 0.001600600175968
1990 0.001489871231156
1991 0.001251726519337
1992 0.001278551706827
1993 0.001334749749122
1994 0.001561324598796
1995 0.001472431077694
1996 0.001459951152305
1997 0.001289042939409
1998 0.001100710085085
1999 0.000910611555778
2000 0.001109375000000
2001 0.000962409420290
2002 0.001110217907093
2003 0.001068709435846
2004 0.001228012724551
2005 0.001354036783042
2006 0.001587035767697
2007 0.001444164175386
2008 0.001315052290837
2009 0.001464114609258
2010 0.001533348880597
2011 0.001538413724515
2012 0.001370682157058
2013 0.001294321286637
2014 0.001448842477656
2015 0.001353132754342
2016 0.001395089285714
2017 0.001342107709470
2018 0.001333699826561
2019 0.001385277365032
2020 0.001388459158416
2021 0.001606181964374
2022 0.001682662586548
2023 0.001633557834899
2024 0.001845046936759
2025 0.002085262345679
2026 0.001999398445212
2027 0.002096694622595
2028 0.002269015039448
2029 0.002285223632331
2030 0.002284097906404
2031 0.002281049975382
2032 0.002168430118110
2033 0.002207713354648
2034 0.002045307890855
2035 0.002188267813268
2036 0.002037542976424
2037 0.001854366102111
2038 0.001776787904809
2039 0.001819979156449
2040 0.001876531862745
2041 0.001716759554140
2042 0.001478712659158
2043 0.001667278511992
2044 0.001685573630137
2045 0.001793627750611
2046 0.001640014051808
2047 0.001728902051783
2048 0.001953125000000
2049 0.002083714616886
2050 0.002258003048780
2051 0.002491162847392
2052 0.002676504629630
2053 0.002585773867511
2054 0.002356301728335
2055 0.002490115571776
2056 0.002393908073930
2057 0.002326279168692
2058 0.002423849003887
2059 0.002215881495872
2060 0.002082069174757
2061 0.002280067321689
2062 0.002460823836081
2063 0.002639511633543
2064 0.002710150193798
2065 0.002930160411622
2066 0.002951430905131
2067 0.002789368650218
2068 0.002822020067698
2069 0.002822544103432
2070 0.002926856884058
2071 0.003149897392564
2072 0.003385919401544
2073 0.003408782561505
2074 0.003354402724204
2075 0.003237951807229
2076 0.003435844171484
2077 0.003240476047183
2078 0.003268993623677
2079 0.003055104617605
2080 0.002974759615385
2081 0.002802513815473
2082 0.002673586095101
2083 0.002602916466635
2084 0.002485454654511
2085 0.002576064148681
2086 0.002529886744966
2087 0.002362092716818
2088 0.002447018678161
2089 0.002559912039253
2090 0.002356833133971
2091 0.002331420373027
2092 0.002378853967495
2093 0.002275068681319
2094 0.002154593481375
2095 0.002032368735084
2096 0.001804031488550
2097 0.001723071649976
2098 0.001923334723546
2099 0.001942889471177
2100 0.002154017857143
2101 0.002333338291290
2102 0.002138959919125
2103 0.002061786733238
2104 0.001997682984791
2105 0.002199005344418
2106 0.002324088912631
2107 0.002387873754153
2108 0.002286675759013
2109 0.002272626244666
2110 0.002478895142180
2111 0.002446263619138
2112 0.002544981060606
2113 0.002553019995267
2114 0.002603550733207
2115 0.002711288416076
2116 0.002772772920605
2117 0.002566647968824
2118 0.002698226510859
2119 0.002709857243983
2120 0.002498525943396
2121 0.002315019448373
2122 0.002291838477851
2123 0.002443476212906
2124 0.002666696092279
2125 0.002740808823529
2126 0.002798315498589
2127 0.002853931593794
2128 0.002804863721804
2129 0.002900789689995
2130 0.002804063967136
2131 0.002998885499765
2132 0.002913197701689
2133 0.002796457454290
2134 0.002780503163074
2135 0.002879830210773
2136 0.002991865636704
2137 0.002897242044923
2138 0.002727797591207
2139 0.002498246844320
2140 0.002573744158879
2141 0.002734922349369
2142 0.002646110527544
2143 0.002788876574895
2144 0.002594449626866
2145 0.002777170745921
2146 0.003001587255359
2147 0.002816429902189
2148 0.002585981145251
2149 0.002557512214984
2150 0.002396438953488
2151 0.002582374476987
2152 0.002548501394052
2153 0.002541874709707
2154 0.002693027506964
2155 0.002552204176334
2156 0.002482171846011
2157 0.002265516342142
2158 0.002496162534754
2159 0.002724785780454
2160 0.002850115740741
2161 0.002655382346136
2162 0.002733652289547
2163 0.002636673601479
2164 0.002725710489834
2165 0.002783992494226
2166 0.002941409856879
2167 0.002750778726350
2168 0.002572935885609
2169 0.002652792185339
2170 0.002658770161290
2171 0.002605366190696
2172 0.002391948664825
2173 0.002263216175794
2174 0.002348421688132
2175 0.002201867816092
2176 0.002182904411765
2177 0.002076036403307
2178 0.002010517102847
2179 0.002000631023405
2180 0.001945957568807
2181 0.002090139270977
2182 0.002103503093492
2183 0.002000543976180
2184 0.002139136904762
2185 0.002304419336384
2186 0.002167557753888
2187 0.002200502972108
2188 0.002303045018282
2189 0.002260949634536
2190 0.002202839611872
2191 0.002142999771794
2192 0.001981637773723
2193 0.001961140560876
2194 0.001753717525068
2195 0.001829441913440
2196 0.001632940573771
2197 0.001406392239417
2198 0.001277795154686
2199 0.001261226693952
2200 0.001257102272727
2201 0.001052433552930
2202 0.001229351158038
2203 0.001347594189741
2204 0.001307991152450
2205 0.001351686507936
2206 0.001152751019946
2207 0.001178777752605
2208 0.001330389492754
2209 0.001395215595292
2210 0.001500636312217
2211 0.001660730438716
2212 0.001776531419530
2213 0.001636282760958
2214 0.001819035117435
2215 0.001886992099323
2216 0.001741595216606
2217 0.001622758795670
2218 0.001657250338142
2219 0.001858945470933
2220 0.001678631756757
2221 0.001806266884286
2222 0.001917965234023
2223 0.002027805892937
2224 0.002037432553957
2225 0.002185744382022
2226 0.002149665880503
2227 0.001943477772789
2228 0.001918059919210
2229 0.001862872925079
2230 0.001904077914798
2231 0.002055552442851
2232 0.002219142025090
2233 0.002184910994178
2234 0.002079020255148
2235 0.001915548098434
2236 0.002043968023256
2237 0.002254344546267
2238 0.002225410522788
2239 0.002418071683787
2240 0.002287946428571
2241 0.002072526215975
2242 0.001897371208742
2243 0.001776359786001
2244 0.001611937388592
2245 0.001640798997773
2246 0.001542673085485
2247 0.001331636626613
2248 0.001355371441281
2249 0.001405138394842
2250 0.001605902777778
2251 0.001527099067081
2252 0.001516013543517
2253 0.001364500110963
2254 0.001197523846495
2255 0.001028963414634
2256 0.001205119680851
2257 0.001074781236154
2258 0.001205782218778
2259 0.001168935369633
2260 0.001310149336283
2261 0.001421868089341
2262 0.001628467617153
2263 0.001501739946973
2264 0.001387201855124
2265 0.001519384657837
2266 0.001580772837599
2267 0.001585244816939
2268 0.001436425264550
2269 0.001368650837373
2270 0.001505713105727
2271 0.001420767283135
2272 0.001457966549296
2273 0.001410924439067
2274 0.001403432827617
2275 0.001449175824176
2276 0.001451971660808
2277 0.001645188296004
2278 0.001713056957858
2279 0.001669454804739
2280 0.001857182017544
2281 0.002070432376151
2282 0.001994207383874
2283 0.002080595707403
2284 0.002233608800350
2285 0.002248016958425
2286 0.002247033573928
2287 0.002244343025798
2288 0.002144340034965
2289 0.002179240388816
2290 0.002035002729258
2291 0.002161992579660
2292 0.002028114092496
2293 0.001865391953772
2294 0.001796466325196
2295 0.001834831154684
2296 0.001885071864112
2297 0.001743102416195
2298 0.001531562771976
2299 0.001699108307960
2300 0.001715353260870
2301 0.001811372772708
2302 0.001674834383145
2303 0.001753826530612
2304 0.001953125000000
2305 0.002069210954447
2306 0.002224157090199
2307 0.002431458604248
2308 0.002596268414211
2309 0.002515631766999
2310 0.002311620670996
2311 0.002430630679360
2312 0.002345101643599
2313 0.002284978923476
2314 0.002371772363872
2315 0.002186825053996
2316 0.002067816278066
2317 0.002243944216659
2318 0.002404753559103
2319 0.002563739758517
2320 0.002626616379310
2321 0.002822396057734
2322 0.002841367894057
2323 0.002697212656048
2324 0.002726307013769
2325 0.002726814516129
2326 0.002819687768702
2327 0.003018237000430
2328 0.003228361254296
2329 0.003248778982396
2330 0.003200442596567
2331 0.003096846846847
2332 0.003273075686106
2333 0.003099215066438
2334 0.003124665274207
2335 0.002934288008565
2336 0.002862799657534
2337 0.002709469940094
2338 0.002594698994867
2339 0.002531797776828
2340 0.002427216880342
2341 0.002507942652713
2342 0.002466841908625
2343 0.002317408237303
2344 0.002393078071672
2345 0.002493670042644
2346 0.002312779731458
2347 0.002290157648061
2348 0.002332437180579
2349 0.002239982439336
2350 0.002132646276596
2351 0.002023739897916
2352 0.001820259353741
2353 0.001748100828729
2354 0.001926574447749
2355 0.001944002123142
2356 0.002132189091681
2357 0.002292042320747
2358 0.002118784457167
2359 0.002049994701145
2360 0.001992849576271
2361 0.002172344875053
2362 0.002283882832345
2363 0.002340774439272
2364 0.002250555203046
2365 0.002238041754757
2366 0.002422007079459
2367 0.002392928812843
2368 0.002480996621622
2369 0.002488193858168
2370 0.002533293776371
2371 0.002629428511177
2372 0.002684311762226
2373 0.002500460914454
2374 0.002617878580455
2375 0.002628289473684
2376 0.002439762205387
2377 0.002276043857804
2378 0.002255374789739
2379 0.002390710382514
2380 0.002589942226891
2381 0.002656118752625
2382 0.002707480583543
2383 0.002757160092321
2384 0.002713401845638
2385 0.002799069706499
2386 0.002712764564124
2387 0.002886730205279
2388 0.002810275335008
2389 0.002706087798242
2390 0.002691880230126
2391 0.002780609577583
2392 0.002880696070234
2393 0.002796241642290
2394 0.002644958751044
2395 0.002439979123173
2396 0.002507434265442
2397 0.002651426261994
2398 0.002572130421184
2399 0.002699692580242
2400 0.002526041666667
2401 0.002689309142024
2402 0.002889844400500
2403 0.002724459009571
2404 0.002518588810316
2405 0.002493178274428
2406 0.002349270054032
2407 0.002515449729954
2408 0.002485205564784
2409 0.002479309360731
2410 0.002614432053942
2411 0.002488593944421
2412 0.002426020936982
2413 0.002232374119354
2414 0.002438574461475
2415 0.002642986542443
2416 0.002755070364238
2417 0.002581001758378
2418 0.002651015818859
2419 0.002564334435717
2420 0.002643982438017
2421 0.002696135377943
2422 0.002836950350950
2423 0.002666503301692
2424 0.002507477310231
2425 0.002578930412371
2426 0.002584308017312
2427 0.002536567779151
2428 0.002345680601318
2429 0.002230534685056
2430 0.002306777263374
2431 0.002175673591115
2432 0.002158717105263
2433 0.002063103678586
2434 0.002004480792933
2435 0.001995636550308
2436 0.001946710796388
2437 0.002075746306935
2438 0.002087712776866
2439 0.001995566830668
2440 0.002119620901639
2441 0.002267577324867
2442 0.002145078316953
2443 0.002174580433893
2444 0.002266392184943
2445 0.002228719325153
2446 0.002176704313164
2447 0.002123135472007
2448 0.001978656045752
2449 0.001960302674561
2450 0.001774553571429
2451 0.001842360261118
2452 0.001666369290375
2453 0.001463450366898
2454 0.001348245211899
2455 0.001333375763747
2456 0.001329651872964
2457 0.001146278490028
2458 0.001304731997559
2459 0.001410634404229
2460 0.001375127032520
2461 0.001414249796831
2462 0.001235974309504
2463 0.001259262078766
2464 0.001395089285714
2465 0.001453156693712
2466 0.001547609995945
2467 0.001691072152412
2468 0.001794849068071
2469 0.001669134771162
2470 0.001832932692308
2471 0.001893843585593
2472 0.001763501213592
2473 0.001656957642539
2474 0.001687866309620
2475 0.001868686868687
2476 0.001707012318255
2477 0.001821444792087
2478 0.001921597558515
2479 0.002020093787818
2480 0.002028729838710
2481 0.002161741737203
2482 0.002129394137792
2483 0.001944472412404
2484 0.001921673711755
2485 0.001872170523139
2486 0.001909128620274
2487 0.002045009047045
2488 0.002191770498392
2489 0.002161071213339
2490 0.002066076807229
2491 0.001919409875552
2492 0.002034635834671
2493 0.002223413056558
2494 0.002197461407378
2495 0.002370365731463
2496 0.002253605769231
2497 0.002060284841810
2498 0.001903084967974
2499 0.001794467787115
2500 0.001646875000000
2501 0.001672768392643
2502 0.001584669764189
2503 0.001395200759089
2504 0.001416483626198
2505 0.001461140219561
2506 0.001641373204310
2507 0.001570602313522
2508 0.001560630980861
2509 0.001424559087286
2510 0.001274589143426
2511 0.001123182994823
2512 0.001281349522293
2513 0.001164258356546
2514 0.001281883949881
2515 0.001248757455268
2516 0.001375571343402
2517 0.001475901370679
2518 0.001661474880858
2519 0.001547613140135
2520 0.001444692460317
2521 0.001563429690599
2522 0.001618569091990
2523 0.001622572334522
2524 0.001488832210777
2525 0.001427908415842
2526 0.001551056512272
2527 0.001474698258805
2528 0.001508109177215
2529 0.001465809114274
2530 0.001459053853755
2531 0.001500148162781
2532 0.001502641192733
2533 0.001676310205290
2534 0.001737310082873
2535 0.001698101577909
2536 0.001866867113565
2537 0.002058595289712
2538 0.001990063534279
2539 0.002067743205987
2540 0.002205339566929
2541 0.002218307260921
2542 0.002217434598741
2543 0.002215026543453
2544 0.002125098270440
2545 0.002156495579568
2546 0.002026769933229
2547 0.002140999214762
2548 0.002020579866562
2549 0.001874203118870
2550 0.001812193627451
2551 0.001846702273618
2552 0.001891898510972
2553 0.001764162260086
2554 0.001573818030540
2555 0.001724559686888
2556 0.001739167644757
2557 0.001825564626515
2558 0.001702685203284
2559 0.001773764165690
2560 0.001953125000000
2561 0.002057606891839
2562 0.002197075039032
2563 0.002383681232930
2564 0.002532054407176
2565 0.002459490740741
2566 0.002275854929852
2567 0.002383010323335
2568 0.002306026090343
2569 0.002251909789801
2570 0.002330070525292
2571 0.002163555036951
2572 0.002056400660964
2573 0.002215009230470
2574 0.002359836344211
2575 0.002503033980583
2576 0.002559685559006
2577 0.002736042394257
2578 0.002753163789759
2579 0.002623352074447
2580 0.002649588178295
2581 0.002650075067803
2582 0.002733769848954
2583 0.002912674216028
2584 0.003102022058824
2585 0.003120466634429
2586 0.003076964907193
2587 0.002983668341709
2588 0.003142508693972
2589 0.002985889822325
2590 0.003008868243243
2591 0.002837345619452
2592 0.002772955246914
2593 0.002634798013884
2594 0.002531382517348
2595 0.002474710982659
2596 0.002380465138675
2597 0.002453251347709
2598 0.002416221612779
2599 0.002281526548673
2600 0.002349759615385
2601 0.002440467608612
2602 0.002277394792467
2603 0.002257011140991
2604 0.002295146889401
2605 0.002211792226488
2606 0.002115011032233
2607 0.002016805715382
2608 0.001833301380368
2609 0.001768218187045
2610 0.001929178639847
2611 0.001944896591344
2612 0.002114639165391
2613 0.002258838021431
2614 0.002102560730681
2615 0.002040511472275
2616 0.001988962155963
2617 0.002150900363011
2618 0.002251539820474
2619 0.002302882779687
2620 0.002221493320611
2621 0.002210213181992
2622 0.002376227593440
2623 0.002350004765536
2624 0.002429496951220
2625 0.002436011904762
2626 0.002476735053313
2627 0.002563523030072
2628 0.002613085045662
2629 0.002447163845569
2630 0.002553172528517
2631 0.002562595020905
2632 0.002392429711246
2633 0.002244647265477
2634 0.002225998955961
2635 0.002348197343453
2636 0.002528096547800
2637 0.002587872108457
2638 0.002634275492798
2639 0.002679163508905
2640 0.002639678030303
2641 0.002717069765240
2642 0.002639158308100
2643 0.002796301551267
2644 0.002727283472012
2645 0.002633211247637
2646 0.002620405801209
2647 0.002700580846241
2648 0.002791021525680
2649 0.002714762646282
2650 0.002578125000000
2651 0.002392964918899
2652 0.002453926282051
2653 0.002584044006785
2654 0.002512422287114
2655 0.002627707156309
2656 0.002470820783133
2657 0.002618378340233
2658 0.002799626128668
2659 0.002650197442648
2660 0.002464168233083
2661 0.002441222754604
2662 0.002311173459805
2663 0.002461392226812
2664 0.002434074699700
2665 0.002428764071295
2666 0.002550930701425
2667 0.002437195350581
2668 0.002380645614693
2669 0.002205589640315
2670 0.002392029494382
2671 0.002576867278173
2672 0.002678237275449
2673 0.002520868406285
2674 0.002584202038145
2675 0.002505841121495
2676 0.002577891442451
2677 0.002625081714606
2678 0.002752462191934
2679 0.002598334266517
2680 0.002454524253731
2681 0.002519174281984
2682 0.002524060868755
2683 0.002480898248230
2684 0.002308238636364
2685 0.002204085195531
2686 0.002273071016381
2687 0.002154470599181
2688 0.002139136904762
2689 0.002052633413908
2690 0.001999593401487
2691 0.001991592344853
2692 0.001947320765230
2693 0.002064089769774
2694 0.002074923440980
2695 0.001991535250464
2696 0.002103811201780
2697 0.002237729421580
2698 0.002126864807265
2699 0.002153575398296
2700 0.002236689814815
2701 0.002202598574602
2702 0.002155521373057
2703 0.002107033851276
2704 0.001976238905325
2705 0.001959623382625
2706 0.001791447246859
2707 0.001852835241965
2708 0.001693477658789
2709 0.001509724529347
2710 0.001405385147601
2711 0.001391898745850
2712 0.001388504793510
2713 0.001222412919278
2714 0.001365892133382
2715 0.001461786372007
2716 0.001429606958763
2717 0.001465023463379
2718 0.001303520511405
2719 0.001324590842221
2720 0.001447610294118
2721 0.001500195240720
2722 0.001585748071271
2723 0.001715708777084
2724 0.001809723751836
2725 0.001695814220184
2726 0.001844220011005
2727 0.001899408690869
2728 0.001781295821114
2729 0.001684740289483
2730 0.001712740384615
2731 0.001876601977298
2732 0.001730074121523
2733 0.001833779271862
2734 0.001924549652524
2735 0.002013825411335
2736 0.002021655701754
2737 0.002142229174278
2738 0.002112913166545
2739 0.001945281124498
2740 0.001924612226277
2741 0.001879731393652
2742 0.001913236232677
2743 0.002036433649289
2744 0.002169506195335
2745 0.002141678051002
2746 0.002055546704297
2747 0.001922551874772
2748 0.002027042394469
2749 0.002198242542743
2750 0.002174715909091
2751 0.002331538531443
2752 0.002225654069767
2753 0.002050320105340
2754 0.001907736474219
2755 0.001809210526316
2756 0.001675322024673
2757 0.001698800779833
2758 0.001618870105149
2759 0.001446969010511
2760 0.001466259057971
2761 0.001506757062658
2762 0.001670268374366
2763 0.001606044154904
2764 0.001596983538350
2765 0.001473496835443
2766 0.001337389280550
2767 0.001199968377304
2768 0.001343479046243
2769 0.001237190772842
2770 0.001343919223827
2771 0.001313830747023
2772 0.001428909632035
2773 0.001519958077894
2774 0.001688389960346
2775 0.001585022522523
2776 0.001491579610951
2777 0.001599354069139
2778 0.001649399298056
2779 0.001653022670025
2780 0.001531587230216
2781 0.001476256292700
2782 0.001588054906542
2783 0.001518707330219
2784 0.001549030172414
2785 0.001510603680431
2786 0.001504453068916
2787 0.001541756368855
2788 0.001544005559541
2789 0.001701718806024
2790 0.001757112455197
2791 0.001721493192404
2792 0.001874776146132
2793 0.002048928123881
2794 0.001986679044381
2795 0.002057245080501
2796 0.002182246959943
2797 0.002194036020736
2798 0.002193251876340
2799 0.002191072704537
2800 0.002109375000000
2801 0.002137908336308
2802 0.002020041488223
2803 0.002123840528006
2804 0.002014421362340
2805 0.001881405971480
2806 0.001825051229508
2807 0.001856408086926
2808 0.001897480413105
2809 0.001781383499466
2810 0.001608374110320
2811 0.001745375311277
2812 0.001758645981508
2813 0.001837173391397
2814 0.001725468638948
2815 0.001790075488455
2816 0.001953125000000
2817 0.002048111909833
2818 0.002174913502484
2819 0.002344581411848
2820 0.002479499113475
2821 0.002413539081886
2822 0.002246578224663
2823 0.002344026744598
2824 0.002274035056657
2825 0.002224834070796
2826 0.002295924009200
2827 0.002144499469402
2828 0.002047051803395
2829 0.002191310975610
2830 0.002323045494700
2831 0.002453307135288
2832 0.002504855225989
2833 0.002665295181786
2834 0.002680894936486
2835 0.002562830687831
2836 0.002586719851904
2837 0.002587184966514
2838 0.002663352272727
2839 0.002826149172244
2840 0.002998459507042
2841 0.003015278511088
2842 0.002975732318790
2843 0.002890872317974
2844 0.003035447433193
2845 0.002892959138840
2846 0.002913903285313
2847 0.002757837197050
2848 0.002699262640449
2849 0.002573545542296
2850 0.002479440789474
2851 0.002427876183795
2852 0.002342106416550
2853 0.002408374956186
2854 0.002374682463210
2855 0.002252079684764
2856 0.002314206932773
2857 0.002396799527476
2858 0.002248348932820
2859 0.002229800629591
2860 0.002264532342657
2861 0.002188646889200
2862 0.002100530660377
2863 0.002011111596228
2864 0.001844011871508
2865 0.001784740401396
2866 0.001931317602931
2867 0.001945631321939
2868 0.002100222280335
2869 0.002231559341234
2870 0.002089231271777
2871 0.002032719435737
2872 0.001985767757660
2873 0.002133277497390
2874 0.002224958681280
2875 0.002271739130435
2876 0.002197605180807
2877 0.002187337069864
2878 0.002338592338429
2879 0.002314714310524
2880 0.002387152777778
2881 0.002393103523082
2882 0.002430224236641
2883 0.002509321886923
2884 0.002554503294036
2885 0.002403325389948
2886 0.002499945859321
2887 0.002508551264288
2888 0.002353488573407
2889 0.002218814901350
2890 0.002201827422145
2891 0.002313213420962
2892 0.002477200034578
2893 0.002531703681300
2894 0.002574021682792
2895 0.002614961139896
2896 0.002578988259669
2897 0.002649562046945
2898 0.002578556331953
2899 0.002721843739220
2900 0.002658943965517
2901 0.002573196742503
2902 0.002561541609235
2903 0.002634666724079
2904 0.002717157369146
2905 0.002647644148021
2906 0.002523066500344
2907 0.002354231166151
2908 0.002409839236589
2909 0.002528521399106
2910 0.002463219501718
2911 0.002568382858124
2912 0.002425309065934
2913 0.002559914606934
2914 0.002725259522992
2915 0.002588979416810
2916 0.002419302983539
2917 0.002398386612958
2918 0.002279761394791
2919 0.002416816546763
2920 0.002391909246575
2921 0.002387078483396
2922 0.002498556211499
2923 0.002394799863154
2924 0.002343215629275
2925 0.002183493589744
2926 0.002353629101162
2927 0.002522313802528
2928 0.002614839480874
2929 0.002471246585866
2930 0.002529063566553
2931 0.002457565677243
2932 0.002523341575716
2933 0.002566431554722
2934 0.002682717706203
2935 0.002542057069847
2936 0.002410805517711
2937 0.002469835291113
2938 0.002474312882914
2939 0.002434926845866
2940 0.002277317176871
2941 0.002182240309419
2942 0.002245230710401
2943 0.002136956337071
2944 0.002122961956522
2945 0.002043983446520
2946 0.001995555414121
2947 0.001988250763488
2948 0.001947824796472
2949 0.002054457019329
2950 0.002064353813559
2951 0.001988203151474
2952 0.002090743563686
2953 0.002213056637318
2954 0.002111808141503
2955 0.002136209813875
2956 0.002212132104195
2957 0.002181000591816
2958 0.002138004986477
2959 0.002093718316999
2960 0.001974239864865
2961 0.001959061550152
2962 0.001805420746118
2963 0.001861500168748
2964 0.001715903340081
2965 0.001548008010118
2966 0.001452661412677
2967 0.001440322716549
2968 0.001437205188679
2969 0.001285418070057
2970 0.001416508838384
2971 0.001504123190845
2972 0.001474701379542
2973 0.001507053060881
2974 0.001359438046402
2975 0.001378676470588
2976 0.001491095430108
2977 0.001539143852872
2978 0.001617329163868
2979 0.001736111111111
2980 0.001822042785235
2981 0.001717911355250
2982 0.001853569332663
2983 0.001904018605431
2984 0.001796037198391
2985 0.001707757537688
2986 0.001733349380442
2987 0.001883160361567
2988 0.001749184236948
2989 0.001844000920040
2990 0.001926996237458
2991 0.002008630056837
2992 0.002015792112299
2993 0.002126054543936
2994 0.002099250584502
2995 0.001945951585977
2996 0.001927048564753
2997 0.001886000583917
2998 0.001916642344897
2999 0.002029322274091
3000 0.002151041666667
3001 0.002125593552149
3002 0.002046812541639
3003 0.001925158175158
3004 0.002020743175766
3005 0.002177360648918
3006 0.002155844560878
3007 0.002299322414366
3008 0.002202460106383
3009 0.002042050930542
3010 0.001911596760797
3011 0.001821446363334
3012 0.001698933432935
3013 0.001720409475606
3014 0.001647260700066
3015 0.001489946102819
3016 0.001507584549072
3017 0.001544632499171
3018 0.001694261514248
3019 0.001635475322955
3020 0.001627173013245
3021 0.001514140599139
3022 0.001389549553276
3023 0.001263748759510
3024 0.001395089285714
3025 0.001297778925620
3026 0.001395458113020
3027 0.001367897258011
3028 0.001473229029062
3029 0.001556567761637
3030 0.001710757013201
3031 0.001616112669086
3032 0.001530549142480
3033 0.001629214061985
3034 0.001675026779829
3035 0.001678336079077
3036 0.001567131916996
3037 0.001516453325650
3038 0.001618817890059
3039 0.001555301908523
3040 0.001583059210526
3041 0.001547856379480
3042 0.001542211127548
3043 0.001576363785738
3044 0.001578412450723
3045 0.001722855090312
3046 0.001773586260670
3047 0.001740954217263
3048 0.001881356627297
3049 0.002040884306330
3050 0.001983862704918
3051 0.002048508685677
3052 0.002163028342071
3053 0.002173835162136
3054 0.002173123362803
3055 0.002171133387889
3056 0.002096285994764
3057 0.002122434167484
3058 0.002014439584696
3059 0.002109553775744
3060 0.002009293300654
3061 0.001887404034629
3062 0.001835758899412
3063 0.001864491511590
3064 0.001902129569191
3065 0.001795727977161
3066 0.001637159572733
3067 0.001762716009129
3068 0.001774873696219
3069 0.001846845470837
3070 0.001744452361564
3071 0.001803667372191
3072 0.001953125000000
3073 0.002040198909860
3074 0.002156443152245
3075 0.002311991869919
3076 0.002435691644994
3077 0.002375233587910
3078 0.002222171458739
3079 0.002311525657681
3080 0.002247362012987
3081 0.002202257789679
3082 0.002267450113563
3083 0.002128608498216
3084 0.002039255025940
3085 0.002171545786062
3086 0.002292358635774
3087 0.002411827826369
3088 0.002459115932642
3089 0.002606274279702
3090 0.002620600728155
3091 0.002512334196053
3092 0.002534261804657
3093 0.002534705383123
3094 0.002604587508080
3095 0.002753937802908
3096 0.002912023578811
3097 0.002927480222796
3098 0.002891230229180
3099 0.002813407550823
3100 0.002946068548387
3101 0.002815372057401
3102 0.002834612749839
3103 0.002691447792459
3104 0.002637725515464
3105 0.002522393317230
3106 0.002436061252415
3107 0.002388759253299
3108 0.002310066763192
3109 0.002370888951431
3110 0.002339981913183
3111 0.002227479106397
3112 0.002284503534704
3113 0.002360313604240
3114 0.002224078757225
3115 0.002207062600321
3116 0.002238948170732
3117 0.002169303416747
3118 0.002088428078897
3119 0.002006352196217
3120 0.001852964743590
3121 0.001798552146748
3122 0.001933105781550
3123 0.001946245597182
3124 0.002088168213828
3125 0.002208750000000
3126 0.002078085012796
3127 0.002026203229933
3128 0.001983096227621
3129 0.002118538271013
3130 0.002202725638978
3131 0.002245688278505
3132 0.002177622126437
3133 0.002168199409512
3134 0.002307105536056
3135 0.002285187400319
3136 0.002351721938776
3137 0.002357198358304
3138 0.002391302182919
3139 0.002463961452692
3140 0.002505473726115
3141 0.002366632839860
3142 0.002455392663908
3143 0.002463311326758
3144 0.002320888994911
3145 0.002197187996820
3146 0.002181589717101
3147 0.002283921194789
3148 0.002434581480305
3149 0.002484667751667
3150 0.002523561507937
3151 0.002561190891780
3152 0.002528156725888
3153 0.002593016571519
3154 0.002527792089410
3155 0.002659469096672
3156 0.002601691223067
3157 0.002522915346848
3158 0.002512220946802
3159 0.002579435739158
3160 0.002655261075949
3161 0.002591397105346
3162 0.002476923228969
3163 0.002321767309516
3164 0.002372886378003
3165 0.002481980647709
3166 0.002421973704991
3167 0.002518649352700
3168 0.002387152777778
3169 0.002510896576207
3170 0.002662904179811
3171 0.002537645853043
3172 0.002381679539723
3173 0.002362462574850
3174 0.002253416430372
3175 0.002379429133858
3176 0.002356541246851
3177 0.002352110875039
3178 0.002454619650724
3179 0.002359232463039
3180 0.002311812106918
3181 0.002164954023892
3182 0.002321407526713
3183 0.002476535501100
3184 0.002561636306533
3185 0.002429601648352
3186 0.002482786016949
3187 0.002417045811108
3188 0.002477552540778
3189 0.002517197789276
3190 0.002624167319749
3191 0.002494809620809
3192 0.002374099310777
3193 0.002428407845287
3194 0.002432539527239
3195 0.002396322378717
3196 0.002251349342929
3197 0.002163893884892
3198 0.002221847639149
3199 0.002122245232885
3200 0.002109375000000
3201 0.002036717041550
3202 0.001992163101187
3203 0.001985443334374
3204 0.001948248283396
3205 0.002046363104524
3206 0.002055472161572
3207 0.001985403024634
3208 0.002079761533666
3209 0.002192320426924
3210 0.002099153037383
3211 0.002121613204609
3212 0.002191488947696
3213 0.002162844304388
3214 0.002123279013690
3215 0.002082523328149
3216 0.001972559079602
3217 0.001958589135841
3218 0.001817170991299
3219 0.001868786890339
3220 0.001734763198758
3221 0.001580206069544
3222 0.001492425124146
3223 0.001481054142104
3224 0.001478171526055
3225 0.001338420542636
3226 0.001459092141971
3227 0.001539742795166
3228 0.001512643277571
3229 0.001542418318365
3230 0.001406491873065
3231 0.001424191426803
3232 0.001527691831683
3233 0.001571924296319
3234 0.001643910405071
3235 0.001753284389490
3236 0.001832412700865
3237 0.001736513361137
3238 0.001861440318098
3239 0.001907899814758
3240 0.001808449074074
3241 0.001727138614625
3242 0.001750703655151
3243 0.001888683317916
3244 0.001765278205919
3245 0.001852609784284
3246 0.001929056916205
3247 0.002004253926702
3248 0.002010852832512
3249 0.002112428824254
3250 0.002087740384615
3251 0.001946516456475
3252 0.001929101322263
3253 0.001891283046419
3254 0.001919512523049
3255 0.002023329493088
3256 0.002135480651106
3257 0.002112037534541
3258 0.002039450966851
3259 0.001927355016876
3260 0.002015433282209
3261 0.002159757359706
3262 0.002139935239117
3263 0.002272161354582
3264 0.002182904411765
3265 0.002035078483920
3266 0.001914851883037
3267 0.001831764615856
3268 0.001718845624235
3269 0.001738633756500
3270 0.001671206039755
3271 0.001526196117395
3272 0.001542443459658
3273 0.001576583027803
3274 0.001714502519853
3275 0.001660305343511
3276 0.001652644230769
3277 0.001548434162344
3278 0.001433562766931
3279 0.001317570143336
3280 0.001438643292683
3281 0.001348912298080
3282 0.001438956809872
3283 0.001413531830643
3284 0.001510638702801
3285 0.001587471461187
3286 0.001729638998783
3287 0.001642360054761
3288 0.001563450425791
3289 0.001654425737306
3290 0.001696666033435
3291 0.001699711333941
3292 0.001597148390036
3293 0.001550400470695
3294 0.001644799256223
3295 0.001586210166920
3296 0.001611802184466
3297 0.001579324006673
3298 0.001574107413584
3299 0.001605600181873
3300 0.001607481060606
3301 0.001740713041503
3302 0.001787505678377
3303 0.001757398577051
3304 0.001886917372881
3305 0.002034086611195
3306 0.001981482531760
3307 0.002041124886604
3308 0.002146784310762
3309 0.002156759972801
3310 0.002156108383686
3311 0.002154277408638
3312 0.002085220410628
3313 0.002109351418654
3314 0.002009703153289
3315 0.002097473604827
3316 0.002004957026538
3317 0.001892476258667
3318 0.001844814270645
3319 0.001871327960229
3320 0.001906061746988
3321 0.001807860960554
3322 0.001661508503913
3323 0.001777384893169
3324 0.001788601835138
3325 0.001855028195489
3326 0.001760513755262
3327 0.001815167568380
3328 0.001953125000000
3329 0.002033502928807
3330 0.002140812687688
3331 0.002284411588112
3332 0.002398615696279
3333 0.002342812406241
3334 0.002201512822436
3335 0.002284014242879
3336 0.002224782673861
3337 0.002183145415043
3338 0.002243343693829
3339 0.002115154237796
3340 0.002032653443114
3341 0.002154809563005
3342 0.002266373055057
3343 0.002376701316183
3344 0.002420379784689
3345 0.002556287369208
3346 0.002569532650926
3347 0.002469562294592
3348 0.002489826015532
3349 0.002490248954912
3350 0.002554804104478
3351 0.002692759623993
3352 0.002838790274463
3353 0.002853088651953
3354 0.002819627683363
3355 0.002747764530551
3356 0.002870325536353
3357 0.002749618334823
3358 0.002767411777844
3359 0.002635177880322
3360 0.002585565476190
3361 0.002479033397798
3362 0.002399287998215
3363 0.002355597680642
3364 0.002282903537455
3365 0.002339106612184
3366 0.002310559640523
3367 0.002206619394119
3368 0.002259315617577
3369 0.002329372588305
3370 0.002203495919881
3371 0.002187778107387
3372 0.002217248665480
3373 0.002152896160688
3374 0.002078162048014
3375 0.002002314814815
3376 0.001860559834123
3377 0.001810269840095
3378 0.001934622927768
3379 0.001946766794910
3380 0.002077940088757
3381 0.002189394779651
3382 0.002068626182732
3383 0.002020673219036
3384 0.001980828900709
3385 0.002106028434269
3386 0.002183854474306
3387 0.002223575435489
3388 0.002160658943329
3389 0.002151953009737
3390 0.002280374262537
3391 0.002260118696550
3392 0.002321639150943
3393 0.002326711243737
3394 0.002358251694166
3395 0.002425441826215
3396 0.002463836130742
3397 0.002335470635855
3398 0.002417552604473
3399 0.002424885995881
3400 0.002293198529412
3401 0.002178816892091
3402 0.002164397780717
3403 0.002259036144578
3404 0.002398373237368
3405 0.002444704478708
3406 0.002480686655901
3407 0.002515501174053
3408 0.002484961854460
3409 0.002544963699032
3410 0.002484649926686
3411 0.002606457050718
3412 0.002553029747948
3413 0.002480176897158
3414 0.002470296939074
3415 0.002532485358712
3416 0.002602641978923
3417 0.002543578065555
3418 0.002437691998245
3419 0.002294164960515
3420 0.002341465643275
3421 0.002442405363929
3422 0.002386899108708
3423 0.002476354805726
3424 0.002354702102804
3425 0.002469206204380
3426 0.002609867556918
3427 0.002493981616574
3428 0.002349675466744
3429 0.002331902522601
3430 0.002231004008746
3431 0.002347620955990
3432 0.002326449592075
3433 0.002322358360035
3434 0.002417233910891
3435 0.002328966521106
3436 0.002285088038417
3437 0.002149176243817
3438 0.002293984511344
3439 0.002437572695551
3440 0.002516351744186
3441 0.002394153225806
3442 0.002443392286461
3443 0.002382551553877
3444 0.002438570702671
3445 0.002475281204644
3446 0.002574316236216
3447 0.002454580069626
3448 0.002342843677494
3449 0.002393130255146
3450 0.002396965579710
3451 0.002363445378151
3452 0.002229233053302
3453 0.002148267810599
3454 0.002201930732484
3455 0.002109714182344
3456 0.002097800925926
3457 0.002030526829621
3458 0.001989273062464
3459 0.001983051459960
3460 0.001948609104046
3461 0.002039466555909
3462 0.002047904029463
3463 0.001983016892867
3464 0.002070402713626
3465 0.002174648268398
3466 0.002088367354299
3467 0.002109172194981
3468 0.002173893454441
3469 0.002147367757279
3470 0.002110725864553
3471 0.002072979688850
3472 0.001971126152074
3473 0.001958186366254
3474 0.001827189478987
3475 0.001875000000000
3476 0.001750845080552
3477 0.001607662855910
3478 0.001526335178263
3479 0.001515791175625
3480 0.001513110632184
3481 0.001383627190463
3482 0.001495413914417
3483 0.001570126327878
3484 0.001545009328358
3485 0.001572587876614
3486 0.001446634753299
3487 0.001463023372527
3488 0.001558916284404
3489 0.001599894310691
3490 0.001666592048711
3491 0.001767938985964
3492 0.001841262170676
3493 0.001752388705983
3494 0.001868157913566
3495 0.001911212446352
3496 0.001819043192220
3497 0.001743682084644
3498 0.001765517795883
3499 0.001893398113747
3500 0.001779017857143
3501 0.001859959654384
3502 0.001930816319246
3503 0.002000517413645
3504 0.002006635273973
3505 0.002100793509272
3506 0.002077911081004
3507 0.001946998859424
3508 0.001930854475485
3509 0.001895794742092
3510 0.001921964031339
3511 0.002018210623754
3512 0.002122188211845
3513 0.002100457230288
3514 0.002033161994878
3515 0.001929231863442
3516 0.002010896615472
3517 0.002144716733011
3518 0.002126341316089
3519 0.002248952117079
3520 0.002166193181818
3521 0.002029119923317
3522 0.001917633801817
3523 0.001840583309679
3524 0.001735864784336
3525 0.001754210992908
3526 0.001691674347703
3527 0.001557183867309
3528 0.001572243480726
3529 0.001603898058940
3530 0.001731807719547
3531 0.001681534975927
3532 0.001674423131370
3533 0.001577757925276
3534 0.001471199419921
3535 0.001363596181047
3536 0.001475890837104
3537 0.001392643836585
3538 0.001476160613341
3539 0.001452564283696
3540 0.001542637711864
3541 0.001613906735385
3542 0.001745791572558
3543 0.001664814422806
3544 0.001591598476298
3545 0.001675996121298
3546 0.001715180837563
3547 0.001718001127714
3548 0.001622833286359
3549 0.001579450197239
3550 0.001667033450704
3551 0.001612661926218
3552 0.001636402027027
3553 0.001606257036307
3554 0.001601408624086
3555 0.001630625879044
3556 0.001632364313836
3557 0.001756000491988
3558 0.001799422077010
3559 0.001771477240798
3560 0.001891678370787
3561 0.002028266287560
3562 0.001979444483436
3563 0.002034802133034
3564 0.002132873877666
3565 0.002142137096774
3566 0.002141536385306
3567 0.002139840902719
3568 0.002075742713004
3569 0.002098145488933
3570 0.002005646008403
3571 0.002087125455055
3572 0.002001242301232
3573 0.001896821648475
3574 0.001852572397874
3575 0.001877185314685
3576 0.001909430928412
3577 0.001818257268661
3578 0.001682373183343
3579 0.001789955294775
3580 0.001800366620112
3581 0.001862040980173
3582 0.001774279383026
3583 0.001825024420876
3584 0.001953125000000
3585 0.002027763249651
3586 0.002127413901283
3587 0.002260768051296
3588 0.002366830406912
3589 0.002315016369462
3590 0.002183800487465
3591 0.002260425368978
3592 0.002205421770601
3593 0.002166756540495
3594 0.002222671466333
3595 0.002103616133519
3596 0.002026991796441
3597 0.002140455587990
3598 0.002244085255698
3599 0.002346571964435
3600 0.002387152777778
3601 0.002513407733963
3602 0.002525723556358
3603 0.002432868442964
3604 0.002451702968923
3605 0.002452106449376
3606 0.002512089226290
3607 0.002640265456058
3608 0.002775949279379
3609 0.002789250831255
3610 0.002758180401662
3611 0.002691428967045
3612 0.002805319075305
3613 0.002693182604484
3614 0.002709731253459
3615 0.002586877593361
3616 0.002540790929204
3617 0.002441811238596
3618 0.002367718698176
3619 0.002327127659574
3620 0.002259582182320
3621 0.002311818213201
3622 0.002285296452236
3623 0.002188707562793
3624 0.002237686258278
3625 0.002302801724138
3626 0.002185819429123
3627 0.002171215880893
3628 0.002198611493936
3629 0.002138803733811
3630 0.002069344008264
3631 0.001998846736436
3632 0.001867084251101
3633 0.001820336154693
3634 0.001935926320859
3635 0.001947214580468
3636 0.002069152227723
3637 0.002172764297498
3638 0.002060498556899
3639 0.002015921269580
3640 0.001978880494506
3641 0.002095277739632
3642 0.002167636257551
3643 0.002204570409004
3644 0.002146079171240
3645 0.002137988683128
3646 0.002257396804717
3647 0.002238569372087
3648 0.002295778508772
3649 0.002300501849822
3650 0.002329837328767
3651 0.002392324020816
3652 0.002428036007667
3653 0.002308676088147
3654 0.002385014709907
3655 0.002391843365253
3656 0.002269385940919
3657 0.002163017842494
3658 0.002149612151449
3659 0.002237633233124
3660 0.002367230191257
3661 0.002410330169353
3662 0.002443806321682
3663 0.002476197788698
3664 0.002447802947598
3665 0.002503623806276
3666 0.002447533074195
3667 0.002560846741205
3668 0.002511160714286
3669 0.002443402493868
3670 0.002434221730245
3671 0.002492083219831
3672 0.002557359749455
3673 0.002502424789001
3674 0.002403927939575
3675 0.002270408163265
3676 0.002314421245919
3677 0.002408340698939
3678 0.002356707109842
3679 0.002439946316934
3680 0.002326766304348
3681 0.002433314656343
3682 0.002564205934275
3683 0.002456387455878
3684 0.002322119299674
3685 0.002305588534600
3686 0.002211704761259
3687 0.002320229861676
3688 0.002300535520607
3689 0.002296735226349
3690 0.002385035569106
3691 0.002302898943376
3692 0.002262070016251
3693 0.002135585905768
3694 0.002270362412019
3695 0.002404008795670
3696 0.002477340367965
3697 0.002363614078983
3698 0.002409452744727
3699 0.002352831846445
3700 0.002404983108108
3701 0.002439163401783
3702 0.002531359737979
3703 0.002419912908453
3704 0.002315908477322
3705 0.002362727732794
3706 0.002366306327577
3707 0.002335109252765
3708 0.002210170577131
3709 0.002134798800216
3710 0.002184762466307
3711 0.002098912018324
3712 0.002087823275862
3713 0.002025190210073
3714 0.001986781435110
3715 0.001980989232840
3716 0.001948920209903
3717 0.002033519975787
3718 0.002041378093061
3719 0.001980959263243
3720 0.002062331989247
3721 0.002159407753292
3722 0.002079065354648
3723 0.002098442116573
3724 0.002158717105263
3725 0.002134018456376
3726 0.002099897678476
3727 0.002064747115643
3728 0.001969890021459
3729 0.001957838897828
3730 0.001835832774799
3731 0.001880360493165
3732 0.001764720659164
3733 0.001631353803911
3734 0.001555595540975
3735 0.001545766398929
3736 0.001543261509636
3737 0.001422640152529
3738 0.001526760634029
3739 0.001596349291254
3740 0.001572944518717
3741 0.001598628374766
3742 0.001481285074826
3743 0.001496543547956
3744 0.001585870726496
3745 0.001624040387183
3746 0.001686173585157
3747 0.001780591139578
3748 0.001848902748132
3749 0.001766095958922
3750 0.001873958333333
3751 0.001914072913890
3752 0.001828191631130
3753 0.001757968625100
3754 0.001778311467768
3755 0.001897470039947
3756 0.001790884584665
3757 0.001866307891935
3758 0.001932336016498
3759 0.001997289837723
3760 0.002002992021277
3761 0.002090742156341
3762 0.002069419524189
3763 0.001947415625830
3764 0.001932369155154
3765 0.001899692895086
3766 0.001924082249071
3767 0.002013787496682
3768 0.002110701963907
3769 0.002090450053064
3770 0.002027727122016
3771 0.001930853884911
3772 0.002006975742312
3773 0.002131717134906
3774 0.002114591613673
3775 0.002228890728477
3776 0.002151747881356
3777 0.002023969089224
3778 0.001920038710958
3779 0.001848207197671
3780 0.001750578703704
3781 0.001767678854800
3782 0.001709371694870
3783 0.001583977663230
3784 0.001598011363636
3785 0.001627518163804
3786 0.001746772649234
3787 0.001699894375495
3788 0.001693258315734
3789 0.001603119226709
3790 0.001503751649077
3791 0.001403406093379
3792 0.001508109177215
3793 0.001430472251516
3794 0.001508343766473
3795 0.001486330698287
3796 0.001570320732350
3797 0.001636777390045
3798 0.001759766653502
3799 0.001684242563833
3800 0.001615953947368
3801 0.001694660944488
3802 0.001731202327722
3803 0.001733828556403
3804 0.001645061119874
3805 0.001604590998686
3806 0.001686276602733
3807 0.001635556212241
3808 0.001657694327731
3809 0.001629569768968
3810 0.001625041010499
3811 0.001652289425348
3812 0.001653905430220
3813 0.001769235182271
3814 0.001809738791295
3815 0.001783666448231
3816 0.001895800576520
3817 0.002023226683259
3818 0.001977679740702
3819 0.002029327048966
3820 0.002120827879581
3821 0.002129473632557
3822 0.002128916470434
3823 0.002127337823699
3824 0.002067533995816
3825 0.002088439542484
3826 0.002002131795609
3827 0.002078161745493
3828 0.001998024425287
3829 0.001900585988509
3830 0.001859293407311
3831 0.001882259853824
3832 0.001912349947808
3833 0.001827264870858
3834 0.001700451551904
3835 0.001800847457627
3836 0.001810561131387
3837 0.001868117995830
3838 0.001786208637311
3839 0.001833566684032
3840 0.001953125000000
3841 0.002022788661807
3842 0.002115800689745
3843 0.002240274525111
3844 0.002339278746098
3845 0.002290921651495
3846 0.002168446112845
3847 0.002239975955290
3848 0.002188636954262
3849 0.002152547739673
3850 0.002204748376623
3851 0.002093612048818
3852 0.002022082684320
3853 0.002128009018946
3854 0.002224758367929
3855 0.002320444228275
3856 0.002358337655602
3857 0.002476220184081
3858 0.002487728421462
3859 0.002401043016325
3860 0.002418636658031
3861 0.002419021950272
3862 0.002475037221647
3863 0.002594728837691
3864 0.002721435041408
3865 0.002733869663648
3866 0.002704870990688
3867 0.002642552366175
3868 0.002748917399173
3869 0.002644215236495
3870 0.002659681847545
3871 0.002544965771119
3872 0.002501936983471
3873 0.002409509746966
3874 0.002340321695922
3875 0.002302419354839
3876 0.002239341460268
3877 0.002288133543977
3878 0.002263368682310
3879 0.002173159963908
3880 0.002218911082474
3881 0.002279736214893
3882 0.002170474304482
3883 0.002156837496781
3884 0.002182431127703
3885 0.002126568532819
3886 0.002061687789501
3887 0.001995835477232
3888 0.001872749485597
3889 0.001829077204937
3890 0.001937058161954
3891 0.001947603443845
3892 0.002061520426516
3893 0.002158321024917
3894 0.002053439586543
3895 0.002011793966624
3896 0.001977188141684
3897 0.002085939504747
3898 0.002153548293997
3899 0.002188061041293
3900 0.002133413461538
3901 0.002125857152012
3902 0.002237434328549
3903 0.002219846912631
3904 0.002273309426229
3905 0.002277728873239
3906 0.002305147529442
3907 0.002363546199130
3908 0.002396926177073
3909 0.002285391084676
3910 0.002356737531969
3911 0.002363126438251
3912 0.002248689928425
3913 0.002149286033734
3914 0.002136760666837
3915 0.002219029374202
3916 0.002340158963228
3917 0.002380449004340
3918 0.002411745469627
3919 0.002442029216637
3920 0.002415497448980
3921 0.002467682032645
3922 0.002415261664967
3923 0.002521189140964
3924 0.002474754714577
3925 0.002411425159236
3926 0.002402851184412
3927 0.002456948688566
3928 0.002517979887984
3929 0.002466634321710
3930 0.002374562659033
3931 0.002249745611804
3932 0.002290898397762
3933 0.002378710589880
3934 0.002330444522115
3935 0.002408275095299
3936 0.002302464430894
3937 0.002402090741681
3938 0.002524481018283
3939 0.002423679867987
3940 0.002298144035533
3941 0.002282693161634
3942 0.002194912163876
3943 0.002296395511032
3944 0.002277985547667
3945 0.002274437579214
3946 0.002357015015205
3947 0.002280212819863
3948 0.002242037107396
3949 0.002123757596860
3950 0.002249802215190
3951 0.002374794355859
3952 0.002443383097166
3953 0.002337030419934
3954 0.002379908004552
3955 0.002326959544880
3956 0.002375742542973
3957 0.002407718915845
3958 0.002493960017686
3959 0.002389729098257
3960 0.002292455808081
3961 0.002336255049230
3962 0.002339609098940
3963 0.002310434014635
3964 0.002193570257316
3965 0.002123069041614
3966 0.002169810577408
3967 0.002089504033275
3968 0.002079133064516
3969 0.002020542013102
3970 0.001984611146096
3971 0.001979192898514
3972 0.001949191213494
3973 0.002028339730682
3974 0.002035692941621
3975 0.001979166666667
3976 0.002055300553320
3977 0.002146129306010
3978 0.002070960595777
3979 0.002089092736869
3980 0.002145493090452
3981 0.002122386021100
3982 0.002090461765444
3983 0.002057572809440
3984 0.001968812751004
3985 0.001957536072773
3986 0.001843365842950
3987 0.001885032605969
3988 0.001776814819458
3989 0.001652003948358
3990 0.001581101190476
3991 0.001571896141318
3992 0.001569545340681
3993 0.001456650701227
3994 0.001554088945919
3995 0.001619211514393
3996 0.001597300425425
3997 0.001621333187391
3998 0.001511497936468
3999 0.001525772068017
4000 0.001609375000000
4001 0.001645096538365
4002 0.001703249937531
4003 0.001791625031227
4004 0.001855566308691
4005 0.001778050873908
4006 0.001879017411383
4007 0.001916567881208
4008 0.001836171407186
4009 0.001770430593664
4010 0.001789471633416
4011 0.001901022188980
4012 0.001801236914257
4013 0.001871846187391
4014 0.001933661870952
4015 0.001994473848070
4016 0.001999813247012
4017 0.002081971931790
4018 0.002062010017422
4019 0.001947779298333
4020 0.001933690920398
4021 0.001903094690376
4022 0.001925930818001
4023 0.002009927293065
4024 0.002100677186879
4025 0.002081715838509
4026 0.002022983420268
4027 0.001932269679662
4028 0.002003553252234
4029 0.002120369508563
4030 0.002104334677419
4031 0.002211377449764
4032 0.002139136904762
4033 0.002019472167121
4034 0.001922138386217
4035 0.001854863692689
4036 0.001763426040634
4037 0.001779438630171
4038 0.001724825099059
4039 0.001607374969052
4040 0.001620513613861
4041 0.001648145570403
4042 0.001759841971796
4043 0.001715928765768
4044 0.001709708827893
4045 0.001625270395550
4046 0.001532184565002
4047 0.001438179515691
4048 0.001536252470356
4049 0.001463517226476
4050 0.001536458333333
4051 0.001515829424833
4052 0.001594505799605
4053 0.001656758882309
4054 0.001771976751357
4055 0.001701217632552
4056 0.001637234960552
4057 0.001710970236628
4058 0.001745202378019
4059 0.001747659522050
4060 0.001664485837438
4061 0.001626562115243
4062 0.001703094226982
4063 0.001655565468865
4064 0.001676304133858
4065 0.001649946186962
4066 0.001645697552878
4067 0.001671225719203
4068 0.001672735373648
4069 0.001780804558860
4070 0.001818757678133
4071 0.001794322647998
4072 0.001899404469548
4073 0.002018820586791
4074 0.001976136782032
4075 0.002024539877301
4076 0.002110295019627
4077 0.002118400478293
4078 0.002117881007847
4079 0.002116404143172
4080 0.002060355392157
4081 0.002079951298701
4082 0.001999058365997
4083 0.002070322067107
4084 0.001995209965720
4085 0.001903878518972
4086 0.001865172234459
4087 0.001886698678737
4088 0.001914903375734
4089 0.001835144595256
4090 0.001716266809291
4091 0.001810376436079
4092 0.001819480083089
4093 0.001873434827755
4094 0.001796646006351
4095 0.001841040903541
4096 0.001953125000000
