1 0.248905364924914
2 0.070641870390290
3 0.129322634973881
4 0.158758024045393
5 0.176336660229767
6 0.150706759160653
7 0.155926055044576
8 0.074343538096675
9 0.062899532113320
10 0.002360600723972
11 0.024556288008115
12 0.006281330536369
13 0.008954334974126
14 0.025486103277036
15 0.009527238291728
16 0.006786343543079
17 0.020649177186844
18 0.019250430816583
19 0.030861298432765
20 0.026040269309123
21 0.008834520546331
22 0.011638403421093
23 0.021859568526535
24 0.031289844142304
25 0.030834836874959
26 0.025012980964921
27 0.017448148671647
28 0.024725141710555
29 0.000412010791975
30 0.015308192786281
31 0.006761708019573
32 0.027333138566619
33 0.043679327394212
34 0.035526382449848
35 0.027857622913728
36 0.020367064684417
37 0.019339832183622
38 0.012787205751571
39 0.008145481513323
40 0.008744065769937
41 0.021156540601364
42 0.014700574450941
43 0.008786659889139
44 0.012001916408280
45 0.015800519465450
46 0.011874316689024
47 0.019252783576514
48 0.013710983881223
49 0.026049680942841
50 0.021384717976851
51 0.016063450542544
52 0.011040142268192
53 0.006144135187789
54 0.008421018195926
55 0.004802473834053
56 0.005354577593036
57 0.002527472246307
58 0.001131855354033
59 0.003504996419557
60 0.007604885881984
61 0.011573439090626
62 0.009946118336328
63 0.013667576627580
64 0.016450545701306
65 0.013905282920609
66 0.017479771755094
67 0.013806807947376
68 0.008919847982230
69 0.009663789133431
70 0.009783737481591
71 0.013160756950618
72 0.016338499945255
73 0.019539323680827
74 0.021233169152062
75 0.024281806616908
76 0.016650077611468
77 0.018716593116627
78 0.018585796910674
79 0.012495774112983
80 0.015464539001514
81 0.011634272655933
82 0.014427022306628
83 0.012735482757830
84 0.015559988128667
85 0.018318102719835
86 0.018534422751389
87 0.019432240804323
88 0.019666869672654
89 0.020933803785340
90 0.021013345249279
91 0.017125433208559
92 0.019072660128264
93 0.016645282902936
94 0.019127740942238
95 0.011878360358813
96 0.013703078983605
97 0.007471023194195
98 0.007911980264742
99 0.003974462029568
100 0.000140536483358
101 0.002336083016400
102 0.001666834212159
103 0.003811084628011
104 0.006169528335549
105 0.008490713563506
106 0.002340392827647
107 0.002239847897274
108 0.003813771485608
109 0.004465747563018
110 0.006540858063405
111 0.002962645302205
112 0.004586535886844
113 0.006320183203907
114 0.008415756237805
115 0.008811730918723
116 0.010820417398592
117 0.012791247599028
118 0.013644197483976
119 0.015609591469566
120 0.012212240119820
121 0.008171587076411
122 0.010142451166244
123 0.011273645108513
124 0.007576626071527
125 0.009211903176064
126 0.005484802251082
127 0.007395661001614
128 0.008863946996196
129 0.008278099776440
130 0.004015268134367
131 0.005872577784826
132 0.005294520637365
133 0.006262891166303
134 0.006988620555800
135 0.001603133867834
136 0.003261692987569
137 0.000305705817415
138 0.000901758496410
139 0.004067590549323
140 0.007274849190530
141 0.009340873019133
142 0.007527697343116
143 0.005727310283553
144 0.009901133674553
145 0.013164217501534
146 0.013379447688126
147 0.011614101457433
148 0.009850579816794
149 0.010251354267627
150 0.008534912378850
151 0.007627603931937
152 0.005937844123677
153 0.010106690723176
154 0.008703472152846
155 0.008688613511338
156 0.007831431915923
157 0.007074506069464
158 0.006918234279781
159 0.005311335371787
160 0.003719178907780
161 0.004205855981032
162 0.007778988164094
163 0.006518303005716
164 0.004979874440947
165 0.003523043661374
166 0.002939885976001
167 0.002031675575999
168 0.004259977509244
169 0.003807093601215
170 0.006250850246574
171 0.005058920489800
172 0.003582240806719
173 0.002247220907108
174 0.000820513327290
175 0.000175877266502
176 0.001179314989597
177 0.002009613687395
178 0.000616523514473
179 0.000782656624683
180 0.002167127682815
181 0.003536207605808
182 0.002967159944780
183 0.004266312018281
184 0.003379553983918
185 0.000095209359097
186 0.001995802822372
187 0.005063020409918
188 0.004367547357463
189 0.003305083347758
190 0.001973974808271
191 0.000654750394209
192 0.000025943481980
193 0.001320829919785
194 0.002490905358551
195 0.001250048537412
196 0.002519127858483
197 0.003438025347776
198 0.002937548692613
199 0.002764870331464
200 0.002378753046160
201 0.003329653297418
202 0.004335585875933
203 0.005532849890438
204 0.002871104338917
205 0.000182847176837
206 0.000652616335449
207 0.001305600610787
208 0.000113147339655
209 0.000674185526554
210 0.001720099147334
211 0.001681651487024
212 0.001055133895582
213 0.000115530969317
214 0.000917225811456
215 0.001245184653500
216 0.002219613792334
217 0.001670792208534
218 0.002186151815800
219 0.001995310294730
220 0.002833093977548
221 0.003950799913336
222 0.004683244408599
223 0.004000650090714
224 0.001635620184425
225 0.002737518154388
226 0.001617561231731
227 0.000769784451332
228 0.001378999023673
229 0.002069715193795
230 0.001097595807629
231 0.000197169659732
232 0.000600293184808
233 0.000978823001746
234 0.000897795532413
235 0.000101864747836
236 0.001148086325093
237 0.001826795703293
238 0.001805565668446
239 0.001891736113140
240 0.000272822218267
241 0.001210894951312
242 0.001342874699160
243 0.002315096573692
244 0.003263675719822
245 0.003344175834843
246 0.003297657155093
247 0.004199454614227
248 0.005084635119963
249 0.005981999486383
250 0.004567662765011
251 0.005395795142925
252 0.002928487141087
253 0.000031040751595
254 0.000041578092032
255 0.000856109717447
256 0.000163153071246
257 0.000784965011732
258 0.000430763929137
259 0.000423054469008
260 0.000163895988767
261 0.000200212115992
262 0.000351935138874
263 0.001297944684861
264 0.002212638118105
265 0.002874056097615
266 0.003141846861811
267 0.003759570059234
268 0.003033698749919
269 0.003788867545437
270 0.003395660655405
271 0.001905072821627
272 0.002040940056280
273 0.002407831142204
274 0.003310014189440
275 0.003523571263804
276 0.004415796300134
277 0.003554058378544
278 0.004439275989101
279 0.005292250887809
280 0.003818720295544
281 0.004629596917294
282 0.005434646863600
283 0.003267393417331
284 0.002231368796642
285 0.003093109369164
286 0.003921677133618
287 0.004461378880929
288 0.003929503488183
289 0.003033188366234
290 0.001661934590608
291 0.000313388907223
292 0.001338610146053
293 0.000480809090964
294 0.001775917242948
295 0.000940431655849
296 0.003317767941000
297 0.003299254131521
298 0.004723123244517
299 0.003879774534759
300 0.003046771757745
301 0.004443062461868
302 0.006550130151876
303 0.007279343404413
304 0.006433030576898
305 0.006984435558716
306 0.006144920823313
307 0.005845457293517
308 0.005213046308909
309 0.004419845841346
310 0.005805384060955
311 0.004997005758106
312 0.005070186881913
313 0.004369829073082
314 0.003660790426961
315 0.003003879213205
316 0.002355004912967
317 0.002011387326658
318 0.003265422312211
319 0.003173893824063
320 0.002431448156702
321 0.001655563586927
322 0.000876362162975
323 0.002030165126938
324 0.002144696922337
325 0.003349481881422
326 0.002871556788350
327 0.002135203315647
328 0.001640275200392
329 0.001364642241115
330 0.003197813219398
331 0.005170228941876
332 0.005432375172427
333 0.004669819629024
334 0.004001789619590
335 0.003259829872902
336 0.002808686890011
337 0.002134917751868
338 0.003860682714312
339 0.003128132156136
340 0.003539254663561
341 0.004087029702233
342 0.004950742819053
343 0.006989333738578
344 0.006274307967858
345 0.005606724591991
346 0.004868288612034
347 0.004259255011892
348 0.003547813008569
349 0.005368247915717
350 0.004921878551708
351 0.005918292682480
352 0.006413437866256
353 0.005819670942521
354 0.005176400942310
355 0.005062342569178
356 0.004530699522131
357 0.003929413500166
358 0.003307878932305
359 0.005168244225708
360 0.004590542341553
361 0.004656009470441
362 0.003983768466261
363 0.003284270874471
364 0.002621062487709
365 0.002458926326465
366 0.001770160194737
367 0.003305773193083
368 0.004280063208534
369 0.004333146422321
370 0.004124659179175
371 0.003440783342314
372 0.004489871048369
373 0.003971610437856
374 0.003297003193282
375 0.003156690222027
376 0.002602312040960
377 0.002117725832594
378 0.001464026228053
379 0.002692116059831
380 0.003066888330707
381 0.002402672787529
382 0.002922422882070
383 0.002284587771944
384 0.001673433610458
385 0.001050329092550
386 0.001347303693457
387 0.003095090011747
388 0.002450605203809
389 0.002046128667779
390 0.001469253730078
391 0.001199743909629
392 0.001964155594210
393 0.001424141871034
394 0.000810974892031
395 0.001239029420639
396 0.002994674465322
397 0.002535524186568
398 0.003070622138325
399 0.003076860189053
400 0.002494112761490
401 0.002387843557444
402 0.001760013368403
403 0.003382825624197
404 0.003694387659947
405 0.003194076284209
406 0.003021952435367
407 0.002403192466587
408 0.001884554620966
409 0.001315369558812
410 0.000976226513424
411 0.000366346239770
412 0.000290995944555
413 0.000315008969645
414 0.000587085157512
415 0.001080717766015
416 0.001619811880270
417 0.002132650480718
418 0.002720282303576
419 0.003140822605246
420 0.002371711426013
421 0.002026795860544
422 0.002611251286092
423 0.001647679592697
424 0.001074011733611
425 0.001235788830561
426 0.000947261844950
427 0.001292382918919
428 0.001708636147432
429 0.000970935257579
430 0.000965155661211
431 0.000236863698990
432 0.000266489784628
433 0.000630726302545
434 0.000080772542407
435 0.000563506123552
436 0.000038507255224
437 0.000508946673533
438 0.001031415119305
439 0.001509969340014
440 0.000294667987716
441 0.000521844019191
442 0.000044918153211
443 0.000600221088086
444 0.001161902802585
445 0.001198489121014
446 0.001689824981194
447 0.002204128123129
448 0.002415321378556
449 0.001545927598647
450 0.002098045112331
451 0.001945528322740
452 0.000812300341891
453 0.001361936917861
454 0.001909196270971
455 0.000885223269099
456 0.001137245468802
457 0.000014161148108
458 0.000559551577356
459 0.000434041693256
460 0.000812148232469
461 0.001329819532940
462 0.000246173258823
463 0.000293194802062
464 0.000800501932672
465 0.000189817953851
466 0.000121945745288
467 0.000360001620170
468 0.001568965484710
469 0.001033450085980
470 0.001002232638645
471 0.000469423314199
472 0.000019254333169
473 0.000519804346543
474 0.000774790248062
475 0.001122787806742
476 0.000283357671624
477 0.000240044727643
478 0.000388368998729
479 0.000030607971258
480 0.000191096223245
481 0.000727562597515
482 0.001741347691841
483 0.003083388950729
484 0.003368849405139
485 0.002849978668781
486 0.002388955399333
487 0.002292677572099
488 0.001810637970637
489 0.001677027936850
490 0.002233010100375
491 0.001719300141154
492 0.001464884244420
493 0.001256229536578
494 0.000884791085617
495 0.000552202271972
496 0.000516891990695
497 0.000527539536002
498 0.001383016163158
499 0.002865629758038
500 0.004282182545665
501 0.004878892654899
502 0.005829975598445
503 0.005708594391447
504 0.005717620419382
505 0.005398740384461
506 0.005111450944497
507 0.004611463816005
508 0.004300879268220
509 0.003852761324958
510 0.004390663921721
511 0.004601120738104
512 0.004110386302391
513 0.004460978409017
514 0.004846641068077
515 0.005212564486677
516 0.004725043648915
517 0.005674819497178
518 0.005181662493142
519 0.005770307194007
520 0.006783079526925
521 0.006870846037671
522 0.006666309888589
523 0.006986684366017
524 0.006540450468924
525 0.006093874517903
526 0.006389943198260
527 0.007299437719046
528 0.008599169476899
529 0.008463532515011
530 0.008037068506197
531 0.007854265711963
532 0.007784766499158
533 0.007707366576410
534 0.007236412994163
535 0.007000823646654
536 0.006521554609674
537 0.007687106200997
538 0.008059150653139
539 0.009289450383037
540 0.009009063310365
541 0.008788995673297
542 0.008505011829292
543 0.008423457792216
544 0.008400071615860
545 0.007936462482207
546 0.007988095466288
547 0.007516973962200
548 0.007047069006501
549 0.007556403318544
550 0.007097862442473
551 0.006657986893444
552 0.007863162226031
553 0.007687627411223
554 0.007222593040301
555 0.006775679841593
556 0.006313856566299
557 0.006897735656799
558 0.007612261184104
559 0.007189189915420
560 0.008316403587085
561 0.008338235462639
562 0.007879742148741
563 0.007451061578090
564 0.008073861751510
565 0.007620624706886
566 0.008120385376482
567 0.007793165728329
568 0.007731660473101
569 0.007310868217024
570 0.007356875124294
571 0.006912129351587
572 0.006464647182820
573 0.006674379581259
574 0.006588058151512
575 0.006156275327568
576 0.006884350905699
577 0.006469984209635
578 0.006078150161054
579 0.005712037578922
580 0.006396751584561
581 0.006860584252198
582 0.007076867416732
583 0.007496566977882
584 0.007082304088584
585 0.006722741493568
586 0.006685787451395
587 0.006561502394024
588 0.006237468338024
589 0.005879644334798
590 0.005556126181979
591 0.006143809557440
592 0.005779144971440
593 0.005481254779613
594 0.005870779076894
595 0.005507820686691
596 0.005097291429885
597 0.004734317058134
598 0.004314154203105
599 0.004500622203470
600 0.005322960396556
601 0.004917792441297
602 0.004541550662880
603 0.004564290940736
604 0.004169644705702
605 0.004698781556538
606 0.004278488487827
607 0.004416379401349
608 0.004079811828428
609 0.003669616473479
610 0.003254755138558
611 0.003944367425588
612 0.003662573345277
613 0.003261058098690
614 0.002848583559594
615 0.002500664009403
616 0.002092263468197
617 0.002173493066631
618 0.002561988518894
619 0.002568662757848
620 0.002301090457755
621 0.003428450657473
622 0.003021075673080
623 0.003066226231648
624 0.003064553402301
625 0.002707239758646
626 0.002425352775414
627 0.002036502283621
628 0.001664892948759
629 0.002383572237336
630 0.003451970890345
631 0.003709373963267
632 0.003308039240996
633 0.003077746952386
634 0.004086074007516
635 0.005063114518259
636 0.005080880124955
637 0.004811144698548
638 0.005624213940045
639 0.005290222270923
640 0.005606062041424
641 0.006663585258120
642 0.007067977914077
643 0.007332256415682
644 0.007080425540269
645 0.006833503961164
646 0.006628836215547
647 0.007384158626842
648 0.007060736585330
649 0.006724361151493
650 0.006329892695292
651 0.005936161413952
652 0.005821458482379
653 0.005954830806786
654 0.006719066400855
655 0.006327378011553
656 0.006242275190073
657 0.006622548830325
658 0.006308429438457
659 0.005990408297587
660 0.006072999671022
661 0.007064901338285
662 0.006677651600307
663 0.006991142090221
664 0.007089673748024
665 0.006851799603056
666 0.006563102171567
667 0.006289830148882
668 0.005962788832714
669 0.005727016367685
670 0.005486898757383
671 0.005108308590314
672 0.005175656538679
673 0.006199854882236
674 0.007117735922538
675 0.006801502001531
676 0.006445066085481
677 0.006532667495771
678 0.006168187433747
679 0.005791050410538
680 0.005985772968120
681 0.005680031622358
682 0.005319407964667
683 0.004968762051680
684 0.005267850021030
685 0.005004122272055
686 0.004917802641199
687 0.005849909185167
688 0.005492267410573
689 0.005175277008266
690 0.006000835154613
691 0.006747012524977
692 0.006527903294437
693 0.007391892070431
694 0.007366379540508
695 0.007048681097467
696 0.007464397863442
697 0.007562314101039
698 0.007195448996933
699 0.007352684629882
700 0.007168706947607
701 0.006834967977346
702 0.006473070082894
703 0.006122491037522
704 0.007127197179099
705 0.007138067856897
706 0.007500002687291
707 0.007303795768269
708 0.007207011771248
709 0.006844319056912
710 0.006482778233225
711 0.006805606571427
712 0.007477936770496
713 0.007118454903088
714 0.006928307751980
715 0.006602664278933
716 0.006247419666820
717 0.006563815698278
718 0.006206489303656
719 0.005931077691093
720 0.006175986847107
721 0.005823922872739
722 0.005471846119744
723 0.005120318741116
724 0.005195461543954
725 0.004911104992895
726 0.004736814242914
727 0.004496800751146
728 0.004317333178552
729 0.004199153681742
730 0.004475428978032
731 0.004127458213912
732 0.004591257285059
733 0.005014228163939
734 0.004959460101843
735 0.004626019524291
736 0.004625190188085
737 0.005287149126132
738 0.005678513838358
739 0.006411576104486
740 0.006091940757109
741 0.006745897894212
742 0.006670332273029
743 0.006843437287741
744 0.006502139584020
745 0.006245625666295
746 0.006032398404987
747 0.005689650943482
748 0.005360477605562
749 0.005023855742125
750 0.004693032591559
751 0.004745272761564
752 0.004409193280975
753 0.004272857332677
754 0.004915242765441
755 0.004647454792792
756 0.004310886637936
757 0.004508894961408
758 0.004548530078731
759 0.004216787744075
760 0.003909362095607
761 0.003634507158675
762 0.003395572644980
763 0.003231567950041
764 0.002902066405611
765 0.002572150919377
766 0.002244859325837
767 0.001916297871479
768 0.002457578264344
769 0.002148587132029
770 0.001821453291832
771 0.001846388850541
772 0.001533108008239
773 0.001207709904422
774 0.001391668565531
775 0.001563308350459
776 0.001586360144682
777 0.001263222570730
778 0.001383031435609
779 0.001060484294323
780 0.001711850469391
781 0.001421163170206
782 0.001612384322519
783 0.002411171475189
784 0.002137327397929
785 0.001883166137267
786 0.002165545084191
787 0.001990813302512
788 0.001747835775282
789 0.001895808874994
790 0.001633413494789
791 0.001315301691690
792 0.001368151402481
793 0.002113542898503
794 0.002836552810940
795 0.002519535357431
796 0.002286213233979
797 0.002260050959268
798 0.002142708339859
799 0.002164786002143
800 0.002853972697001
801 0.003745702680247
802 0.004348559980785
803 0.004156746355942
804 0.003840650010217
805 0.003532740796410
806 0.004241042355104
807 0.004368296364963
808 0.004078038474178
809 0.003818055500061
810 0.003507629287536
811 0.003574265181785
812 0.003272913834579
813 0.003005835987307
814 0.002699820413100
815 0.002520539720377
816 0.002280368305357
817 0.002837231081748
818 0.003193757968427
819 0.002899706646069
820 0.003122609009747
821 0.002814486152538
822 0.002534908713501
823 0.003183832082589
824 0.002896337194538
825 0.002744992811482
826 0.002465561605669
827 0.003197994795041
828 0.003033558521074
829 0.002898073889427
830 0.003483064151503
831 0.003219355035863
832 0.002944286594387
833 0.002719955610764
834 0.002683951586568
835 0.002466169235599
836 0.002164535640010
837 0.001873252103678
838 0.001592193544995
839 0.001293103217953
840 0.000995778662897
841 0.000992867847326
842 0.000718301423983
843 0.001474842021543
844 0.001208741735351
845 0.000956332148108
846 0.000661085692302
847 0.001339958095659
848 0.001046002455951
849 0.001038095292780
850 0.001624934434878
851 0.001333207623720
852 0.001100422956000
853 0.001725974562603
854 0.002039895505340
855 0.002091337626939
856 0.002583991321840
857 0.003415742713002
858 0.003974830096528
859 0.003692701484431
860 0.004191755860787
861 0.003936666110091
862 0.003775913054474
863 0.004466986272466
864 0.004191285879328
865 0.003897749319741
866 0.003647603913971
867 0.003456235605038
868 0.003182216024892
869 0.002900296326912
870 0.003398360317579
871 0.003136500201980
872 0.002944413217563
873 0.002664284603282
874 0.002375195500375
875 0.003164786825678
876 0.003246477184536
877 0.002962080616992
878 0.002689425218003
879 0.002957366698977
880 0.002934757565806
881 0.003376918278110
882 0.003375588949760
883 0.003696843979865
884 0.003532410513759
885 0.003246148307374
886 0.003735036974762
887 0.003449123506788
888 0.003238411469333
889 0.003342654218162
890 0.003058000072673
891 0.002777685991886
892 0.002494404720789
893 0.002263401889301
894 0.002236907717550
895 0.002670449966128
896 0.002396122813834
897 0.003169927634684
898 0.002888001333783
899 0.003468364275577
900 0.003187748327406
901 0.002911131714045
902 0.002931079448099
903 0.003548461454543
904 0.003362596362258
905 0.003128006232118
906 0.002922405357081
907 0.002706418269760
908 0.002712137508468
909 0.003387550984149
910 0.003111552617729
911 0.003091360132262
912 0.002885143314261
913 0.002608835378455
914 0.002346777074490
915 0.002075313967348
916 0.002189302464153
917 0.001927461314695
918 0.001666917188105
919 0.001862332119006
920 0.001856302017449
921 0.001738173908021
922 0.001465147653715
923 0.001664514531423
924 0.001411851963111
925 0.001140464812642
926 0.001382221216420
927 0.001188391175448
928 0.000917734328801
929 0.001716195009704
930 0.001608750568901
931 0.001410965754138
932 0.001381974528828
933 0.002130069217766
934 0.002681688352458
935 0.002411485153491
936 0.002192111237980
937 0.001946750953604
938 0.002696111361162
939 0.003250418867109
940 0.003174668108848
941 0.003787847827343
942 0.003976095666023
943 0.003755200476750
944 0.003524514851633
945 0.004137266944451
946 0.003887400760074
947 0.003675267693636
948 0.003610369925780
949 0.003520122260402
950 0.003256566223955
951 0.003210668975661
952 0.003353153331052
953 0.003108195437895
954 0.003394355378495
955 0.003709842316201
956 0.003744130208095
957 0.004064753904632
958 0.004059935388135
959 0.003882985965732
960 0.003715346747243
961 0.004379594065454
962 0.005015751545722
963 0.004775898237395
964 0.004579196763776
965 0.004635204252413
966 0.004469627376509
967 0.005052155795445
968 0.004893813123154
969 0.004827935841082
970 0.004565229145168
971 0.004348831390721
972 0.004710126734992
973 0.005030045342483
974 0.004768247034016
975 0.004849651395581
976 0.004612760621372
977 0.004366121529376
978 0.004130454236963
979 0.004481283266851
980 0.004295811784651
981 0.004038363647889
982 0.003906537913386
983 0.003902463230082
984 0.004329514916061
985 0.004449913631780
986 0.004196728321070
987 0.004016177084092
988 0.004469336506660
989 0.004449365189707
990 0.004200174666388
991 0.003954419491549
992 0.003742949050474
993 0.003492516521658
994 0.004010031767638
995 0.004026431041988
996 0.004052075745489
997 0.003797600349898
998 0.003947717115091
999 0.003710691923031
1000 0.003501770410764
1001 0.003312643298198
1002 0.003089523726642
1003 0.002885252388217
1004 0.002754774382435
1005 0.002612628462358
1006 0.003209090838529
1007 0.002968302146115
1008 0.002798492105163
1009 0.002644770553578
1010 0.002425130478873
1011 0.002399164979643
1012 0.002217797944248
1013 0.002080897467778
1014 0.001935577844910
1015 0.001969004641748
1016 0.001775690729840
1017 0.001950190837851
1018 0.001703046440529
1019 0.001835123218104
1020 0.002525417732094
1021 0.002301626696298
1022 0.002054757885043
1023 0.001909404898874
1024 0.002525563655025
1025 0.002462777861220
1026 0.002217029815153
1027 0.002859384179169
1028 0.002640387405918
1029 0.002667708821069
1030 0.002428208755926
1031 0.002317566469992
1032 0.002074626505472
1033 0.001838564844089
1034 0.001595076007024
1035 0.001850885266026
1036 0.001635550623089
1037 0.001412234792086
1038 0.001536111925262
1039 0.001855670487694
1040 0.001678978949893
1041 0.001460460375561
1042 0.001235237195483
1043 0.001787553688186
1044 0.001548171375486
1045 0.001394295759200
1046 0.001236360609279
1047 0.001157599158013
1048 0.001822144575621
1049 0.001586993204006
1050 0.001349916653723
1051 0.001182124423962
1052 0.001566803268160
1053 0.001611846027030
1054 0.001483031158511
1055 0.001672795175302
1056 0.001445112016423
1057 0.001221465431956
1058 0.001495333215204
1059 0.001261149524812
1060 0.001024297381112
1061 0.001687182274548
1062 0.001986197876547
1063 0.002288315668260
1064 0.002622920316113
1065 0.002403027125533
1066 0.002166279372577
1067 0.002673578744878
1068 0.003037138634818
1069 0.003072297002646
1070 0.003015751798372
1071 0.003401967282547
1072 0.004089244029532
1073 0.004123241225257
1074 0.003887318637980
1075 0.003707255608423
1076 0.003472301318151
1077 0.003573673730985
1078 0.003522158173959
1079 0.004126565402343
1080 0.004224723673863
1081 0.004222994149849
1082 0.004660404469492
1083 0.004457698563801
1084 0.004222961845554
1085 0.003994444171812
1086 0.003763537691901
1087 0.003530084734538
1088 0.004016770269695
1089 0.004039905647273
1090 0.004586162150339
1091 0.004375730024328
1092 0.004437356703360
1093 0.004208701304861
1094 0.004837942716081
1095 0.004618851173796
1096 0.004386534704637
1097 0.004421449699224
1098 0.004189999887603
1099 0.003958744157685
1100 0.004576764655098
1101 0.004436032897153
1102 0.004338043665378
1103 0.004205166715177
1104 0.004409701180778
1105 0.004717644260230
1106 0.004488611383408
1107 0.005080623949074
1108 0.005635454128445
1109 0.005923714069331
1110 0.005933121019029
1111 0.006390817275345
1112 0.006742446190408
1113 0.006524058781160
1114 0.006314256908246
1115 0.006390981840776
1116 0.006585829046929
1117 0.006426150268342
1118 0.006200327859021
1119 0.005999009579445
1120 0.006580428686072
1121 0.006354610153998
1122 0.006388212942407
1123 0.006614508410063
1124 0.006386568919820
1125 0.006865761576627
1126 0.006652805664931
1127 0.006430459771403
1128 0.006203967152045
1129 0.005978602788678
1130 0.006071647270883
1131 0.005845283364259
1132 0.005619335847816
1133 0.005424066175506
1134 0.005611905922034
1135 0.005689214581653
1136 0.005481002334129
1137 0.006135007225774
1138 0.006408351643999
1139 0.006626560110978
1140 0.006556046053198
1141 0.006331200595071
1142 0.006173052358840
1143 0.006240448390424
1144 0.006176444227124
1145 0.005973244558039
1146 0.006336055937171
1147 0.006396784373462
1148 0.006792015065152
1149 0.006573342816596
1150 0.006619406262961
1151 0.007203184635735
1152 0.007066373181871
1153 0.006862698473402
1154 0.006729261750710
1155 0.006528081559263
1156 0.006492535179484
1157 0.006671255258903
1158 0.006645420983553
1159 0.006520181798503
1160 0.006317228617712
1161 0.006108818849044
1162 0.005890276905086
1163 0.005749097159792
1164 0.005931155073606
1165 0.006386708043969
1166 0.006170338114263
1167 0.006510635157192
1168 0.007048167982703
1169 0.007328308770746
1170 0.007909035995673
1171 0.008249663864193
1172 0.008324358767429
1173 0.008122865516832
1174 0.007975088141857
1175 0.008036479220241
1176 0.007887906429296
1177 0.007882299859007
1178 0.007727226588004
1179 0.007606854911813
1180 0.007571448065008
1181 0.007399073663929
1182 0.007300726945281
1183 0.007569666176843
1184 0.008098725402868
1185 0.007910616460705
1186 0.007760947210440
1187 0.007968234422199
1188 0.007765701347891
1189 0.007866882924761
1190 0.008027714523811
1191 0.007971157355921
1192 0.007760488084075
1193 0.007792092940511
1194 0.007627544084109
1195 0.007437102926894
1196 0.007830028057772
1197 0.007652193833877
1198 0.007440226711392
1199 0.007452823903936
1200 0.007937082690223
1201 0.008007143459566
1202 0.007798080688213
1203 0.007617069561444
1204 0.007846934556451
1205 0.007674944059904
1206 0.007480212781641
1207 0.007398969657719
1208 0.007682071342028
1209 0.007477642638072
1210 0.007265462696447
1211 0.007280568790448
1212 0.007840708560111
1213 0.007789396716717
1214 0.007805842782863
1215 0.007845024141182
1216 0.007706952826458
1217 0.007711586685691
1218 0.007536362393742
1219 0.007693011191938
1220 0.007482662953150
1221 0.007273137605887
1222 0.007261303333309
1223 0.007066725030194
1224 0.007213310031446
1225 0.007168932605137
1226 0.007416854934393
1227 0.007323606864357
1228 0.007120894817288
1229 0.006923749275827
1230 0.007437848771941
1231 0.007275150038240
1232 0.007122971675584
1233 0.007241233247425
1234 0.007368736012004
1235 0.007694253618960
1236 0.007495042780822
1237 0.007287533172868
1238 0.007083930472448
1239 0.006879300641051
1240 0.006688141991880
1241 0.006494714860569
1242 0.007057908903089
1243 0.006851659139343
1244 0.007230828120785
1245 0.007053605455368
1246 0.007596348856317
1247 0.007391233768208
1248 0.007334384021266
1249 0.007138643232346
1250 0.006952808762820
1251 0.006788018610385
1252 0.006651959344001
1253 0.006447149302855
1254 0.006243112408904
1255 0.006234234649928
1256 0.006044487680646
1257 0.005846755214560
1258 0.006063323886282
1259 0.005861718880482
1260 0.005783623612603
1261 0.005580890078244
1262 0.005381016660454
1263 0.005181838571170
1264 0.005231483060363
1265 0.005176777085604
1266 0.004975215998187
1267 0.004874657154706
1268 0.004758144747888
1269 0.004619684370897
1270 0.004424597001877
1271 0.004224935510238
1272 0.004041002074960
1273 0.003949030190116
1274 0.003805807069239
1275 0.003617288419820
1276 0.003421900188943
1277 0.003223468015982
1278 0.003719236868363
1279 0.003617619292447
1280 0.003554897946748
1281 0.003359526576206
1282 0.003871886043360
1283 0.003850658905370
1284 0.003686876676034
1285 0.003796468273594
1286 0.004028833567341
1287 0.003920163928376
1288 0.003740371972752
1289 0.003636002771636
1290 0.003638403954969
1291 0.003441939305334
1292 0.003253824459238
1293 0.003058403933458
1294 0.002901524062395
1295 0.002706562640192
1296 0.002515824026712
1297 0.003021425298163
1298 0.003467109060830
1299 0.003462534474457
1300 0.003268667251097
1301 0.003825393067656
1302 0.003906526311737
1303 0.004134251339433
1304 0.004050631872429
1305 0.003877686550479
1306 0.003738428242515
1307 0.004122302961895
1308 0.003944746289370
1309 0.004041072773257
1310 0.003982489438596
1311 0.003793158538218
1312 0.003640651709312
1313 0.003447991477501
1314 0.003392410912206
1315 0.003480198336198
1316 0.003932878299504
1317 0.004097923829029
1318 0.004000501976236
1319 0.003808222756160
1320 0.004361392625225
1321 0.004168841226880
1322 0.004418984476617
1323 0.004325369323178
1324 0.004155738603419
1325 0.004253613478275
1326 0.004248991292269
1327 0.004084456126740
1328 0.004398600643923
1329 0.004207395015499
1330 0.004033343095639
1331 0.003916675504879
1332 0.003869881275514
1333 0.003704762573579
1334 0.003629128329574
1335 0.003470942279391
1336 0.003364702464737
1337 0.003307242135540
1338 0.003117939107930
1339 0.002952415162464
1340 0.002822143017865
1341 0.002679085034883
1342 0.003195640032780
1343 0.003633322660524
1344 0.003624033459272
1345 0.003848869558265
1346 0.003701804264585
1347 0.003550470474652
1348 0.004004980181771
1349 0.003818174809856
1350 0.004241137356514
1351 0.004062937817864
1352 0.003896687145816
1353 0.004295432001214
1354 0.004211823350545
1355 0.004092942846670
1356 0.003941836698426
1357 0.003793702888998
1358 0.003802673476901
1359 0.003687231763532
1360 0.003810353086938
1361 0.003772101637548
1362 0.004026822070738
1363 0.004000176272902
1364 0.003960977444425
1365 0.003872832545130
1366 0.003692286546416
1367 0.003729789231859
1368 0.003545494656432
1369 0.003517774166950
1370 0.003735349802670
1371 0.003865967520487
1372 0.003681076150947
1373 0.003499067558767
1374 0.003597389256821
1375 0.003793970643155
1376 0.003773445691573
1377 0.004055914080401
1378 0.004389973868655
1379 0.004210263269245
1380 0.004026201482925
1381 0.004338313652364
1382 0.004391651642776
1383 0.004578004263587
1384 0.004424481023527
1385 0.004240991636859
1386 0.004065578751605
1387 0.003886067693910
1388 0.003703226776344
1389 0.003652234437470
1390 0.003764484948695
1391 0.003618219039835
1392 0.003640841245117
1393 0.003604825270942
1394 0.003476559538109
1395 0.003295910434162
1396 0.003249340404814
1397 0.003265966462441
1398 0.003720169804980
1399 0.003719461783480
1400 0.003554347354696
1401 0.003373366653597
1402 0.003197112085978
1403 0.003108865162347
1404 0.003136410814568
1405 0.003572705832347
1406 0.003484386669694
1407 0.003721730257384
1408 0.003547234684897
1409 0.003892759306038
1410 0.003924544035185
1411 0.003744722271277
1412 0.003684556351681
1413 0.003505729371759
1414 0.003478695647172
1415 0.003391329695503
1416 0.003560543773873
1417 0.003402638895175
1418 0.003523601434171
1419 0.003796878615166
1420 0.003620722422178
1421 0.003847348697093
1422 0.004102076808431
1423 0.004064285786498
1424 0.003893772868243
1425 0.003724037072924
1426 0.003991675037040
1427 0.004039603782352
1428 0.004059544775555
1429 0.004057685932950
1430 0.003880109756131
1431 0.003862141798947
1432 0.003686918516754
1433 0.003513737287321
1434 0.003786448085306
1435 0.003641072144550
1436 0.003470898187143
1437 0.003299082540055
1438 0.003166871882409
1439 0.003066317718091
1440 0.003327765652086
1441 0.003260399328173
1442 0.003297826256070
1443 0.003393608884977
1444 0.003505698592545
1445 0.003334244619451
1446 0.003480705955805
1447 0.003306366697965
1448 0.003242203219979
1449 0.003542148991905
1450 0.003475588312476
1451 0.003850773515988
1452 0.003811910768503
1453 0.003915323189077
1454 0.003740708290100
1455 0.003576414462876
1456 0.003406214304018
1457 0.003232391426351
1458 0.003323658240984
1459 0.003172726589267
1460 0.003175399414836
1461 0.003290533710263
1462 0.003202024933841
1463 0.003181326726989
1464 0.003016198754352
1465 0.003501159489821
1466 0.003338818712366
1467 0.003194087666111
1468 0.003283722404864
1469 0.003475734109034
1470 0.003798206283891
1471 0.004013418987321
1472 0.003885969100989
1473 0.003983237876690
1474 0.003879252373771
1475 0.003716148901746
1476 0.003759294809516
1477 0.003612162292139
1478 0.003531076957315
1479 0.003359694266912
1480 0.003203005208920
1481 0.003032111364273
1482 0.002861374447630
1483 0.002948276397672
1484 0.002984857226430
1485 0.003010398851199
1486 0.002840598781263
1487 0.002694379146040
1488 0.002739547757545
1489 0.002586597217975
1490 0.002418646161545
1491 0.002249817537800
1492 0.002184599228341
1493 0.002217315181364
1494 0.002059503570968
1495 0.001893500553506
1496 0.001838764377864
1497 0.001672070845737
1498 0.002031149941605
1499 0.001865545356523
1500 0.001812602311552
1501 0.001682486503923
1502 0.001523707261604
1503 0.001417975789263
1504 0.001250824815429
1505 0.001223836903068
1506 0.001324139690008
1507 0.001295563844273
1508 0.001293355727777
1509 0.001300443917054
1510 0.001320529190014
1511 0.001161883128308
1512 0.001013852372503
1513 0.001066250948016
1514 0.000940391088926
1515 0.000784603778707
1516 0.000697349827777
1517 0.000801762908895
1518 0.000929702963946
1519 0.000925856367877
1520 0.000761847689807
1521 0.000818213931985
1522 0.000655818725661
1523 0.000540044642272
1524 0.000379573465133
1525 0.000220862499316
1526 0.000607545285544
1527 0.000614066758420
1528 0.000489574926365
1529 0.000455414945160
1530 0.000876767312170
1531 0.000934124819683
1532 0.001059500481262
1533 0.001015863257937
1534 0.000943378615043
1535 0.000781388531037
1536 0.001241835613409
1537 0.001509087080683
1538 0.001652869304323
1539 0.001510370274794
1540 0.001752231500297
1541 0.001593617472009
1542 0.001917647382690
1543 0.001833595532906
1544 0.001685141213282
1545 0.001539898596020
1546 0.001577542093585
1547 0.001421305958549
1548 0.001332795458001
1549 0.001284017836948
1550 0.001692394746528
1551 0.002073729110278
1552 0.002299356738872
1553 0.002168787110630
1554 0.002053007821964
1555 0.001954637776686
1556 0.001809353586637
1557 0.001695454182539
1558 0.001908387837074
1559 0.001793908136477
1560 0.001632786901559
1561 0.001701285306534
1562 0.001614816225453
1563 0.001481992545020
1564 0.001326472901287
1565 0.001309521027966
1566 0.001154498847744
1567 0.000996129732514
1568 0.000940751423237
1569 0.001061628529313
1570 0.000915697871349
1571 0.000765688736029
1572 0.000611057605223
1573 0.000790976969335
1574 0.000753383495615
1575 0.000594798066914
1576 0.000457690773167
1577 0.000676177393913
1578 0.000962362304604
1579 0.000804478049345
1580 0.000646261158352
1581 0.000487729029333
1582 0.000441047207736
1583 0.000282944645557
1584 0.000181908932329
1585 0.000025562378875
1586 0.000117457365956
1587 0.000310159493560
1588 0.000329861816028
1589 0.000313373178832
1590 0.000232880295303
1591 0.000109613708593
1592 0.000009018793310
1593 0.000050236587934
1594 0.000369973526077
1595 0.000257652653200
1596 0.000372771792531
1597 0.000224318074053
1598 0.000101230653178
1599 0.000027171416329
1600 0.000047871280922
1601 0.000046344780218
1602 0.000202330926005
1603 0.000356395364633
1604 0.000045257958558
1605 0.000161180294037
1606 0.000015399617048
1607 0.000245760428339
1608 0.000522158423423
1609 0.000366462556257
1610 0.000293783794802
1611 0.000319499809599
1612 0.000407685396747
1613 0.000752459755940
1614 0.000614868758423
1615 0.000869198291964
1616 0.001235474885170
1617 0.001567180140179
1618 0.001416046100433
1619 0.001274991596682
1620 0.001394335110771
1621 0.001334669910286
1622 0.001337945260896
1623 0.001198826067646
1624 0.001079727163260
1625 0.001092017521652
1626 0.001256524217198
1627 0.001105824972328
1628 0.000958405446407
1629 0.000915103177169
1630 0.000786381650166
1631 0.000869170626285
1632 0.001043657440764
1633 0.000889926642406
1634 0.000736427287598
1635 0.000715961665768
1636 0.000577112858054
1637 0.000509699821355
1638 0.000879485487623
1639 0.000763108550922
1640 0.000610241240865
1641 0.000513839528048
1642 0.000386399461603
1643 0.000236123044532
1644 0.000297725488141
1645 0.000468777834396
1646 0.000324151362345
1647 0.000204481882682
1648 0.000111577916218
1649 0.000144723017460
1650 0.000116659192454
1651 0.000255894967559
1652 0.000212661028049
1653 0.000182115907633
1654 0.000191444892123
1655 0.000163192393212
1656 0.000507816621640
1657 0.000363561215639
1658 0.000341974800609
1659 0.000200344856574
1660 0.000077929482404
1661 0.000030758987493
1662 0.000181058072852
1663 0.000249246871743
1664 0.000214573107214
1665 0.000032135790913
1666 0.000077030223841
1667 0.000063849433221
1668 0.000044106650574
1669 0.000032194106946
1670 0.000178829264976
1671 0.000328306188549
1672 0.000349868054866
1673 0.000492800308589
1674 0.000604569412499
1675 0.000738964571877
1676 0.000800800682817
1677 0.000917679233155
1678 0.001062589314550
1679 0.000929859995925
1680 0.000661396520131
1681 0.000801002133593
1682 0.000949135161002
1683 0.001029582307171
1684 0.000981889091801
1685 0.001126651037937
1686 0.001255250286372
1687 0.000921535154038
1688 0.000979331339958
1689 0.000868733196671
1690 0.000741536110188
1691 0.000834212146595
1692 0.000849129558454
1693 0.000871526031914
1694 0.000690078093024
1695 0.000837163093244
1696 0.000559024552373
1697 0.000390965057582
1698 0.000298486628406
1699 0.000400170089525
1700 0.000256072787783
1701 0.000077550369732
1702 0.000179456386196
1703 0.000061393925437
1704 0.000099524466027
1705 0.000227219511308
1706 0.000364171870421
1707 0.000056986853910
1708 0.000201704372767
1709 0.000337506463589
1710 0.000084833917274
1711 0.000190012468660
1712 0.000335925849656
1713 0.000096196908835
1714 0.000188688654056
1715 0.000043991047579
1716 0.000147965796915
1717 0.000002320866858
1718 0.000129164646731
1719 0.000267548334385
1720 0.000082544731515
1721 0.000148007978598
1722 0.000381982116365
1723 0.000236665524634
1724 0.000583274629250
1725 0.000627660585157
1726 0.000868723078762
1727 0.001275812088213
1728 0.001305056985379
1729 0.001251824513345
1730 0.001127397626366
1731 0.001133716175777
1732 0.001043745244855
1733 0.000899439714349
1734 0.000926062543412
1735 0.001103243455133
1736 0.001018936132440
1737 0.000950712300976
1738 0.000867650633613
1739 0.000726237436454
1740 0.000688419425086
1741 0.000588228452940
1742 0.000444661929742
1743 0.000681331267630
1744 0.000684325847146
1745 0.000672551025777
1746 0.000536233278379
1747 0.000412686947518
1748 0.000271627756544
1749 0.000501651203099
1750 0.000499006760487
1751 0.000404464319354
1752 0.000390563726957
1753 0.000519624882576
1754 0.000377660380327
1755 0.000255648242778
1756 0.000162019577239
1757 0.000232157798871
1758 0.000095305924709
1759 0.000041189687085
1760 0.000026974911195
1761 0.000033543956436
1762 0.000066584491063
1763 0.000075162877655
1764 0.000071467887993
1765 0.000208474896566
1766 0.000344639255207
1767 0.000448335360034
1768 0.000050507407167
1769 0.000191679793663
1770 0.000268351809472
1771 0.000312853412480
1772 0.000399407961394
1773 0.000275473930994
1774 0.000406279141682
1775 0.000150647497971
1776 0.000290937332938
1777 0.000408816224158
1778 0.000545516623504
1779 0.000672982268032
1780 0.000330761984195
1781 0.000287548498817
1782 0.000425984236645
1783 0.000288062528138
1784 0.000409712633723
1785 0.000014190439289
1786 0.000112922402280
1787 0.000509698565796
1788 0.000810745408384
1789 0.000692115622799
1790 0.000567105606490
1791 0.000683406003484
1792 0.000757203505389
1793 0.000618574260864
1794 0.000501135937615
1795 0.000569667119596
1796 0.000781896940725
1797 0.000642437730156
1798 0.000595854526838
1799 0.000998001141096
1800 0.000912558231206
1801 0.001144363206206
1802 0.001061898870094
1803 0.000978293026893
1804 0.000839188886244
1805 0.000774138540537
1806 0.000674549590897
1807 0.000584289519580
1808 0.000778039529019
1809 0.000865530710705
1810 0.000885673267112
1811 0.000832900789522
1812 0.000700769523871
1813 0.000742533883314
1814 0.001000566342676
1815 0.001184585199421
1816 0.001216261337359
1817 0.001133798280261
1818 0.001224659787942
1819 0.001117254960231
1820 0.001002660636367
1821 0.001310864780524
1822 0.001172980666412
1823 0.001531167155682
1824 0.001396618497402
1825 0.001395635747120
1826 0.001257994223510
1827 0.001139871590159
1828 0.001543766915195
1829 0.001406243963054
1830 0.001417301042163
1831 0.001533977218404
1832 0.001650103615925
1833 0.001593709324001
1834 0.001699634956520
1835 0.001687058929975
1836 0.002046331198367
1837 0.002047495079035
1838 0.001939601986513
1839 0.001929922288577
1840 0.001859409638569
1841 0.002025636857698
1842 0.001958180852891
1843 0.001832886730529
1844 0.001778739486071
1845 0.001913810302450
1846 0.001802052138787
1847 0.002034162798090
1848 0.002266961116816
1849 0.002132086874969
1850 0.002319835308397
1851 0.002293941137374
1852 0.002172906829364
1853 0.002042173933752
1854 0.002033922055397
1855 0.002114493125560
1856 0.002166644566755
1857 0.002382127792539
1858 0.002247394247346
1859 0.002118743999871
1860 0.002015581736290
1861 0.001904694638186
1862 0.001771034427807
1863 0.001824849926745
1864 0.001689762316374
1865 0.001735860313383
1866 0.001612032103203
1867 0.001850974839119
1868 0.001882393885392
1869 0.001752771155235
1870 0.001625967279163
1871 0.001656472268064
1872 0.001759368994766
1873 0.001678739122738
1874 0.001914484024975
1875 0.001955019579058
1876 0.002150237144127
1877 0.002139167518047
1878 0.002285511170380
1879 0.002161503071523
1880 0.002462056174766
1881 0.002738030795168
1882 0.002651659776162
1883 0.002846213573293
1884 0.002715194363889
1885 0.002801749402458
1886 0.002774576150875
1887 0.002805220985366
1888 0.002899353593683
1889 0.003004923698503
1890 0.002890544532706
1891 0.003008387405796
1892 0.003116858420195
1893 0.002990081463124
1894 0.002856518533157
1895 0.002869993905529
1896 0.002846720450162
1897 0.002765237883188
1898 0.002658617828401
1899 0.002527292747858
1900 0.002453815039751
1901 0.002619213622478
1902 0.002506868530079
1903 0.002769802884881
1904 0.003083077217723
1905 0.003006659043441
1906 0.002884464313096
1907 0.003111007483838
1908 0.003077351563437
1909 0.002949268468712
1910 0.002849357143812
1911 0.002717089781623
1912 0.002671905439381
1913 0.002902874045930
1914 0.003071577948287
1915 0.002950877702624
1916 0.002888896807801
1917 0.003184152303283
1918 0.003367443289112
1919 0.003746531860112
1920 0.003909126538185
1921 0.003780396139643
1922 0.003937031618417
1923 0.003840036363973
1924 0.003753849263188
1925 0.003990157901242
1926 0.003864503095093
1927 0.003735413410628
1928 0.003603808849003
1929 0.003472370138834
1930 0.003603919986590
1931 0.003514152986338
1932 0.003389688349184
1933 0.003456439938501
1934 0.003333847776328
1935 0.003371673848018
1936 0.003267401445812
1937 0.003288977673910
1938 0.003243001435573
1939 0.003403911150266
1940 0.003273328380742
1941 0.003145473922230
1942 0.003048439688522
1943 0.002968825607766
1944 0.002840492012965
1945 0.002713575741372
1946 0.002805085699565
1947 0.002679667808720
1948 0.002996015298401
1949 0.003355076746531
1950 0.003588324039560
1951 0.003587716718423
1952 0.003457856735069
1953 0.003756491438009
1954 0.003717433260587
1955 0.003587966051636
1956 0.003471528675924
1957 0.003357341239574
1958 0.003379406316761
1959 0.003281603479047
1960 0.003159349024666
1961 0.003058034780363
1962 0.002929590899144
1963 0.002801074661558
1964 0.002943213590685
1965 0.002817873630947
1966 0.002738620440426
1967 0.002620249322764
1968 0.002504579757179
1969 0.002422791947533
1970 0.002513618003358
1971 0.002734005053268
1972 0.002606566080306
1973 0.002589934821518
1974 0.002465181180614
1975 0.002665092180523
1976 0.002595783059229
1977 0.002932060251609
1978 0.003089548936487
1979 0.003153122732994
1980 0.003071276862690
1981 0.002956202223164
1982 0.003186525205950
1983 0.003087798501131
1984 0.003026184868293
1985 0.003006649084496
1986 0.002972593793656
1987 0.002921654021362
1988 0.002794480330140
1989 0.002667388141329
1990 0.002546923911932
1991 0.002493572529901
1992 0.002563591001824
1993 0.002439433197293
1994 0.002312858827963
1995 0.002206977068013
1996 0.002080640664607
1997 0.002062446844385
1998 0.002401177023340
1999 0.002577650981916
2000 0.002682650522055
2001 0.002606345557378
2002 0.002938898011363
2003 0.002833475938733
2004 0.002715748792213
2005 0.002607658594229
2006 0.002499981484953
2007 0.002414642331473
2008 0.002306461320318
2009 0.002181263912039
2010 0.002056430409105
2011 0.002304501843244
2012 0.002179123036342
2013 0.002332933674555
2014 0.002207930672177
2015 0.002143219279595
2016 0.002299656289280
2017 0.002252582242196
2018 0.002204322727943
2019 0.002284420781872
2020 0.002175331582274
2021 0.002096840794125
2022 0.001977743570930
2023 0.001900374393632
2024 0.002125910145150
2025 0.002205814228394
2026 0.002140673361913
2027 0.002274238380752
2028 0.002216213138681
2029 0.002283719013423
2030 0.002272267179898
2031 0.002163227819692
2032 0.002039180399071
2033 0.002081785171649
2034 0.002216677046698
2035 0.002185474504963
2036 0.002226877996255
2037 0.002103063022415
2038 0.002036080876619
2039 0.001923736512040
2040 0.002021980925528
2041 0.002180491714288
2042 0.002111116664526
2043 0.001991695232895
2044 0.002130130434042
2045 0.002395011530793
2046 0.002730579654962
2047 0.002613659692345
2048 0.002528010788231
2049 0.002655943873217
2050 0.002550280086999
2051 0.002441677558196
2052 0.002757132119842
2053 0.002666142838289
2054 0.002705536913869
2055 0.003048954778879
2056 0.002946412257402
2057 0.002844883621374
2058 0.002759021574715
2059 0.002657405984175
2060 0.002855455971694
2061 0.002911990631600
2062 0.002799151932745
2063 0.002690352839460
2064 0.002849108392108
2065 0.002860985557596
2066 0.002738619552036
2067 0.002617433467738
2068 0.002495455483495
2069 0.002494389887503
2070 0.002398736396615
2071 0.002319817922794
2072 0.002315223745540
2073 0.002215583878713
2074 0.002101848973365
2075 0.002031282490913
2076 0.002005576084457
2077 0.001884707428564
2078 0.002112031118807
2079 0.002468297768718
2080 0.002346923431060
2081 0.002228090216228
2082 0.002432081729332
2083 0.002310925558048
2084 0.002194434630723
2085 0.002073542085497
2086 0.001962791913921
2087 0.001844142340161
2088 0.001825091055182
2089 0.001728185740468
2090 0.001617373835958
2091 0.001963599636479
2092 0.002197457717184
2093 0.002085601804270
2094 0.002238284765282
2095 0.002513144230786
2096 0.002394339257917
2097 0.002273983747098
2098 0.002459513223433
2099 0.002405098054798
2100 0.002286664998293
2101 0.002278334590617
2102 0.002232603448897
2103 0.002115895453423
2104 0.002034020900607
2105 0.001925535021224
2106 0.001882507988153
2107 0.001772356558873
2108 0.001780630037987
2109 0.001667750298376
2110 0.001561976011387
2111 0.001461003435590
2112 0.001642185363841
2113 0.001523231328659
2114 0.001784188434453
2115 0.001694399178960
2116 0.001575522522700
2117 0.001456916204982
2118 0.001719450318199
2119 0.001607086277646
2120 0.001539183184828
2121 0.001712694794501
2122 0.001626310062158
2123 0.001508721087268
2124 0.001391626189469
2125 0.001342385346025
2126 0.001224279719285
2127 0.001364213716182
2128 0.001246310490615
2129 0.001153478248046
2130 0.001047691124912
2131 0.001298524406150
2132 0.001180921947811
2133 0.001153747483538
2134 0.001040140511806
2135 0.000927619481667
2136 0.000881060622597
2137 0.001108338523130
2138 0.001324031385375
2139 0.001389781736521
2140 0.001278782637209
2141 0.001425675595808
2142 0.001357986277272
2143 0.001316487832148
2144 0.001200988901387
2145 0.001224696534386
2146 0.001111146369092
2147 0.000998656132499
2148 0.000925940922933
2149 0.000832451024258
2150 0.000716939035918
2151 0.000780606007357
2152 0.000664072270476
2153 0.000547698423186
2154 0.000431542343755
2155 0.000501632490393
2156 0.000398802943769
2157 0.000289423238043
2158 0.000175399159063
2159 0.000266648615829
2160 0.000610721351339
2161 0.000523042002016
2162 0.000409896123962
2163 0.000369483970216
2164 0.000374820428397
2165 0.000387497922179
2166 0.000645084808625
2167 0.000536329323843
2168 0.000638090078344
2169 0.000585345178104
2170 0.000593597206533
2171 0.000621918687662
2172 0.000508715712641
2173 0.000479541852426
2174 0.000770011387262
2175 0.000657348221580
2176 0.000550386112395
2177 0.000719702312840
2178 0.000627909794462
2179 0.000518411799102
2180 0.000675174961091
2181 0.000776649867912
2182 0.000661721883418
2183 0.000547285225568
2184 0.000432599674268
2185 0.000323787211059
2186 0.000221460299595
2187 0.000107048666762
2188 0.000002911289330
2189 0.000051063517879
2190 0.000152937393904
2191 0.000043847878787
2192 0.000097933834229
2193 0.000015906858671
2194 0.000112196185200
2195 0.000175758851218
2196 0.000061961135656
2197 0.000041778342921
2198 0.000132937830869
2199 0.000219535589321
2200 0.000320407642958
2201 0.000389292765722
2202 0.000413273631765
2203 0.000500852467984
2204 0.000613939891257
2205 0.000727036440328
2206 0.000812909571713
2207 0.000925476366627
2208 0.001038157734566
2209 0.001132993465324
2210 0.001180453755018
2211 0.000946850818144
2212 0.001041107302855
2213 0.001096092257014
2214 0.000852579970224
2215 0.000897260118468
2216 0.000991566327246
2217 0.001049714008417
2218 0.001135277295590
2219 0.000929322910467
2220 0.000970360664953
2221 0.000766773415316
2222 0.000672916177054
2223 0.000555127094346
2224 0.000522503903259
2225 0.000573031555121
2226 0.000667299061370
2227 0.000779253746371
2228 0.000561929999637
2229 0.000449182263156
2230 0.000372618526552
2231 0.000059120294350
2232 0.000180232354803
2233 0.000076307348752
2234 0.000022919695340
2235 0.000071692018933
2236 0.000069175550004
2237 0.000061668987119
2238 0.000049795613340
2239 0.000120865602887
2240 0.000232061578731
2241 0.000203391993650
2242 0.000289154186661
2243 0.000400059242506
2244 0.000487373710752
2245 0.000538244911737
2246 0.000264807013015
2247 0.000352049569498
2248 0.000434986814719
2249 0.000243476439588
2250 0.000336688733127
2251 0.000447599509408
2252 0.000558355378612
2253 0.000247350140893
2254 0.000354843355638
2255 0.000387072084393
2256 0.000408628857741
2257 0.000390425023892
2258 0.000468956187471
2259 0.000308081295455
2260 0.000394656218179
2261 0.000488569435096
2262 0.000516912573813
2263 0.000623142568496
2264 0.000633171495451
2265 0.000712231785664
2266 0.000522960396588
2267 0.000426726580701
2268 0.000373095635175
2269 0.000319224973717
2270 0.000036787381067
2271 0.000140603831224
2272 0.000023610030687
2273 0.000046550207558
2274 0.000279550105819
2275 0.000488901534361
2276 0.000765698491741
2277 0.000742554640990
2278 0.000944299587889
2279 0.000942965032541
2280 0.000968442835410
2281 0.000901397685501
2282 0.001025605183433
2283 0.001035907962735
2284 0.001067538263956
2285 0.001020681546786
2286 0.000921515198716
2287 0.000834217824167
2288 0.000795191071191
2289 0.000789833292376
2290 0.001095008167522
2291 0.001001626768435
2292 0.001136252082281
2293 0.001123434964300
2294 0.001385455600070
2295 0.001276669715393
2296 0.001253361933858
2297 0.001157893497789
2298 0.001053189148975
2299 0.001065387975247
2300 0.001057083994886
2301 0.000948236434995
2302 0.000850655593211
2303 0.000939873891149
2304 0.001144124029695
2305 0.001042156631954
2306 0.000939769044046
2307 0.000872111902000
2308 0.000779737697975
2309 0.000697269779929
2310 0.000589718746679
2311 0.000481442073862
2312 0.000509098746188
2313 0.000601877295625
2314 0.000493716156518
2315 0.000807432635105
2316 0.000699559017010
2317 0.000944400316429
2318 0.000986223224473
2319 0.001296642295554
2320 0.001337627509243
2321 0.001606925624738
2322 0.001511162457027
2323 0.001554627107516
2324 0.001551082639105
2325 0.001823299219275
2326 0.001717557375159
2327 0.001666616346622
2328 0.001605713912226
2329 0.001788099302553
2330 0.001858094059058
2331 0.002106258087150
2332 0.002329000984387
2333 0.002231358046899
2334 0.002320261628625
2335 0.002318980829517
2336 0.002211290544467
2337 0.002504728251856
2338 0.002602407891139
2339 0.002873519511413
2340 0.002791331595613
2341 0.002687738311332
2342 0.002998522011908
2343 0.002953707723940
2344 0.002867114295649
2345 0.002761258422249
2346 0.002694725381539
2347 0.002618240309626
2348 0.002510866736898
2349 0.002406646510531
2350 0.002331389218651
2351 0.002235998937180
2352 0.002439737155743
2353 0.002398533485348
2354 0.002510412955192
2355 0.002526105023469
2356 0.002422574798540
2357 0.002328580380084
2358 0.002637481400557
2359 0.002532026005938
2360 0.002426068744382
2361 0.002323538884738
2362 0.002416988296223
2363 0.002329228439229
2364 0.002329648672061
2365 0.002330282132830
2366 0.002241633592639
2367 0.002269855523821
2368 0.002269798645597
2369 0.002405136886053
2370 0.002525342093482
2371 0.002467905216932
2372 0.002378891630820
2373 0.002416848212024
2374 0.002310527341746
2375 0.002359509505129
2376 0.002283713267278
2377 0.002240200122215
2378 0.002413478467202
2379 0.002309067092954
2380 0.002229895841491
2381 0.002151952864354
2382 0.002052027250128
2383 0.001951171023468
2384 0.001851151711779
2385 0.001767782404455
2386 0.001696942582418
2387 0.001651994223960
2388 0.001618688198119
2389 0.001539124388656
2390 0.001830767115680
2391 0.002049365992515
2392 0.001984848184602
2393 0.001879622143555
2394 0.001777647134037
2395 0.001955045125815
2396 0.001850356598003
2397 0.002126426518584
2398 0.002063729355485
2399 0.002016884659579
2400 0.001919825814359
2401 0.001915411581170
2402 0.001818271536953
2403 0.001714405099687
2404 0.001613924452765
2405 0.001512496345332
2406 0.001551774009921
2407 0.001451460434567
2408 0.001582668073326
2409 0.001818789854205
2410 0.001862334333749
2411 0.002057954435502
2412 0.002027862203306
2413 0.001985273494752
2414 0.002090969212320
2415 0.002003216799876
2416 0.001899235421303
2417 0.001795015644090
2418 0.001895362212432
2419 0.002173085413432
2420 0.002272793437186
2421 0.002399609472269
2422 0.002464103783747
2423 0.002363390388551
2424 0.002569512605571
2425 0.002469916362021
2426 0.002616393729483
2427 0.002517896565847
2428 0.002719089942541
2429 0.002615055874988
2430 0.002511130224761
2431 0.002702007885813
2432 0.002604376713210
2433 0.002753830035965
2434 0.002898474467541
2435 0.003125841085205
2436 0.003109466116438
2437 0.003009978432494
2438 0.002906960864038
2439 0.002803341304768
2440 0.002724456661710
2441 0.002739640188580
2442 0.002891447992929
2443 0.002993751440643
2444 0.003266409286746
2445 0.003451610373146
2446 0.003472753770776
2447 0.003562841825265
2448 0.003459992789926
2449 0.003618686274190
2450 0.003520510509525
2451 0.003635100843839
2452 0.003536849468044
2453 0.003493156336438
2454 0.003392602177544
2455 0.003300316359560
2456 0.003197233901876
2457 0.003317770773262
2458 0.003218023130511
2459 0.003115455664529
2460 0.003037870662307
2461 0.003050555136184
2462 0.003153211043742
2463 0.003176304205303
2464 0.003124269152816
2465 0.003021593049899
2466 0.002960473955479
2467 0.002858586035392
2468 0.002759296198601
2469 0.002692570833095
2470 0.002590526288941
2471 0.002517233470607
2472 0.002463255185541
2473 0.002361690590099
2474 0.002261195910890
2475 0.002193601726234
2476 0.002485771513879
2477 0.002612472692904
2478 0.002510657594212
2479 0.002641076598301
2480 0.002699097143777
2481 0.002601318930024
2482 0.002658353890950
2483 0.002566040393922
2484 0.002533196685735
2485 0.002810052987844
2486 0.002785159419619
2487 0.002683615081288
2488 0.002742235148651
2489 0.002698790392466
2490 0.002788389346665
2491 0.002713926692629
2492 0.002646643480942
2493 0.002616028155679
2494 0.002539500210871
2495 0.002614629954731
2496 0.002569264536536
2497 0.002673907918562
2498 0.002642114826806
2499 0.002542065583210
2500 0.002567152954505
2501 0.002681569699171
2502 0.002582000605762
2503 0.002800446741688
2504 0.002872210035507
2505 0.002771970344454
2506 0.002964923262257
2507 0.002868444208255
2508 0.002801444451115
2509 0.002700987325927
2510 0.002660201382040
2511 0.002772430841289
2512 0.002733063736211
2513 0.002632664127564
2514 0.002717563937488
2515 0.002657460105525
2516 0.002588579886394
2517 0.002679868315472
2518 0.002714243688408
2519 0.002656493696216
2520 0.002575408404484
2521 0.002540485656497
2522 0.002661489603756
2523 0.002588634094925
2524 0.002671521507590
2525 0.002920049200030
2526 0.003111381145320
2527 0.003056082840689
2528 0.003001659113350
2529 0.002913005277500
2530 0.002975252412240
2531 0.003268712196960
2532 0.003176825085537
2533 0.003080751144797
2534 0.002981733397756
2535 0.002882527846201
2536 0.002782904602813
2537 0.002686052849243
2538 0.002801654569005
2539 0.002806780635888
2540 0.003071732091279
2541 0.003003595185022
2542 0.002911593291871
2543 0.002916614682563
2544 0.002822636936667
2545 0.002831412560575
2546 0.003066203924144
2547 0.002968602304668
2548 0.002874493183390
2549 0.002775469685517
2550 0.002866996338505
2551 0.002837885470801
2552 0.002900870943984
2553 0.002947006302831
2554 0.002986544572432
2555 0.003146115180936
2556 0.003110399873024
2557 0.003160730588270
2558 0.003061837665585
2559 0.002962954404599
2560 0.002864762042792
2561 0.002781301585052
2562 0.002711653467561
2563 0.002637659103349
2564 0.002662758118092
2565 0.002569725185962
2566 0.002520361459380
2567 0.002449534655421
2568 0.002373161964116
2569 0.002275064007937
2570 0.002176920171938
2571 0.002078845982027
2572 0.002266343157337
2573 0.002445367843691
2574 0.002395845067419
2575 0.002427831724715
2576 0.002399057611876
2577 0.002514059968148
2578 0.002509381365383
2579 0.002705253652495
2580 0.002616806632732
2581 0.002526699324570
2582 0.002513192308110
2583 0.002417637030171
2584 0.002320030171992
2585 0.002226995322284
2586 0.002227142163747
2587 0.002450411213191
2588 0.002404600756054
2589 0.002349889414835
2590 0.002497611380328
2591 0.002410559542775
2592 0.002451390313351
2593 0.002521742968829
2594 0.002555575047351
2595 0.002460021179865
2596 0.002536767136636
2597 0.002500641234386
2598 0.002413948899702
2599 0.002331542289346
2600 0.002605901247001
2601 0.002515706223012
2602 0.002504151851021
2603 0.002410365444461
2604 0.002579555165321
2605 0.002496177447660
2606 0.002425794840385
2607 0.002345182321221
2608 0.002324042740343
2609 0.002227885027195
2610 0.002139583325057
2611 0.002085874557321
2612 0.001989938848558
2613 0.001988177797301
2614 0.001895225961276
2615 0.001800046021309
2616 0.001730962282327
2617 0.001686530607262
2618 0.001590437540558
2619 0.001497794093031
2620 0.001424562668514
2621 0.001329478083337
2622 0.001587732343887
2623 0.001701957769994
2624 0.001929294067503
2625 0.001947552992919
2626 0.001855752859467
2627 0.001808243706327
2628 0.001768692823243
2629 0.001678134060512
2630 0.001881704834782
2631 0.001790713690760
2632 0.001738074910413
2633 0.001934576631672
2634 0.002200197507749
2635 0.002165839347750
2636 0.002070290702018
2637 0.002056771422797
2638 0.001962204088021
2639 0.002067659381754
2640 0.001972323532442
2641 0.002024085185124
2642 0.002263600054871
2643 0.002207603104556
2644 0.002117437516647
2645 0.002023646197295
2646 0.002250414871763
2647 0.002161949212073
2648 0.002115619738373
2649 0.002204005530041
2650 0.002124536863988
2651 0.002061132443983
2652 0.002221297435503
2653 0.002146197556560
2654 0.002088529497557
2655 0.001993750225320
2656 0.002164441818099
2657 0.002333559356579
2658 0.002258624970326
2659 0.002215393273155
2660 0.002358236999237
2661 0.002580520275320
2662 0.002505909750020
2663 0.002412624233400
2664 0.002321183911788
2665 0.002316084027150
2666 0.002221454676301
2667 0.002126883856959
2668 0.002032838484313
2669 0.001938409053095
2670 0.001859433827378
2671 0.001868342547235
2672 0.001785538009724
2673 0.001691404627667
2674 0.001612557060472
2675 0.001546301242983
2676 0.001452338879797
2677 0.001377235088525
2678 0.001283771345281
2679 0.001310938898240
2680 0.001459437426447
2681 0.001495426827780
2682 0.001411179711110
2683 0.001356398734907
2684 0.001470341031069
2685 0.001488487454348
2686 0.001405493055073
2687 0.001569274698440
2688 0.001615234480925
2689 0.001523166933391
2690 0.001448209574964
2691 0.001421072730652
2692 0.001402001415035
2693 0.001532977253747
2694 0.001482158665071
2695 0.001410228898704
2696 0.001354064777560
2697 0.001333075369964
2698 0.001239929309855
2699 0.001210643369134
2700 0.001206115839010
2701 0.001139311571125
2702 0.001279328290604
2703 0.001266050441624
2704 0.001412986608436
2705 0.001323597450405
2706 0.001558335082280
2707 0.001834250419173
2708 0.001742228999951
2709 0.001661365181101
2710 0.001721937071019
2711 0.001630518030520
2712 0.001541444111334
2713 0.001567386466543
2714 0.001620491734255
2715 0.001719798662883
2716 0.001627216079472
2717 0.001535526423780
2718 0.001450350695861
2719 0.001362003520569
2720 0.001390236268324
2721 0.001398756595338
2722 0.001425511736149
2723 0.001592699698299
2724 0.001510708145099
2725 0.001437844891819
2726 0.001395969804966
2727 0.001654790157826
2728 0.001563201843721
2729 0.001593754088926
2730 0.001503462529713
2731 0.001456665223711
2732 0.001421106029184
2733 0.001396554507396
2734 0.001534526929316
2735 0.001442632445887
2736 0.001559444475347
2737 0.001468330370239
2738 0.001376491040599
2739 0.001426417470931
2740 0.001487746165535
2741 0.001450630611273
2742 0.001368012676798
2743 0.001354231121365
2744 0.001288771729721
2745 0.001217009971235
2746 0.001125533312847
2747 0.001050159311040
2748 0.000987109118040
2749 0.001200704692892
2750 0.001180800968683
2751 0.001089636829055
2752 0.001178838621799
2753 0.001091280066864
2754 0.001031784173867
2755 0.000940831803054
2756 0.000893516652479
2757 0.001137139049331
2758 0.001207542851526
2759 0.001116563985673
2760 0.001025598400624
2761 0.000934692010532
2762 0.000844133004319
2763 0.000762369672619
2764 0.000899306765314
2765 0.000810167451602
2766 0.000720811240674
2767 0.000868526699963
2768 0.000777994857954
2769 0.000774605693191
2770 0.000706917060573
2771 0.000778540175995
2772 0.000805964299651
2773 0.000719157229901
2774 0.000633012316808
2775 0.000612587507313
2776 0.000569807679061
2777 0.000638563561030
2778 0.000707481129145
2779 0.000860707639665
2780 0.000789801747074
2781 0.000791862644865
2782 0.000961386630536
2783 0.001006956982973
2784 0.001024156240394
2785 0.001227911653096
2786 0.001137990126967
2787 0.001213917389998
2788 0.001148571325510
2789 0.001084407624995
2790 0.001061053509257
2791 0.000971183409877
2792 0.001096894649157
2793 0.001009554145272
2794 0.001159667354241
2795 0.001074949001691
2796 0.000998482644260
2797 0.000908867448654
2798 0.000819195613626
2799 0.000922000620260
2800 0.001085451945090
2801 0.000995810592259
2802 0.000909169675381
2803 0.000823873099271
2804 0.000746717239101
2805 0.000671894612532
2806 0.000639601107651
2807 0.000551327374451
2808 0.000480008896224
2809 0.000412702487455
2810 0.000326420583613
2811 0.000312995839535
2812 0.000435422031947
2813 0.000625936970092
2814 0.000537600694119
2815 0.000448826738947
2816 0.000364071390676
2817 0.000299198917981
2818 0.000210378106121
2819 0.000127025801985
2820 0.000045719988136
2821 0.000038082759587
2822 0.000118337280111
2823 0.000055000178263
2824 0.000073453328153
2825 0.000161801031797
2826 0.000250079999478
2827 0.000245966296474
2828 0.000274640658508
2829 0.000353878415866
2830 0.000441896906367
2831 0.000515760388335
2832 0.000450177212601
2833 0.000416618043300
2834 0.000454899812117
2835 0.000474388232504
2836 0.000562065494112
2837 0.000649966994143
2838 0.000722484303290
2839 0.000769554902389
2840 0.000827519174543
2841 0.000904018860207
2842 0.000645514216643
2843 0.000696909166218
2844 0.000675192162908
2845 0.000735742613941
2846 0.000766835110008
2847 0.000813012714559
2848 0.000859933902964
2849 0.000934958536857
2850 0.000973430986200
2851 0.001056567184286
2852 0.001138659726009
2853 0.001087469001422
2854 0.001069430968177
2855 0.001151028260201
2856 0.001130055693845
2857 0.001171580348017
2858 0.001254416900455
2859 0.001154352576805
2860 0.000965318010425
2861 0.001051328661257
2862 0.000960486367053
2863 0.001047370416550
2864 0.001114241292803
2865 0.001176625774506
2866 0.001105545248704
2867 0.001130999823563
2868 0.001217712015983
2869 0.001121241718822
2870 0.001205165516720
2871 0.001291817449970
2872 0.001378287766738
2873 0.001464605757099
2874 0.001454861987062
2875 0.001443692774903
2876 0.001518791481936
2877 0.001371783947101
2878 0.001326632865404
2879 0.001379057179421
2880 0.001464357947262
2881 0.001351022579536
2882 0.001328721898940
2883 0.001357159166229
2884 0.001340191727670
2885 0.001426369174669
2886 0.001508049930079
2887 0.001475251915367
2888 0.001410893991263
2889 0.001482825481527
2890 0.001543016674661
2891 0.001546840757665
2892 0.001632476726754
2893 0.001718077990072
2894 0.001476653509112
2895 0.001529819828286
2896 0.001375634458921
2897 0.001455400317683
2898 0.001539631025114
2899 0.001623623298658
2900 0.001394457841412
2901 0.001479843387483
2902 0.001501828611376
2903 0.001578697579109
2904 0.001353726982226
2905 0.001405688359037
2906 0.001486154034987
2907 0.001476949675031
2908 0.001562308531766
2909 0.001640292212876
2910 0.001551370870659
2911 0.001300911882871
2912 0.001370246731935
2913 0.001455264209682
2914 0.001476778802498
2915 0.001561727984323
2916 0.001646374885570
2917 0.001571058422322
2918 0.001656183225528
2919 0.001741199723864
2920 0.001620588322584
2921 0.001688847973512
2922 0.001766968410026
2923 0.001634026979352
2924 0.001713817887862
2925 0.001590058531980
2926 0.001422406208033
2927 0.001497738712553
2928 0.001568604705265
2929 0.001616160666488
2930 0.001490800544054
2931 0.001572777371345
2932 0.001631362649388
2933 0.001601893017647
2934 0.001686435344786
2935 0.001766869341950
2936 0.001848531948085
2937 0.001928734183594
2938 0.001771635681981
2939 0.001781907167702
2940 0.001810794773555
2941 0.001845149571332
2942 0.001880949751349
2943 0.001785236194699
2944 0.001862024364075
2945 0.001807386077756
2946 0.001871931855419
2947 0.001900135431858
2948 0.001855051410381
2949 0.001730035976366
2950 0.001794945797214
2951 0.001839585032767
2952 0.001908433155171
2953 0.001904742971381
2954 0.001651576898572
2955 0.001735166778971
2956 0.001613465738703
2957 0.001696107094285
2958 0.001747498179188
2959 0.001807466067760
2960 0.001871564481922
2961 0.001954839512082
2962 0.002037907896094
2963 0.001933657900337
2964 0.001977928861319
2965 0.002031277310735
2966 0.001923559836918
2967 0.001996157033109
2968 0.002061297607468
2969 0.002030066136547
2970 0.002077690163769
2971 0.002152905845527
2972 0.002045483847220
2973 0.001811368407113
2974 0.001794858981947
2975 0.001877832852902
2976 0.001812182748849
2977 0.001864486530190
2978 0.001677307937422
2979 0.001733640997843
2980 0.001809013537159
2981 0.001763423783587
2982 0.001846641598980
2983 0.001699024193325
2984 0.001743665515025
2985 0.001691648047701
2986 0.001488004973802
2987 0.001533379578130
2988 0.001610745864582
2989 0.001537179375061
2990 0.001382317926785
2991 0.001465433147783
2992 0.001545297762028
2993 0.001622454373500
2994 0.001694746664249
2995 0.001656708864773
2996 0.001717915797699
2997 0.001614530295434
2998 0.001639793734082
2999 0.001722328010956
3000 0.001792920356671
3001 0.001868524520391
3002 0.001950604035543
3003 0.002024539627843
3004 0.001992881799215
3005 0.002036843543674
3006 0.002116098289613
3007 0.002188674832032
3008 0.002077281044751
3009 0.002135164173067
3010 0.001902773706439
3011 0.001688309439525
3012 0.001675159698980
3013 0.001544499223443
3014 0.001617282293158
3015 0.001395418809886
3016 0.001453420464428
3017 0.001515612834231
3018 0.001596899364564
3019 0.001494945730317
3020 0.001409653579955
3021 0.001490401653359
3022 0.001498413938638
3023 0.001540789351497
3024 0.001554169132781
3025 0.001629392778677
3026 0.001555936780437
3027 0.001632885510077
3028 0.001545467597010
3029 0.001461849395887
3030 0.001354553638844
3031 0.001394340905708
3032 0.001174853186683
3033 0.001103639102514
3034 0.000914209702726
3035 0.000801686749649
3036 0.000808594644561
3037 0.000872744480418
3038 0.000733977159601
3039 0.000810578764051
3040 0.000874357925256
3041 0.000956276106242
3042 0.001038095090081
3043 0.001117270369084
3044 0.000923494987728
3045 0.000892292914074
3046 0.000913063538075
3047 0.000935261962286
3048 0.000785867540935
3049 0.000550464366510
3050 0.000619998847948
3051 0.000526181269690
3052 0.000503457564191
3053 0.000562443314944
3054 0.000598048610645
3055 0.000578487806421
3056 0.000644786756043
3057 0.000666018477978
3058 0.000703302605434
3059 0.000780092223374
3060 0.000555400759008
3061 0.000578172948180
3062 0.000659607029647
3063 0.000652838000348
3064 0.000620945259858
3065 0.000542238578823
3066 0.000582899164257
3067 0.000503289855932
3068 0.000439235619645
3069 0.000273678897736
3070 0.000328124787380
3071 0.000380963228591
3072 0.000411922457126
3073 0.000485135968869
3074 0.000566304758612
3075 0.000332138458919
3076 0.000142440223980
3077 0.000091476558109
3078 0.000002524482483
3079 0.000056388283748
3080 0.000067812725146
3081 0.000109549215743
3082 0.000190620867032
3083 0.000225983097258
3084 0.000284763506446
3085 0.000189972607347
3086 0.000231525897904
3087 0.000244445961809
3088 0.000121630692456
3089 0.000186173087346
3090 0.000000084034108
3091 0.000042855723333
3092 0.000065085360713
3093 0.000060197411607
3094 0.000032474568768
3095 0.000033062506470
3096 0.000167633718727
3097 0.000229917714541
3098 0.000214717786504
3099 0.000149777259410
3100 0.000285457492723
3101 0.000301894927634
3102 0.000241168319984
3103 0.000283731305099
3104 0.000213641485984
3105 0.000211963350154
3106 0.000131682682682
3107 0.000054535778450
3108 0.000002402274747
3109 0.000080350541603
3110 0.000109982803605
3111 0.000189448066260
3112 0.000024767738652
3113 0.000048840553653
3114 0.000128933667228
3115 0.000002867124418
3116 0.000083096588655
3117 0.000038252042655
3118 0.000105398580520
3119 0.000016466649000
3120 0.000104151956600
3121 0.000024022973293
3122 0.000050569499036
3123 0.000122921081689
3124 0.000068471775299
3125 0.000059069838844
3126 0.000024011774563
3127 0.000053785980130
3128 0.000125512317413
3129 0.000203530514487
3130 0.000180851777269
3131 0.000050506601610
3132 0.000029073775530
3133 0.000084233841722
3134 0.000135824228082
3135 0.000091958147854
3136 0.000309792734122
3137 0.000239076750421
3138 0.000314961755564
3139 0.000440919039563
3140 0.000441943627904
3141 0.000489282414321
3142 0.000496861907990
3143 0.000621727345354
3144 0.000683425635690
3145 0.000611664781037
3146 0.000535557648334
3147 0.000494912180258
3148 0.000556940633540
3149 0.000477505428030
3150 0.000617456240301
3151 0.000537936877230
3152 0.000489475601732
3153 0.000422276393015
3154 0.000647259025638
3155 0.000600494029897
3156 0.000550188116316
3157 0.000527031901339
3158 0.000738052667889
3159 0.000660857194237
3160 0.000667307158777
3161 0.000608935962632
3162 0.000649434158435
3163 0.000760649463117
3164 0.000741319343555
3165 0.000933447036495
3166 0.000858857177978
3167 0.000791405992689
3168 0.000766148334483
3169 0.000691881342644
3170 0.000613062259756
3171 0.000547233754783
3172 0.000558929605411
3173 0.000640670068800
3174 0.000697654990652
3175 0.000813800186234
3176 0.000734829938200
3177 0.000658763279334
3178 0.000580824419621
3179 0.000583064839360
3180 0.000641971615346
3181 0.000563271677008
3182 0.000544359797095
3183 0.000510475746932
3184 0.000465663079260
3185 0.000403834512990
3186 0.000325434212670
3187 0.000351482313427
3188 0.000527036817248
3189 0.000725251176857
3190 0.000682462331290
3191 0.000604608780538
3192 0.000526550854554
3193 0.000542278520451
3194 0.000528735836927
3195 0.000509352343490
3196 0.000434540662068
3197 0.000364048204642
3198 0.000285769360289
3199 0.000212433701454
3200 0.000136448126367
3201 0.000111437432199
3202 0.000132150315176
3203 0.000153290689974
3204 0.000383705393386
3205 0.000305582554424
3206 0.000254683565263
3207 0.000362675047806
3208 0.000482980122235
3209 0.000618154952709
3210 0.000591338718924
3211 0.000521479445801
3212 0.000693697771122
3213 0.000707065208084
3214 0.000631976628099
3215 0.000628335485756
3216 0.000680141134982
3217 0.000617136998322
3218 0.000543328221372
3219 0.000471307388985
3220 0.000393970770798
3221 0.000316393175715
3222 0.000239360837821
3223 0.000208059322167
3224 0.000342497208306
3225 0.000373225959957
3226 0.000511949109761
3227 0.000536006010136
3228 0.000458672414522
3229 0.000381107051747
3230 0.000348282880876
3231 0.000276201658074
3232 0.000278651040243
3233 0.000209917659596
3234 0.000152437635898
3235 0.000326461407468
3236 0.000515477330396
3237 0.000438662289369
3238 0.000642393450489
3239 0.000592704182971
3240 0.000605089080000
3241 0.000659001366444
3242 0.000702844994387
3243 0.000656658655663
3244 0.000847698610735
3245 0.000773298118381
3246 0.000697945614979
3247 0.000621593368098
3248 0.000831999466498
3249 0.000754812391125
3250 0.000802017331591
3251 0.000955027065169
3252 0.000973725994585
3253 0.000900665295463
3254 0.000823631107387
3255 0.000746683314366
3256 0.000793668783294
3257 0.000756670244141
3258 0.000703626208986
3259 0.000627512417614
3260 0.000810096676674
3261 0.000909602600758
3262 0.000927279160213
3263 0.000904792167138
3264 0.000863130482789
3265 0.000787185526373
3266 0.000811194082227
3267 0.000765347971559
3268 0.000699437874905
3269 0.000624210975631
3270 0.000771628561073
3271 0.000697325857399
3272 0.000620712534549
3273 0.000621021550339
3274 0.000545674752503
3275 0.000570554908367
3276 0.000556728032438
3277 0.000629018463013
3278 0.000717025658519
3279 0.000877124760651
3280 0.000842145022073
3281 0.000765747948136
3282 0.000739162639217
3283 0.000676305864561
3284 0.000743610833261
3285 0.000676779738469
3286 0.000612053314135
3287 0.000737867924235
3288 0.000758996647929
3289 0.000819912708516
3290 0.000743676787545
3291 0.000716096033152
3292 0.000668123934016
3293 0.000605411063042
3294 0.000636080228737
3295 0.000561457017691
3296 0.000567281557424
3297 0.000491826848732
3298 0.000429763048028
3299 0.000392324630940
3300 0.000522874339033
3301 0.000446983992163
3302 0.000373688008553
3303 0.000390768353023
3304 0.000315746669475
3305 0.000256144453424
3306 0.000225316326027
3307 0.000219978845629
3308 0.000366498349950
3309 0.000429201080257
3310 0.000358061056421
3311 0.000283102672968
3312 0.000276306703857
3313 0.000434444534143
3314 0.000590757741565
3315 0.000550927812898
3316 0.000532686136688
3317 0.000458170755799
3318 0.000400166432499
3319 0.000325381367561
3320 0.000250609791120
3321 0.000198632591355
3322 0.000388679120780
3323 0.000387278949113
3324 0.000377178108026
3325 0.000302076092144
3326 0.000507203541921
3327 0.000431909387132
3328 0.000398021729864
3329 0.000332067528985
3330 0.000260927600427
3331 0.000218893152514
3332 0.000143863730149
3333 0.000070285477871
3334 0.000000310824194
3335 0.000068656682466
3336 0.000112515163329
3337 0.000306786155823
3338 0.000434725971034
3339 0.000579858001762
3340 0.000736569228738
3341 0.000661875897722
3342 0.000607703632104
3343 0.000707605005571
3344 0.000717412142535
3345 0.000854331534370
3346 0.000781700085394
3347 0.000757517803444
3348 0.000691943801117
3349 0.000621123177953
3350 0.000654426297503
3351 0.000648573348601
3352 0.000576210817689
3353 0.000711207354278
3354 0.000812940736811
3355 0.000746928510826
3356 0.000780969684655
3357 0.000754424473248
3358 0.000681337937411
3359 0.000663575493628
3360 0.000607576569330
3361 0.000634554395296
3362 0.000563742260949
3363 0.000591901381366
3364 0.000568460929986
3365 0.000494003672285
3366 0.000429625575328
3367 0.000355322323226
3368 0.000399706789906
3369 0.000354736120578
3370 0.000281433717881
3371 0.000207822693743
3372 0.000135293302741
3373 0.000198992089907
3374 0.000175187688442
3375 0.000107569687477
3376 0.000240361946526
3377 0.000198687247959
3378 0.000129606724101
3379 0.000248757216751
3380 0.000200664082184
3381 0.000132978329509
3382 0.000063612650749
3383 0.000034677156519
3384 0.000043907579222
3385 0.000014780677376
3386 0.000088587435476
3387 0.000113555249558
3388 0.000124704653229
3389 0.000174280782965
3390 0.000109002966758
3391 0.000062626835899
3392 0.000058375608498
3393 0.000146002911921
3394 0.000075840368000
3395 0.000152985465648
3396 0.000079631830701
3397 0.000015501748437
3398 0.000201857793877
3399 0.000135256118656
3400 0.000092980761652
3401 0.000036191506676
3402 0.000108263472313
3403 0.000034869833373
3404 0.000064275976460
3405 0.000266988277349
3406 0.000360354958841
3407 0.000306693289774
3408 0.000233302391533
3409 0.000365425832188
3410 0.000292004934432
3411 0.000297122225371
3412 0.000228660741030
3413 0.000155363334797
3414 0.000322084985940
3415 0.000254383696912
3416 0.000369795227216
3417 0.000510888398541
3418 0.000481921444635
3419 0.000433607866146
3420 0.000462404574948
3421 0.000489346968156
3422 0.000416149468936
3423 0.000371905643652
3424 0.000505058950329
3425 0.000530611748797
3426 0.000475597659704
3427 0.000436951780876
3428 0.000364072282219
3429 0.000291128531831
3430 0.000401101234179
3431 0.000573457555572
3432 0.000555232939976
3433 0.000735557987038
3434 0.000842062563860
3435 0.001003214044035
3436 0.001128800434152
3437 0.001099330661984
3438 0.001054656223779
3439 0.000982349971749
3440 0.000971078036673
3441 0.000898154028805
3442 0.000885031688212
3443 0.000822571914327
3444 0.000803623385408
3445 0.000730965272402
3446 0.000921705302148
3447 0.000875025855093
3448 0.000823305013443
3449 0.000778352391779
3450 0.000723440004657
3451 0.000650811628616
3452 0.000621831957770
3453 0.000558317937030
3454 0.000598161660215
3455 0.000628147561720
3456 0.000572014339284
3457 0.000544559726158
3458 0.000485443568304
3459 0.000413692068977
3460 0.000364701590540
3461 0.000364192559987
3462 0.000364798879332
3463 0.000292501796533
3464 0.000249883264497
3465 0.000300668802022
3466 0.000228565157970
3467 0.000432960450840
3468 0.000474203212443
3469 0.000643464451024
3470 0.000837585386200
3471 0.000941847607587
3472 0.000981103756430
3473 0.000956413826443
3474 0.000977081831770
3475 0.001189728121284
3476 0.001369398104655
3477 0.001426077748555
3478 0.001358293707138
3479 0.001510678728278
3480 0.001595849397645
3481 0.001648395221252
3482 0.001641987862092
3483 0.001600933112423
3484 0.001759920235314
3485 0.001695875152990
3486 0.001623779747763
3487 0.001552343318362
3488 0.001480226449174
3489 0.001500713371071
3490 0.001551600225805
3491 0.001537069125572
3492 0.001471655819542
3493 0.001415448738078
3494 0.001343566185592
3495 0.001378336596816
3496 0.001353335950731
3497 0.001286709394035
3498 0.001250650821995
3499 0.001180211423361
3500 0.001109118502562
3501 0.001149948554237
3502 0.001352843119850
3503 0.001362862010897
3504 0.001291233234595
3505 0.001228818724057
3506 0.001179752385638
3507 0.001115484741118
3508 0.001314397401709
3509 0.001243883047315
3510 0.001214544506333
3511 0.001143052864591
3512 0.001204578320730
3513 0.001134931883527
3514 0.001130614168494
3515 0.001177971020063
3516 0.001175890036407
3517 0.001145192141326
3518 0.001075101953461
3519 0.001003970439174
3520 0.000967498224607
3521 0.000909273807496
3522 0.000921448942910
3523 0.001040936116246
3524 0.001214603072200
3525 0.001160894466936
3526 0.001094500029950
3527 0.001081777287960
3528 0.001238234162055
3529 0.001321813601384
3530 0.001250769539109
3531 0.001179673009694
3532 0.001127138444870
3533 0.001079520407724
3534 0.001008571432794
3535 0.001120075254527
3536 0.001051492853070
3537 0.000980534556091
3538 0.000940934087024
3539 0.000895936292106
3540 0.000825061752628
3541 0.000756540128814
3542 0.000794890307132
3543 0.000961337470774
3544 0.000949665993978
3545 0.000893853492122
3546 0.000823271034219
3547 0.000913666979605
3548 0.000976798557931
3549 0.000911040632218
3550 0.000842478517269
3551 0.000783646554379
3552 0.000754045775623
3553 0.000759443761951
3554 0.000711158463701
3555 0.000641603914113
3556 0.000651417128458
3557 0.000710339918552
3558 0.000644998853162
3559 0.000590380980209
3560 0.000578378374851
3561 0.000529086232827
3562 0.000592149553428
3563 0.000676591740559
3564 0.000769167868234
3565 0.000850934251283
3566 0.000782095320683
3567 0.000713393362635
3568 0.000743004924653
3569 0.000679952183262
3570 0.000710016582041
3571 0.000789406428005
3572 0.000989092869789
3573 0.001045940322141
3574 0.001229477020305
3575 0.001368603781175
3576 0.001299446532315
3577 0.001444764050198
3578 0.001404669536590
3579 0.001368491497575
3580 0.001379215970781
3581 0.001309018003207
3582 0.001386588821594
3583 0.001317111313810
3584 0.001392051733021
3585 0.001328636876367
3586 0.001269085649856
3587 0.001223665353991
3588 0.001205420457505
3589 0.001135428517213
3590 0.001134884299812
3591 0.001211352309899
3592 0.001152958260309
3593 0.001356367875607
3594 0.001378337720306
3595 0.001353187384198
3596 0.001347169335786
3597 0.001414164445858
3598 0.001344866379096
3599 0.001276906911395
3600 0.001208805558172
3601 0.001210448410081
3602 0.001140708529297
3603 0.001096062158066
3604 0.001209553482660
3605 0.001139871066485
3606 0.001200868159951
3607 0.001364524115261
3608 0.001294861829930
3609 0.001333419135006
3610 0.001434144333187
3611 0.001515128541264
3612 0.001686254612435
3613 0.001617834581198
3614 0.001705801637332
3615 0.001713463728827
3616 0.001645948618808
3617 0.001675688797035
3618 0.001696668583267
3619 0.001739864102421
3620 0.001733198377612
3621 0.001663678417098
3622 0.001611711555218
3623 0.001548997037713
3624 0.001480616483412
3625 0.001442410477258
3626 0.001450700333130
3627 0.001423567634630
3628 0.001433067560986
3629 0.001412410932707
3630 0.001432657117017
3631 0.001408229808114
3632 0.001445756646581
3633 0.001379091902744
3634 0.001443847824429
3635 0.001382726865955
3636 0.001551094260367
3637 0.001538118094524
3638 0.001468976242091
3639 0.001428986564827
3640 0.001360261829558
3641 0.001343220624685
3642 0.001294128781899
3643 0.001387768578677
3644 0.001322782193926
3645 0.001256767306368
3646 0.001321900484505
3647 0.001305340778327
3648 0.001311631460372
3649 0.001402959983528
3650 0.001456403795214
3651 0.001546849539214
3652 0.001524792701006
3653 0.001456023721915
3654 0.001387236485453
3655 0.001331880634808
3656 0.001271118460285
3657 0.001218724726447
3658 0.001338541284364
3659 0.001269851176394
3660 0.001385048985837
3661 0.001341827665404
3662 0.001357005849105
3663 0.001305824536386
3664 0.001256611924823
3665 0.001203759264967
3666 0.001158819493535
3667 0.001109262900625
3668 0.001193450791196
3669 0.001125835174122
3670 0.001256824406229
3671 0.001443860084576
3672 0.001398504996239
3673 0.001332017487539
3674 0.001275192459892
3675 0.001438808556674
3676 0.001371484294131
3677 0.001482224697398
3678 0.001538612656181
3679 0.001470251624716
3680 0.001411219685872
3681 0.001344148568782
3682 0.001276472929119
3683 0.001241282235040
3684 0.001383653120013
3685 0.001362623432701
3686 0.001468725840788
3687 0.001402064306773
3688 0.001554351116669
3689 0.001487754260677
3690 0.001419746515276
3691 0.001459782510004
3692 0.001399624728231
3693 0.001568692542130
3694 0.001579015809938
3695 0.001561350842731
3696 0.001495424502842
3697 0.001629974910980
3698 0.001644974380057
3699 0.001636913561961
3700 0.001578967298687
3701 0.001613662303173
3702 0.001758718121592
3703 0.001690730366047
3704 0.001673675643110
3705 0.001670265971628
3706 0.001613697129993
3707 0.001561338897317
3708 0.001572895039998
3709 0.001565659876038
3710 0.001498010689773
3711 0.001488316212837
3712 0.001445498848160
3713 0.001444045961108
3714 0.001544940507029
3715 0.001499562084438
3716 0.001432394030801
3717 0.001432314081882
3718 0.001369673010567
3719 0.001358894074713
3720 0.001304543674601
3721 0.001237194002783
3722 0.001222113261038
3723 0.001154742324615
3724 0.001182461826316
3725 0.001144424477427
3726 0.001182993993800
3727 0.001353845616943
3728 0.001449115814711
3729 0.001381764362496
3730 0.001433929754652
3731 0.001380076127279
3732 0.001312875241806
3733 0.001267146645293
3734 0.001292861916579
3735 0.001225581664794
3736 0.001158367737483
3737 0.001091619258420
3738 0.001050693401063
3739 0.001010846177221
3740 0.000943745493492
3741 0.000881789618135
3742 0.000817851747741
3743 0.000864106090845
3744 0.000815829718495
3745 0.000838190599097
3746 0.000771512184590
3747 0.000755524279509
3748 0.000713522388543
3749 0.000681695679736
3750 0.000663449401369
3751 0.000619317886655
3752 0.000722000993162
3753 0.000804745671089
3754 0.000979894690684
3755 0.001155551366992
3756 0.001088684193247
3757 0.001029124210284
3758 0.001105074892942
3759 0.001129229481080
3760 0.001069337891044
3761 0.001018374874913
3762 0.000994503646767
3763 0.000929024407302
3764 0.001100999512282
3765 0.001279641179724
3766 0.001310463379231
3767 0.001301916222778
3768 0.001261813210283
3769 0.001200348496625
3770 0.001209524966655
3771 0.001375728233864
3772 0.001552874203689
3773 0.001486204853813
3774 0.001508556012112
3775 0.001451213965403
3776 0.001425092018784
3777 0.001364166080368
3778 0.001349374182102
3779 0.001283186437790
3780 0.001223280968882
3781 0.001328557584965
3782 0.001345897191564
3783 0.001289005773697
3784 0.001223405435937
3785 0.001236133971039
3786 0.001273315478717
3787 0.001219116255007
3788 0.001156523065940
3789 0.001094317611190
3790 0.001028098446645
3791 0.001001078352160
3792 0.000934887103678
3793 0.000880662048351
3794 0.000846543272233
3795 0.000939956441702
3796 0.000876938468598
3797 0.000845720454872
3798 0.000780570205418
3799 0.000775785109207
3800 0.000783077907132
3801 0.000806120566521
3802 0.000814541785233
3803 0.000749183733295
3804 0.000696679705598
3805 0.000640753991656
3806 0.000575098778922
3807 0.000536497241495
3808 0.000471194761382
3809 0.000582972460931
3810 0.000533799556763
3811 0.000636983011855
3812 0.000572073432619
3813 0.000637240007085
3814 0.000576321379571
3815 0.000579086440522
3816 0.000523638084034
3817 0.000483847906651
3818 0.000434093124597
3819 0.000401055924300
3820 0.000341435515640
3821 0.000321834533512
3822 0.000382653970107
3823 0.000531735340275
3824 0.000612670960676
3825 0.000610086139331
3826 0.000570500957323
3827 0.000562303118301
3828 0.000548704593061
3829 0.000493829981878
3830 0.000452872994535
3831 0.000433186348170
3832 0.000391231339163
3833 0.000550793528122
3834 0.000517819363687
3835 0.000452495333124
3836 0.000393058058140
3837 0.000343036337234
3838 0.000277845010722
3839 0.000257324634708
3840 0.000194310255112
3841 0.000165427598625
3842 0.000224969222889
3843 0.000190020580683
3844 0.000357995658979
3845 0.000445738910345
3846 0.000511415050965
3847 0.000446348689890
3848 0.000470474435537
3849 0.000659089391569
3850 0.000667198533008
3851 0.000703481889698
3852 0.000638761458962
3853 0.000599640784102
3854 0.000582100268841
3855 0.000550450909469
3856 0.000569462472400
3857 0.000509793177586
3858 0.000479007192145
3859 0.000658890976166
3860 0.000752334604947
3861 0.000906148369598
3862 0.000841321504032
3863 0.000991904755553
3864 0.000969905452702
3865 0.000904977422115
3866 0.000855828049035
3867 0.000794974568819
3868 0.000763119314763
3869 0.000719304942698
3870 0.000685826032159
3871 0.000681575592727
3872 0.000646647919247
3873 0.000795938979118
3874 0.000732669647907
3875 0.000855968678006
3876 0.000793800123081
3877 0.000793540043947
3878 0.000729279968594
3879 0.000670635092741
3880 0.000706818397365
3881 0.000647533368981
3882 0.000583016499452
3883 0.000519535005475
3884 0.000646648589211
3885 0.000818547072279
3886 0.000864394708074
3887 0.000799859517550
3888 0.000979195375220
3889 0.000968806080169
3890 0.000919381603567
3891 0.000875466638849
3892 0.000871093437013
3893 0.000941434463066
3894 0.001083379001979
3895 0.001226965937197
3896 0.001413839640259
3897 0.001349332043723
3898 0.001291721643096
3899 0.001232302464609
3900 0.001178181218843
3901 0.001178830036151
3902 0.001195284989902
3903 0.001237319342996
3904 0.001173066397493
3905 0.001155075934739
3906 0.001094022216162
3907 0.001076681071209
3908 0.001018148792453
3909 0.001006655046987
3910 0.001124538956182
3911 0.001068348491887
3912 0.001004734727374
3913 0.000943516004071
3914 0.000940475922722
3915 0.000992437508409
3916 0.000977182229669
3917 0.000925775475827
3918 0.000862761990169
3919 0.000944984321839
3920 0.000986711813766
3921 0.001084450769143
3922 0.001021455965845
3923 0.001153704865523
3924 0.001115445737629
3925 0.001113437739520
3926 0.001277652117294
3927 0.001409085282146
3928 0.001434908434151
3929 0.001398823503418
3930 0.001450730794581
3931 0.001619140753303
3932 0.001555163172987
3933 0.001642690507615
3934 0.001631063329919
3935 0.001818841029340
3936 0.001766168794390
3937 0.001806197988577
3938 0.001743147222588
3939 0.001679359561240
3940 0.001676430212407
3941 0.001615323490958
3942 0.001588098529707
3943 0.001681318937845
3944 0.001617681755075
3945 0.001557137186981
3946 0.001493387394577
3947 0.001453313105032
3948 0.001391764601397
3949 0.001517397886409
3950 0.001459467735605
3951 0.001565204392637
3952 0.001515360678406
3953 0.001516366266610
3954 0.001470664242244
3955 0.001407185168334
3956 0.001345992368797
3957 0.001290723127926
3958 0.001266573083315
3959 0.001217308742084
3960 0.001230929871520
3961 0.001281647469384
3962 0.001259697745198
3963 0.001279290049817
3964 0.001226446098952
3965 0.001315132652697
3966 0.001252209215609
3967 0.001193515028620
3968 0.001201588490448
3969 0.001241246005092
3970 0.001385878054643
3971 0.001355255425926
3972 0.001294504671522
3973 0.001258153763106
3974 0.001194928258888
3975 0.001140797289456
3976 0.001098661259060
3977 0.001035980474581
3978 0.001053814529059
3979 0.001019457104788
3980 0.001135145435829
3981 0.001075160561771
3982 0.001066631433270
3983 0.001003625184453
3984 0.000950573390198
3985 0.000887968124561
3986 0.000893596582621
3987 0.000849587344447
3988 0.000864207873332
3989 0.000815995272217
3990 0.000937743220866
3991 0.000962722659607
3992 0.000901506408561
3993 0.000843161733270
3994 0.000798787810779
3995 0.000871919809934
3996 0.000926586466126
3997 0.000907997158069
3998 0.000897746247734
3999 0.000906466017575
4000 0.000843993370931
4001 0.000781311627595
4002 0.000718647797600
4003 0.000656186205413
4004 0.000724200512669
4005 0.000750093430276
4006 0.000689181039799
4007 0.000626647263680
4008 0.000564805128577
4009 0.000502304617708
4010 0.000490464266265
4011 0.000608729541900
4012 0.000582968328967
4013 0.000749880019734
4014 0.000705871674062
4015 0.000646607749539
4016 0.000591006461158
4017 0.000749499623273
4018 0.000691322093018
4019 0.000629379838769
4020 0.000601384838889
4021 0.000539199794974
4022 0.000494056847955
4023 0.000436102106091
4024 0.000462996413717
4025 0.000439933925672
4026 0.000511491782319
4027 0.000494885453940
4028 0.000679801301859
4029 0.000701150427398
4030 0.000639110070969
4031 0.000739315796528
4032 0.000678626431948
4033 0.000627122283106
4034 0.000647019858043
4035 0.000668023002626
4036 0.000623363672448
4037 0.000653338255896
4038 0.000591373107449
4039 0.000723282828334
4040 0.000725045296920
4041 0.000703893627716
4042 0.000761594595375
4043 0.000706462584363
4044 0.000853907165951
4045 0.000792043684386
4046 0.000857580132382
4047 0.000848178795282
4048 0.000791385800652
4049 0.000730873822093
4050 0.000736588623070
4051 0.000791590030274
4052 0.000774382294444
4053 0.000906868306236
4054 0.001025907433873
4055 0.000982428546938
4056 0.001057938199426
4057 0.001001664158825
4058 0.001012190425901
4059 0.000975758021006
4060 0.001094490408940
4061 0.001043576724719
4062 0.000981880603250
4063 0.000920108113063
4064 0.000906163106483
4065 0.001062308786064
4066 0.001000804608272
4067 0.000993452477510
4068 0.000997931366915
4069 0.000948164608729
4070 0.000907136010060
4071 0.000855112011010
4072 0.000829641244472
4073 0.000768338995147
4074 0.000776371766410
4075 0.000775286664216
4076 0.000713762596523
4077 0.000664403930043
4078 0.000602974025107
4079 0.000599813529886
4080 0.000541304600622
4081 0.000510156624418
4082 0.000448787286074
4083 0.000524807186421
4084 0.000466093729272
4085 0.000404812715540
4086 0.000467728523004
4087 0.000600203264237
4088 0.000652721273043
4089 0.000598394384080
4090 0.000537125854947
4091 0.000704259189291
4092 0.000778438704383
4093 0.000717501035568
4094 0.000828451671834
4095 0.000789426015202
4096 0.000804452366353
