1 0.396940083402111
2 0.093565741588248
3 0.179337720396807
4 0.223706073520235
5 0.249042704989800
6 0.189133360875436
7 0.176772032553999
8 0.103770580448094
9 0.075222502709094
10 0.025159884110944
11 0.054541812430877
12 0.028053845904615
13 0.018709823097304
14 0.037906377156675
15 0.017104754153859
16 0.006187826570804
17 0.023698055201820
18 0.014951425083296
19 0.029087341628640
20 0.018592391373970
21 0.001684263690331
22 0.001304904754413
23 0.014034412623746
24 0.029201541634795
25 0.023522746589529
26 0.014223784679419
27 0.004277058568361
28 0.011034672710802
29 0.005767364970477
30 0.018800991468309
31 0.004375369726624
32 0.018952404493310
33 0.031552475999566
34 0.023403142702000
35 0.015812502575673
36 0.007085285582529
37 0.009995968469988
38 0.003758480377453
39 0.001970411972148
40 0.005817053768436
41 0.015812600226122
42 0.003963087142257
43 0.002680372912605
44 0.002766104797743
45 0.008404635373240
46 0.006917996967256
47 0.014163830967019
48 0.006536877481277
49 0.015669200064473
50 0.012351815553832
51 0.002389774261071
52 0.004016053136615
53 0.011189836787092
54 0.006839271242513
55 0.008711651856012
56 0.005723258691545
57 0.006411951539330
58 0.009011578580073
59 0.009240695527696
60 0.016095742003855
61 0.022915102949822
62 0.019360215825679
63 0.024170338799237
64 0.025549211642423
65 0.021522507219454
66 0.027919135170711
67 0.023290247203141
68 0.018118190231985
69 0.016773931702853
70 0.014899872158737
71 0.020654656674977
72 0.024529629611589
73 0.030890877681161
74 0.030852578903888
75 0.036452014673449
76 0.030307531586209
77 0.030949449162650
78 0.028979250592957
79 0.023635603628718
80 0.029409182886397
81 0.025135927445641
82 0.028356860405831
83 0.025343566833339
84 0.030777123384598
85 0.036221201677400
86 0.034668833031695
87 0.033865031040515
88 0.032408415886320
89 0.032157774983652
90 0.030629124675550
91 0.026608051253746
92 0.027652044432611
93 0.024450636016867
94 0.029345705486218
95 0.024063803800004
96 0.024877747649421
97 0.020045599666568
98 0.018982529130353
99 0.015173373548756
100 0.011325947273179
101 0.016040249312845
102 0.014107734917986
103 0.015895519941872
104 0.019618327174689
105 0.023742632465287
106 0.019149408945468
107 0.017690505846932
108 0.018203952927149
109 0.017491318658492
110 0.019527827165479
111 0.016090086574267
112 0.016817804338400
113 0.017844204270613
114 0.020595530035806
115 0.019712741479275
116 0.022116130587166
117 0.024450009967067
118 0.024116009622723
119 0.026978503229649
120 0.023731156308194
121 0.020237053396424
122 0.023256306366828
123 0.023349578101266
124 0.020042725074721
125 0.021192478920159
126 0.017910944804313
127 0.020742727238765
128 0.021521935437229
129 0.019947048696734
130 0.016511107571160
131 0.019141907964237
132 0.017600701845902
133 0.017561773128685
134 0.017228092670560
135 0.013471469644562
136 0.014962885266006
137 0.012174853826533
138 0.011715833232545
139 0.008181692363157
140 0.005343209148140
141 0.003045614447239
142 0.005677692556154
143 0.008843103376000
144 0.005658276165436
145 0.002849164688099
146 0.001696890667757
147 0.004018344045698
148 0.006795629674048
149 0.005517263039589
150 0.007875847756771
151 0.007854605951730
152 0.010485739078901
153 0.007389381695705
154 0.008295526403794
155 0.007369159953854
156 0.007322192843518
157 0.007160887250869
158 0.006388971461808
159 0.008786313875678
160 0.011339313754379
161 0.010073310998576
162 0.007289336257488
163 0.008018007352596
164 0.010032850480808
165 0.011520985696983
166 0.011215757598470
167 0.011351509687558
168 0.009167157271941
169 0.008744687341448
170 0.006489097875090
171 0.007186359427171
172 0.009456895767034
173 0.010657563229435
174 0.012557568873379
175 0.012389946125515
176 0.013871974348585
177 0.011344906420885
178 0.013195430874449
179 0.015609664999942
180 0.018171607727808
181 0.020663112831594
182 0.019424577480932
183 0.020902017147027
184 0.019471956205487
185 0.016871012731721
186 0.014924831057663
187 0.012502222501436
188 0.012440594877466
189 0.013025823208945
190 0.015202850766507
191 0.017673885184382
192 0.017617304034747
193 0.019912761615555
194 0.020950024861444
195 0.019365191481599
196 0.021706027094673
197 0.022077789517740
198 0.020947081502304
199 0.020061309453476
200 0.019025240723966
201 0.019509197012085
202 0.020147186553670
203 0.021831902892186
204 0.019649182744562
205 0.017329892830996
206 0.017598159945817
207 0.015733815229970
208 0.017348034960884
209 0.016230577907238
210 0.014831040661147
211 0.014170491382309
212 0.014142916419447
213 0.015863228634642
214 0.016126238807724
215 0.015757632372549
216 0.016439237056990
217 0.015368648990555
218 0.015232865584194
219 0.014425353285886
220 0.014817247655641
221 0.016770161431190
222 0.016978458442955
223 0.015847210490608
224 0.013906607672477
225 0.015729665991298
226 0.014359633355715
227 0.013146299476139
228 0.011316013605620
229 0.010207097354362
230 0.011008838959315
231 0.011607896420763
232 0.011978313706604
233 0.011737033836883
234 0.010050699897009
235 0.011063817266161
236 0.012525148517447
237 0.012705243686759
238 0.012094471304389
239 0.011581298884167
240 0.010031932858052
241 0.010873926801918
242 0.010412522093999
243 0.011474595022953
244 0.012439067291807
245 0.011939196087049
246 0.011335006520436
247 0.012146269493393
248 0.012914658095065
249 0.013754588937967
250 0.012330340141164
251 0.012938872996616
252 0.011088682352598
253 0.009094929576298
254 0.008488010536093
255 0.009331329224063
256 0.008126924725481
257 0.009314777228140
258 0.008016408774913
259 0.008725771275719
260 0.007776268719025
261 0.007603483742814
262 0.007214013138554
263 0.008727891860876
264 0.009856562069079
265 0.010132575879260
266 0.009867810882138
267 0.010076854561969
268 0.009065238763393
269 0.009579611207516
270 0.008779976927073
271 0.007395235398201
272 0.007017073067313
273 0.006886181811656
274 0.008418308037368
275 0.008122871940078
276 0.009685544680968
277 0.008620626295920
278 0.010133370013982
279 0.011185066964633
280 0.009825590798251
281 0.010631756688783
282 0.011431841827625
283 0.009800658086819
284 0.008657665032562
285 0.009927230033300
286 0.010889069961762
287 0.011025007108089
288 0.010167216269727
289 0.009106454587403
290 0.007820407509061
291 0.006549144805557
292 0.005152532177825
293 0.006792755349732
294 0.005552558439118
295 0.006637345039332
296 0.004977615210828
297 0.004529463687477
298 0.003244682065650
299 0.004448441720366
300 0.005572076764815
301 0.004302796047482
302 0.002758150379396
303 0.001819632441252
304 0.003437832886237
305 0.002601583711240
306 0.004079047116430
307 0.003910700135667
308 0.004242857214250
309 0.005147379396309
310 0.003901550339169
311 0.004969838198026
312 0.004465068051107
313 0.004994704890274
314 0.005562905165724
315 0.005989055041088
316 0.006402627239866
317 0.006308443473792
318 0.005135800871050
319 0.004783089603497
320 0.005549954848768
321 0.006623123299469
322 0.007872849218669
323 0.006751483041337
324 0.006232946131469
325 0.005095517649737
326 0.005201573054642
327 0.006012957771190
328 0.006153752878231
329 0.006001419945170
330 0.004620788736478
331 0.003193976181873
332 0.002583580919146
333 0.003733460561391
334 0.004273247702005
335 0.005227864845655
336 0.005311301837301
337 0.005902985669432
338 0.004578332909599
339 0.005518232835826
340 0.004818394234330
341 0.004039510659170
342 0.003094771018891
343 0.001673241596622
344 0.002474959300177
345 0.003058828500874
346 0.004357491628736
347 0.004772072087170
348 0.005654024431733
349 0.004315484640474
350 0.004409375084772
351 0.003412162905924
352 0.002678302412448
353 0.003066167883679
354 0.003611101006321
355 0.003322673795275
356 0.003583817683704
357 0.004017395693666
358 0.004521395923596
359 0.003191241282508
360 0.003567425454485
361 0.003134199148455
362 0.003886775265255
363 0.005142069289781
364 0.005874771811015
365 0.005644046830731
366 0.006798504910495
367 0.005596836536632
368 0.004633403392083
369 0.004215963195273
370 0.004037890053257
371 0.005175008470614
372 0.004184129344526
373 0.004457003890936
374 0.005464855243447
375 0.005222375031660
376 0.005594323722062
377 0.005813016942855
378 0.006667434759352
379 0.005607634242407
380 0.004977643735810
381 0.006252895933852
382 0.005537975457476
383 0.006293410507175
384 0.006901695542768
385 0.007591500260640
386 0.007014573768451
387 0.005768259873189
388 0.006668899876747
389 0.006763671136436
390 0.007258533033535
391 0.007171751575903
392 0.006337786154683
393 0.006725605920439
394 0.007433759787241
395 0.006785007614989
396 0.005551131316350
397 0.005754979454376
398 0.005049536858392
399 0.004699547780298
400 0.005259444674091
401 0.005011218854486
402 0.006230703954434
403 0.005055088436444
404 0.004488513265475
405 0.004795928289341
406 0.004616471836788
407 0.005573507107998
408 0.005941569161664
409 0.006496110898506
410 0.006523167238678
411 0.007558215108544
412 0.007289723535507
413 0.008428932146282
414 0.008370962083508
415 0.008701359763126
416 0.009182714812282
417 0.009578859842801
418 0.010439223721676
419 0.010619024416145
420 0.009810219374381
421 0.009234940650070
422 0.010137096076265
423 0.009242101681000
424 0.008538172232796
425 0.008365611669522
426 0.007831917203036
427 0.007891437320962
428 0.008075785572162
429 0.007295682737110
430 0.006973530241540
431 0.005993509069445
432 0.006396150003164
433 0.005547711251359
434 0.006160206166299
435 0.005520795690940
436 0.006015541311117
437 0.006640106045654
438 0.007140127425920
439 0.007491100934186
440 0.006515479357606
441 0.005711603114537
442 0.006776754437698
443 0.007533117668575
444 0.008589187024055
445 0.008311559900657
446 0.008719908796647
447 0.009228184326195
448 0.009129328351617
449 0.008305322300106
450 0.009374420083434
451 0.008950925303985
452 0.008018091417919
453 0.008974548944220
454 0.009931205509848
455 0.009043919971729
456 0.008997840949093
457 0.008073501694323
458 0.009020527520702
459 0.008620404551406
460 0.008769258451333
461 0.009359209618513
462 0.008273585965388
463 0.009162086643086
464 0.009696617116533
465 0.009007213146055
466 0.008486209700152
467 0.008013583973673
468 0.007067988828593
469 0.007960328204637
470 0.007691710878337
471 0.008659237571197
472 0.009126917725326
473 0.009664797468763
474 0.009634330121947
475 0.009744944345692
476 0.008732969708404
477 0.009584076418799
478 0.008895842712782
479 0.009153553019288
480 0.008699084995197
481 0.008061389675949
482 0.007205975548933
483 0.006227349242128
484 0.005736400672588
485 0.006508626266200
486 0.006893386778215
487 0.006694185928347
488 0.007177564670253
489 0.007017053103235
490 0.006377717628106
491 0.007360165793639
492 0.007341031735252
493 0.007265960983491
494 0.007438102662036
495 0.007540584314577
496 0.007292763244845
497 0.007006857809313
498 0.006233995908898
499 0.005225389836759
500 0.004241187354225
501 0.003592155090149
502 0.002785467083101
503 0.002621547454002
504 0.002341621291242
505 0.002424543822323
506 0.002460886715872
507 0.003210673691795
508 0.003284651404756
509 0.003676939505904
510 0.003065138812400
511 0.002642995008574
512 0.003322294689703
513 0.002814655571810
514 0.002288101302972
515 0.001773977552899
516 0.002441094554509
517 0.001649439464829
518 0.002495055311344
519 0.001864824755312
520 0.001050730398860
521 0.000719933754987
522 0.000658303912416
523 0.000176379164970
524 0.000586261792850
525 0.001003092982103
526 0.000537313110752
527 0.000227930674639
528 0.001138143743818
529 0.001271516111716
530 0.000927458288218
531 0.001008530912822
532 0.001203036560300
533 0.001389317733080
534 0.000794746315763
535 0.000808454486743
536 0.000035793371595
537 0.000819324668371
538 0.001321032329201
539 0.002196147732344
540 0.002147718767092
541 0.002179221401270
542 0.002122754660205
543 0.002299965780042
544 0.002527960354686
545 0.001934288205622
546 0.002221865623491
547 0.001423983169211
548 0.000547015333337
549 0.001115506657478
550 0.000522560397346
551 0.000059021692546
552 0.000916275456452
553 0.000993783582141
554 0.000159568586907
555 0.000364268826134
556 0.001240467410940
557 0.000637360807361
558 0.000024571689606
559 0.000375477713161
560 0.000449003159124
561 0.000709843081885
562 0.000025788519048
563 0.000461356169724
564 0.000155586869484
565 0.000506837914446
566 0.000049833334836
567 0.000096385113806
568 0.000090904508995
569 0.000324850590900
570 0.000048921460719
571 0.000660966858484
572 0.001361935414068
573 0.000971818014917
574 0.000810424508639
575 0.001326276806921
576 0.000668707051992
577 0.001081630802062
578 0.001407288203983
579 0.001658226707705
580 0.001021744246567
581 0.000491299568295
582 0.000102052107077
583 0.000403494490416
584 0.000025808590907
585 0.000264719585183
586 0.000064336430722
587 0.000052460613590
588 0.000110580718221
589 0.000353266899454
590 0.000518633078260
591 0.000065626205086
592 0.000200124316290
593 0.000318977818816
594 0.000164194181852
595 0.000102064912936
596 0.000569573864962
597 0.000841018922332
598 0.001422396619226
599 0.001060565342613
600 0.000379276157927
601 0.000831601467106
602 0.001153857065284
603 0.000911588409399
604 0.001318987759596
605 0.000769348216571
606 0.001575714077242
607 0.001249284481088
608 0.001464548573680
609 0.002016749765249
610 0.002694526058501
611 0.002073036786100
612 0.002178245569096
613 0.002670554532383
614 0.003461133510591
615 0.003717672584129
616 0.004365099377226
617 0.004080758138373
618 0.003605569720973
619 0.003380789899561
620 0.003467997762656
621 0.002683231464448
622 0.003427243879681
623 0.003172773841957
624 0.002956704239258
625 0.003256237121893
626 0.003372379127282
627 0.003837482686958
628 0.004205151401589
629 0.003579274175137
630 0.002820395589367
631 0.002425392675805
632 0.003148805712274
633 0.003182483823040
634 0.002447576755285
635 0.001725161908770
636 0.001496955047578
637 0.001594038251077
638 0.000936411557113
639 0.001172562291983
640 0.000748069748149
641 0.000002260824585
642 0.000468497969451
643 0.000861275212747
644 0.000792446158222
645 0.000730372466718
646 0.000728452903119
647 0.001355870339794
648 0.001142258741127
649 0.000891506321017
650 0.000226118451049
651 0.000508293950834
652 0.000406561376648
653 0.000099750087791
654 0.000528662762541
655 0.000152076116840
656 0.000021828428451
657 0.000430116189647
658 0.000229213334617
659 0.000016720819186
660 0.000285110840548
661 0.000995212432354
662 0.000372901667298
663 0.000786314258627
664 0.001064810104429
665 0.001006751648818
666 0.000856896575804
667 0.000736245475227
668 0.000489161717065
669 0.000430740860616
670 0.000364496661368
671 0.000212409534631
672 0.000040444009395
673 0.000755292286839
674 0.001431340137826
675 0.001210142177452
676 0.000840302665280
677 0.001106343087527
678 0.000678692160186
679 0.000007836765229
680 0.000345310679386
681 0.000143419913476
682 0.000276847406407
683 0.000640893998420
684 0.000242749966750
685 0.000357735363451
686 0.000239619260672
687 0.000435834060120
688 0.000019418504232
689 0.000222293571217
690 0.000412545801285
691 0.001015716908219
692 0.000973720463074
693 0.001620544357112
694 0.001792813792862
695 0.001548383949677
696 0.002002371238334
697 0.002269277670786
698 0.001713345354135
699 0.002019945656792
700 0.002023793127396
701 0.001714602404820
702 0.001200271325213
703 0.000793952759276
704 0.001485524172857
705 0.001685043917700
706 0.002108076028556
707 0.002093167200281
708 0.002194246532477
709 0.001540490828281
710 0.000908986424157
711 0.001310281549123
712 0.001873987491222
713 0.001317773861444
714 0.001309051194313
715 0.001011867783076
716 0.000495075994272
717 0.000891397097999
718 0.000214850908732
719 0.000058084752322
720 0.000413709027180
721 0.000096267017547
722 0.000625836109012
723 0.001164903749951
724 0.000919588751638
725 0.001103116824642
726 0.001095452154779
727 0.001188402086982
728 0.001188892691347
729 0.001115979462567
730 0.000745090764286
731 0.001362759057218
732 0.000895820233609
733 0.000449138473148
734 0.000313785051325
735 0.000701680818342
736 0.000519592201125
737 0.000031339551285
738 0.000460007374303
739 0.001037619633023
740 0.000726628571619
741 0.001271908114808
742 0.001385371697728
743 0.001689913031784
744 0.001207665653664
745 0.001075701212251
746 0.001020306314974
747 0.000354345981041
748 0.000031751984535
749 0.000501895121010
750 0.000913975898328
751 0.000693206648659
752 0.001189259536111
753 0.001143343519860
754 0.000606089429015
755 0.000770846597873
756 0.001353599660861
757 0.001035592142492
758 0.000826126088623
759 0.001299075266460
760 0.001594719943397
761 0.001783142713474
762 0.001892114990279
763 0.001883987178729
764 0.002386393659959
765 0.002931973468769
766 0.003420142736316
767 0.003986751460493
768 0.003494585747885
769 0.003820652674369
770 0.004382629521588
771 0.004186070225793
772 0.004549304145032
773 0.005180930820366
774 0.004873396831132
775 0.004574065467671
776 0.004380165329931
777 0.004915306082833
778 0.004650631344285
779 0.005223402765888
780 0.004688205312658
781 0.004949592032549
782 0.004639691165936
783 0.004049836397946
784 0.004254668119035
785 0.004408827211900
786 0.004047485343243
787 0.004060381961690
788 0.004191492831892
789 0.003911233552936
790 0.004090280770707
791 0.004693063526326
792 0.004479669044918
793 0.003913540433074
794 0.003356549875929
795 0.003864116746626
796 0.003977678908210
797 0.003829696822070
798 0.003773119566539
799 0.003585472337192
800 0.003043896686640
801 0.002429708379373
802 0.001923714815423
803 0.001965332997156
804 0.002553912176206
805 0.002946458245605
806 0.002399787295353
807 0.002137390958384
808 0.002418513473294
809 0.002598008756645
810 0.003047419473079
811 0.002827876658648
812 0.003185162259874
813 0.003389588871158
814 0.003806150542761
815 0.003833219140723
816 0.003970906922152
817 0.003487523301663
818 0.003096255963039
819 0.003420625065795
820 0.003101706145344
821 0.003641690329737
822 0.003899554154853
823 0.003380715091914
824 0.003675778103443
825 0.003666453202770
826 0.003928446693871
827 0.003379198134717
828 0.003388209143021
829 0.003359834842082
830 0.002869198750148
831 0.003076287607797
832 0.003325120701872
833 0.003436038638467
834 0.003304659780204
835 0.003403981026970
836 0.003917876712337
837 0.004268084938397
838 0.004556800124287
839 0.005043784229688
840 0.005495527396086
841 0.005335915152575
842 0.005602060054319
843 0.005048139471344
844 0.005279625174889
845 0.005467496334757
846 0.005927218702719
847 0.005402935042591
848 0.005836004310879
849 0.005681705172504
850 0.005194432256545
851 0.005599776152878
852 0.005739177636304
853 0.005237302846483
854 0.004875140315703
855 0.004674746510124
856 0.004229231098695
857 0.003654483684881
858 0.003182055028327
859 0.003496695792622
860 0.003050065432650
861 0.003248928908438
862 0.003260459249836
863 0.002738335700000
864 0.003020639261386
865 0.003519356136201
866 0.003706936299104
867 0.003766855855655
868 0.004050643758710
869 0.004389361361505
870 0.003945192811412
871 0.004177589709150
872 0.004240714056597
873 0.004575815425488
874 0.005134171616753
875 0.004578909858162
876 0.004359823384937
877 0.004746564732323
878 0.005038966425746
879 0.004706257310667
880 0.004569774138343
881 0.004152686057559
882 0.003998537057974
883 0.003639720410826
884 0.003661942336629
885 0.004157776253214
886 0.003721800472705
887 0.004224221449863
888 0.004326660023984
889 0.004094600602844
890 0.004643094502115
891 0.005031988009371
892 0.005536497947781
893 0.005688364918867
894 0.005557363469052
895 0.005146808525058
896 0.005486898976133
897 0.004943615358581
898 0.005489576737283
899 0.005018063561309
900 0.005460213073440
901 0.005833555450303
902 0.005664060454882
903 0.005179013282702
904 0.005239004667880
905 0.005404502202239
906 0.005502445582435
907 0.005623280942054
908 0.005466727775745
909 0.004961903924921
910 0.005362353637903
911 0.005228199504423
912 0.005329794511780
913 0.005778407747039
914 0.006061297775706
915 0.006428243884901
916 0.006192996550396
917 0.006481273963935
918 0.006764405545574
919 0.006479007068116
920 0.006334084583426
921 0.006302228181027
922 0.006816029639143
923 0.006529146046346
924 0.006778506351170
925 0.007233501178395
926 0.006923044751129
927 0.007006793803248
928 0.007509364371051
929 0.006965698097627
930 0.006922253477266
931 0.007014598531034
932 0.006891545223905
933 0.006366661672713
934 0.005914973684272
935 0.006406319634591
936 0.006547893163668
937 0.006774173147926
938 0.006250195837852
939 0.005798566262826
940 0.005721385332300
941 0.005247880826578
942 0.004971144849354
943 0.005117038698932
944 0.005291537659939
945 0.004819535412663
946 0.005067164832461
947 0.005193152618400
948 0.005106395907433
949 0.005046487290498
950 0.005413318595911
951 0.005308759492963
952 0.005061692373019
953 0.005296647378939
954 0.004968999117786
955 0.004626999363376
956 0.004455602329232
957 0.004111822158747
958 0.003972355695379
959 0.004032253036887
960 0.004077028604329
961 0.003591370231306
962 0.003116422686867
963 0.003332710792386
964 0.003430505373122
965 0.003244785812441
966 0.003287192757686
967 0.002833800966054
968 0.002865076706698
969 0.002783734481345
970 0.003282448042003
971 0.003429205859588
972 0.003069695377828
973 0.002730275376214
974 0.003206153440814
975 0.003003974407249
976 0.003219116222578
977 0.003482998804875
978 0.003696224299733
979 0.003342803373990
980 0.003423680698712
981 0.003807287077287
982 0.003803973433498
983 0.003667980110016
984 0.003281300736244
985 0.003054831922927
986 0.003387642231007
987 0.003461647946253
988 0.003064785844715
989 0.002943533906575
990 0.003245711206339
991 0.003524917789781
992 0.003669041630638
993 0.003995943046006
994 0.003573680822581
995 0.003422761068305
996 0.003264829511426
997 0.003693046737297
998 0.003449848548499
999 0.003688707494290
1000 0.003829885781932
1001 0.003925574058414
1002 0.004111430047596
1003 0.004242982268120
1004 0.004242927371171
1005 0.004259607022890
1006 0.003809793265605
1007 0.004083471017584
1008 0.004144802630151
1009 0.004179780628096
1010 0.004360306410128
1011 0.004247906277907
1012 0.004332769490489
1013 0.004344065561616
1014 0.004368026171399
1015 0.004207320130139
1016 0.004319727956501
1017 0.004065391313702
1018 0.004482858924234
1019 0.004254426494512
1020 0.003774676410925
1021 0.003978041914092
1022 0.004451704729945
1023 0.004477364585304
1024 0.004024437929935
1025 0.003949254889345
1026 0.004365704577274
1027 0.003904071588575
1028 0.004092217192051
1029 0.003937802922589
1030 0.004243167525343
1031 0.004222360450656
1032 0.004589347995786
1033 0.004873539567390
1034 0.005312318513383
1035 0.005015144094104
1036 0.005197178998937
1037 0.005412321989588
1038 0.005191006123493
1039 0.004862952554419
1040 0.004946393523499
1041 0.005144088147911
1042 0.005373313098626
1043 0.004947490172501
1044 0.005303619011050
1045 0.005346985100443
1046 0.005397578448289
1047 0.005342155773686
1048 0.004876925225840
1049 0.005184313886350
1050 0.005523664247743
1051 0.005592893051121
1052 0.005236971702311
1053 0.005071802742175
1054 0.005078872255512
1055 0.004820727180834
1056 0.005077526015227
1057 0.005312174899757
1058 0.005009597815158
1059 0.005333711232443
1060 0.005745403283007
1061 0.005283301990557
1062 0.004968754045039
1063 0.004653023420202
1064 0.004322233372594
1065 0.004539605455557
1066 0.004975266673085
1067 0.004571560595190
1068 0.004228139144829
1069 0.004072282087835
1070 0.003996075204168
1071 0.003643535178513
1072 0.003176787414134
1073 0.003022528865292
1074 0.003400955389815
1075 0.003498088866284
1076 0.003869910862952
1077 0.003668434470872
1078 0.003588142027236
1079 0.003151530810752
1080 0.002952807895632
1081 0.002828029615925
1082 0.002456300671924
1083 0.002613302392650
1084 0.003058700915303
1085 0.003346657487571
1086 0.003667866422787
1087 0.004119347256005
1088 0.003727957882427
1089 0.003583489285596
1090 0.003170048094819
1091 0.003357408136972
1092 0.003184755164134
1093 0.003488059070417
1094 0.003045667766419
1095 0.003274619813903
1096 0.003726931645200
1097 0.003574081572027
1098 0.003965947341908
1099 0.004386191215518
1100 0.003948184561127
1101 0.003977670843941
1102 0.003949463831408
1103 0.003967742617559
1104 0.003707826521817
1105 0.003395931967330
1106 0.003743618709311
1107 0.003316571514503
1108 0.002903308374032
1109 0.002601588599694
1110 0.002470040204866
1111 0.002094863138107
1112 0.001764666729378
1113 0.001997449790812
1114 0.002189929844171
1115 0.002009288317730
1116 0.001756941316613
1117 0.001820117163086
1118 0.002124244791756
1119 0.002288668961859
1120 0.001868720985333
1121 0.002178449644301
1122 0.002029464484655
1123 0.001761203704949
1124 0.002138354711229
1125 0.001757284640504
1126 0.001971072288878
1127 0.002251128298167
1128 0.002605343838741
1129 0.002938811405831
1130 0.002748498405571
1131 0.003154721045857
1132 0.003556761877268
1133 0.003707938756990
1134 0.003460723892977
1135 0.003281249305927
1136 0.003482949289663
1137 0.003040400731316
1138 0.002749701765224
1139 0.002487138389904
1140 0.002431743489739
1141 0.002850762196902
1142 0.002915627952539
1143 0.002743983945586
1144 0.002682353283105
1145 0.002866486769247
1146 0.002536064524813
1147 0.002369744551998
1148 0.002026074848357
1149 0.002305496223560
1150 0.002150048299136
1151 0.001734981479618
1152 0.001765130300281
1153 0.001953387227117
1154 0.001978932191081
1155 0.002159115481171
1156 0.002071194312657
1157 0.001832783560413
1158 0.001736384243343
1159 0.001751020407268
1160 0.001942350904780
1161 0.002162016534854
1162 0.002479151208313
1163 0.002519202134260
1164 0.002279745739729
1165 0.001914591323311
1166 0.002204506881124
1167 0.001887535375020
1168 0.001492203583851
1169 0.001203397649889
1170 0.000793423803343
1171 0.000477423933181
1172 0.000304751855883
1173 0.000491970051482
1174 0.000543469293788
1175 0.000380352450590
1176 0.000433806246190
1177 0.000322102639189
1178 0.000387956491463
1179 0.000398287229593
1180 0.000313339897857
1181 0.000416402294639
1182 0.000398561608991
1183 0.000117775477347
1184 0.000270605212177
1185 0.000124972902799
1186 0.000067202312518
1187 0.000316271125222
1188 0.000113080037185
1189 0.000300611247317
1190 0.000523793215890
1191 0.000586798241421
1192 0.000326195341920
1193 0.000465102698660
1194 0.000376219441007
1195 0.000217659445242
1196 0.000551366259080
1197 0.000430262695264
1198 0.000141827451965
1199 0.000265440796437
1200 0.000634386749882
1201 0.000799864891394
1202 0.000540171740414
1203 0.000408479143521
1204 0.000666850548275
1205 0.000558302933600
1206 0.000378470387852
1207 0.000413141477189
1208 0.000696859713625
1209 0.000463999466877
1210 0.000125142346001
1211 0.000249511348677
1212 0.000643904372582
1213 0.000709723575300
1214 0.000834723838802
1215 0.000976780784963
1216 0.000933262032220
1217 0.001048334939749
1218 0.000927445074946
1219 0.001144446391742
1220 0.000817460981652
1221 0.000504112858650
1222 0.000605061933991
1223 0.000415033568534
1224 0.000625936921721
1225 0.000696911016433
1226 0.000961274902840
1227 0.000979182542440
1228 0.000736711309791
1229 0.000529179890865
1230 0.000904063251179
1231 0.000810071508282
1232 0.000737757128727
1233 0.000930676026990
1234 0.001128991252688
1235 0.001427985887018
1236 0.001204758698493
1237 0.000874803439833
1238 0.000610406564937
1239 0.000329457250742
1240 0.000144294537271
1241 0.000052980390925
1242 0.000337647229466
1243 0.000006194724714
1244 0.000327580246391
1245 0.000192363382805
1246 0.000575240554418
1247 0.000271687402984
1248 0.000328584540887
1249 0.000115551848577
1250 0.000051101871657
1251 0.000154691416874
1252 0.000200769865960
1253 0.000576322711238
1254 0.000907897452732
1255 0.000806919929264
1256 0.000996049325406
1257 0.001237342889986
1258 0.000991211436725
1259 0.001283598340754
1260 0.001250835683738
1261 0.001605509272013
1262 0.001881979408622
1263 0.002152611292671
1264 0.002006514209099
1265 0.001948915522567
1266 0.002336311089618
1267 0.002331783840731
1268 0.002349701707973
1269 0.002403659363219
1270 0.002645863200472
1271 0.002968849591355
1272 0.003145273332960
1273 0.003130654507525
1274 0.003194901881620
1275 0.003398056012034
1276 0.003659783747302
1277 0.004025867607552
1278 0.003662191851848
1279 0.003660635621885
1280 0.003612803765761
1281 0.003884267502437
1282 0.003515305792516
1283 0.003427069308679
1284 0.003539790676100
1285 0.003355385267732
1286 0.003103460924623
1287 0.003112608904103
1288 0.003279699910297
1289 0.003283241233362
1290 0.003175605927387
1291 0.003549872401262
1292 0.003765188682822
1293 0.004084659337982
1294 0.004183094477981
1295 0.004507839549568
1296 0.004753885150606
1297 0.004389046824213
1298 0.004046410754010
1299 0.003944854994105
1300 0.004239668761015
1301 0.003857880874314
1302 0.003692841509798
1303 0.003444700347365
1304 0.003422524310650
1305 0.003569369921437
1306 0.003630933215460
1307 0.003313877550979
1308 0.003479779963436
1309 0.003305739956602
1310 0.003256055418234
1311 0.003498151073588
1312 0.003589017656703
1313 0.003900191103590
1314 0.003847713529853
1315 0.003679654593768
1316 0.003337212930057
1317 0.003123431444559
1318 0.003120358902399
1319 0.003441952174639
1320 0.003064620830001
1321 0.003433243614811
1322 0.003176276646255
1323 0.003168347484538
1324 0.003309607650842
1325 0.003135979842040
1326 0.003036796352066
1327 0.003162676787239
1328 0.002877474591658
1329 0.003201938551940
1330 0.003362522764560
1331 0.003388384979264
1332 0.003328419489590
1333 0.003458541948648
1334 0.003429993493341
1335 0.003540651361037
1336 0.003551953428106
1337 0.003503686685046
1338 0.003854543884370
1339 0.003989263622443
1340 0.004040038288389
1341 0.004116362139197
1342 0.003754405160445
1343 0.003421070277109
1344 0.003327426374540
1345 0.003085321266283
1346 0.003170431685061
1347 0.003266038530394
1348 0.002927369965816
1349 0.003202377675246
1350 0.002875694722981
1351 0.003067443066576
1352 0.003206994135509
1353 0.002889947393684
1354 0.002872604252173
1355 0.002904968046917
1356 0.003001343147527
1357 0.003090915074279
1358 0.002983261068994
1359 0.003010985226805
1360 0.002825271574159
1361 0.002759636253211
1362 0.002505215695824
1363 0.002428852453552
1364 0.002364518571807
1365 0.002354531091444
1366 0.002577172637113
1367 0.002448658986977
1368 0.002726605526142
1369 0.002651841149221
1370 0.002416246222691
1371 0.002227448004559
1372 0.002547989409947
1373 0.002796811082576
1374 0.002627574146851
1375 0.002403009463205
1376 0.002322253747021
1377 0.002056951780315
1378 0.001769575790361
1379 0.001995062576173
1380 0.002313208539637
1381 0.002035256352116
1382 0.001896533676212
1383 0.001678198436575
1384 0.001786896711545
1385 0.002098733849147
1386 0.002296934382956
1387 0.002531798196361
1388 0.002856446485478
1389 0.002805713475735
1390 0.002629088624997
1391 0.002721260712285
1392 0.002605679486568
1393 0.002540516144703
1394 0.002595117184460
1395 0.002870152621694
1396 0.002815694129644
1397 0.002705262679701
1398 0.002373380160285
1399 0.002277155448914
1400 0.002430844305328
1401 0.002780804081506
1402 0.003003967880489
1403 0.002997705759087
1404 0.002879285505120
1405 0.002554657543962
1406 0.002548719745839
1407 0.002307036531474
1408 0.002518277262404
1409 0.002229290818732
1410 0.002108226446102
1411 0.002419920594133
1412 0.002380920035424
1413 0.002662272714202
1414 0.002590140533399
1415 0.002583792431078
1416 0.002377180749003
1417 0.002509544369609
1418 0.002330197332051
1419 0.002073193153696
1420 0.002315367219413
1421 0.002080192311163
1422 0.001831966624322
1423 0.001770861527988
1424 0.001963370711051
1425 0.002152118065745
1426 0.001898369513960
1427 0.001766915738455
1428 0.001656318152472
1429 0.001563390715032
1430 0.001877099401042
1431 0.001798176583142
1432 0.002046015863736
1433 0.002270190252426
1434 0.002014893649834
1435 0.002113739118959
1436 0.002314162982591
1437 0.002530151502079
1438 0.002599125911422
1439 0.002613366064987
1440 0.002363594047625
1441 0.002335158523293
1442 0.002212340717514
1443 0.002050338112772
1444 0.001878520683995
1445 0.002099226710959
1446 0.001907736064121
1447 0.002178281489644
1448 0.002146851117784
1449 0.001881226886558
1450 0.001852686404226
1451 0.001556790074247
1452 0.001499051217051
1453 0.001333327871973
1454 0.001656110161403
1455 0.001830279057533
1456 0.002049277582610
1457 0.002354878490393
1458 0.002196681626160
1459 0.002317778085592
1460 0.002223143989873
1461 0.002050704829713
1462 0.002050316837477
1463 0.001976228669994
1464 0.002162525597566
1465 0.001828164384892
1466 0.001997870341448
1467 0.002102252688767
1468 0.001945957756459
1469 0.001732256913774
1470 0.001459387117595
1471 0.001234522305278
1472 0.001298253351008
1473 0.001137792788223
1474 0.001160594382429
1475 0.001338154565485
1476 0.001213851945227
1477 0.001327081321400
1478 0.001318451666203
1479 0.001629746597683
1480 0.001778718487560
1481 0.002082851111356
1482 0.002418176094604
1483 0.002264544435725
1484 0.002145248118751
1485 0.002034304934071
1486 0.002310016376731
1487 0.002423873033295
1488 0.002298640000330
1489 0.002436527457702
1490 0.002681367089987
1491 0.002955500557744
1492 0.002928651058855
1493 0.002812692253455
1494 0.002975262001705
1495 0.003202566891292
1496 0.003164346784641
1497 0.003408076141817
1498 0.003122578901808
1499 0.003350041903426
1500 0.003310064939945
1501 0.003385313811886
1502 0.003558619421260
1503 0.003587901675772
1504 0.003899078603310
1505 0.003833371723061
1506 0.003672656682940
1507 0.003608675949715
1508 0.003521238376358
1509 0.003426211585780
1510 0.003320975898707
1511 0.003499842620574
1512 0.003628975175587
1513 0.003500174325279
1514 0.003568798769765
1515 0.003733970271673
1516 0.003737319146912
1517 0.003575101361776
1518 0.003399182904543
1519 0.003314123339243
1520 0.003563422394641
1521 0.003432515154773
1522 0.003657588228222
1523 0.003707412293631
1524 0.003913949510856
1525 0.004106243658769
1526 0.003812824981795
1527 0.003719487768593
1528 0.003787515368476
1529 0.003730687916139
1530 0.003425149677960
1531 0.003294201557669
1532 0.003120823670503
1533 0.003073815986759
1534 0.003059405252931
1535 0.003297293486321
1536 0.002978864951935
1537 0.002735195842005
1538 0.002552042651956
1539 0.002668238078665
1540 0.002436296962490
1541 0.002633135466230
1542 0.002366146493629
1543 0.002367028350913
1544 0.002506160890717
1545 0.002633307092396
1546 0.002517374608699
1547 0.002700246395656
1548 0.002707896635721
1549 0.002667303872837
1550 0.002368918011182
1551 0.002080663545801
1552 0.001857361174461
1553 0.001941656406152
1554 0.001994143481176
1555 0.002016820632213
1556 0.002146732370750
1557 0.002196274093176
1558 0.001979457814661
1559 0.002030297460551
1560 0.002300577026933
1561 0.002164299851353
1562 0.002170218739736
1563 0.002262838350145
1564 0.002451892776408
1565 0.002381292819600
1566 0.002568507468413
1567 0.002794011893151
1568 0.002761903731326
1569 0.002593837322817
1570 0.002732316660008
1571 0.002890990500208
1572 0.003081680398136
1573 0.002881941457073
1574 0.002831496876010
1575 0.003084064900783
1576 0.003192777677692
1577 0.002974463624099
1578 0.002726149473946
1579 0.002966044865764
1580 0.003221340353804
1581 0.003523478949320
1582 0.003482640313690
1583 0.003761669702948
1584 0.003791780768191
1585 0.004020697289753
1586 0.004153601484539
1587 0.003851312751846
1588 0.003750993892357
1589 0.003681021755025
1590 0.003680962039375
1591 0.003755175031620
1592 0.003785430425118
1593 0.003759276185674
1594 0.003460490004132
1595 0.003511921988051
1596 0.003348624835901
1597 0.003511285668434
1598 0.003586135944019
1599 0.003578419025912
1600 0.003478273098473
1601 0.003499254696581
1602 0.003784231031669
1603 0.004005521526257
1604 0.003748636361562
1605 0.003537844675723
1606 0.003689950337008
1607 0.003468117156380
1608 0.003226125317402
1609 0.003522702350275
1610 0.003513744826984
1611 0.003410248801886
1612 0.003264115631192
1613 0.002994989562267
1614 0.003113270516086
1615 0.002881463476494
1616 0.002604571720788
1617 0.002341057709631
1618 0.002530224590704
1619 0.002661714442100
1620 0.002497578554843
1621 0.002473338717217
1622 0.002388278008967
1623 0.002513410991801
1624 0.002581689346333
1625 0.002489535445082
1626 0.002301403838529
1627 0.002495192469018
1628 0.002663736147357
1629 0.002622162711030
1630 0.002715585261497
1631 0.002574133811902
1632 0.002381304379498
1633 0.002679410471983
1634 0.002958310468669
1635 0.002894618312205
1636 0.003023244161885
1637 0.003009470835707
1638 0.002733169140582
1639 0.002797525966743
1640 0.003076731950110
1641 0.003104038289899
1642 0.003196215243342
1643 0.003406337878935
1644 0.003279118543534
1645 0.003088601866781
1646 0.003249821717406
1647 0.003323035144919
1648 0.003345517557744
1649 0.003238600493042
1650 0.003182987993984
1651 0.003009666518407
1652 0.002969467441199
1653 0.002916532463717
1654 0.002828426871285
1655 0.002773466387976
1656 0.002508314770691
1657 0.002672422769997
1658 0.002611295827182
1659 0.002761213604338
1660 0.002843370029710
1661 0.002895098063951
1662 0.003160726560819
1663 0.003149934557517
1664 0.003042916820064
1665 0.002818324632635
1666 0.002871561835114
1667 0.002698538560386
1668 0.002636340910304
1669 0.002636611633516
1670 0.002831449159530
1671 0.003107654271603
1672 0.003047309748213
1673 0.003213362796009
1674 0.003273181208236
1675 0.003396850117265
1676 0.003379244012264
1677 0.003451119223919
1678 0.003639209459534
1679 0.003471179101921
1680 0.003238195342292
1681 0.003388111758079
1682 0.003663158540986
1683 0.003670253608008
1684 0.003554924817333
1685 0.003747435163452
1686 0.003853360736207
1687 0.003594508757695
1688 0.003572760699844
1689 0.003417788769950
1690 0.003253501442635
1691 0.003279772216968
1692 0.003214447007517
1693 0.003156107795673
1694 0.002963845099444
1695 0.003251500772677
1696 0.003015710761737
1697 0.002830303173313
1698 0.002686787466695
1699 0.002729159001311
1700 0.002556486360520
1701 0.002366264249645
1702 0.002409251581083
1703 0.002251166791157
1704 0.002208903707160
1705 0.002314308591864
1706 0.002457925315337
1707 0.002211523314998
1708 0.002420787913704
1709 0.002559411529956
1710 0.002335626999190
1711 0.002385670735952
1712 0.002665557106156
1713 0.002447539064112
1714 0.002210539778401
1715 0.002426937942071
1716 0.002277572111690
1717 0.002542822397850
1718 0.002664223105005
1719 0.002820395965090
1720 0.002627980774803
1721 0.002414501366285
1722 0.002199630848145
1723 0.002481910053679
1724 0.002221510545318
1725 0.002110630518237
1726 0.001892955940849
1727 0.001611376409398
1728 0.001511614448351
1729 0.001486418477445
1730 0.001583725593851
1731 0.001501969804483
1732 0.001526058414947
1733 0.001756726665145
1734 0.001659265163259
1735 0.001471888454777
1736 0.001487522000106
1737 0.001481009582894
1738 0.001495037713139
1739 0.001683696777934
1740 0.001642658589063
1741 0.001685335229892
1742 0.001925973398676
1743 0.001711467321014
1744 0.001633145986614
1745 0.001567559984914
1746 0.001719539459735
1747 0.001818056126868
1748 0.002013462672004
1749 0.001802257226761
1750 0.001728955619757
1751 0.001762459531933
1752 0.001699144535258
1753 0.001537799071657
1754 0.001756521180393
1755 0.001851848395423
1756 0.001884317190587
1757 0.001757977551416
1758 0.001920302493069
1759 0.001898142805122
1760 0.001893273091273
1761 0.001824016997290
1762 0.001679583557917
1763 0.001931066655476
1764 0.001853256355013
1765 0.002021655591058
1766 0.002184449300556
1767 0.002236983143360
1768 0.001961933490026
1769 0.002209576569507
1770 0.002216791007151
1771 0.002184504512111
1772 0.002206758192228
1773 0.002049207008299
1774 0.002183061700662
1775 0.001962500029405
1776 0.002193060710501
1777 0.002280361794046
1778 0.002455126872744
1779 0.002575660171530
1780 0.002321175178896
1781 0.002213929342431
1782 0.002412157094795
1783 0.002247424487455
1784 0.002347207401258
1785 0.002074198041423
1786 0.001915509226497
1787 0.001642364423330
1788 0.001404332899604
1789 0.001494154177423
1790 0.001605208311529
1791 0.001452828704441
1792 0.001325806161222
1793 0.001531447144878
1794 0.001618772078003
1795 0.001495212099699
1796 0.001295021077193
1797 0.001541492895372
1798 0.001512514127392
1799 0.001238590182622
1800 0.001260242708609
1801 0.001051695100724
1802 0.001068835406961
1803 0.001087846408341
1804 0.001346373097280
1805 0.001339539731608
1806 0.001386461705920
1807 0.001416641786226
1808 0.001225677479535
1809 0.001091046696337
1810 0.001002119037385
1811 0.000980841307158
1812 0.001131991842645
1813 0.001027377397746
1814 0.000808625639931
1815 0.000622867621098
1816 0.000525691627373
1817 0.000543957275081
1818 0.000407963016603
1819 0.000472468601871
1820 0.000555105334714
1821 0.000317003043669
1822 0.000567025782430
1823 0.000310560044025
1824 0.000484260492844
1825 0.000412966666483
1826 0.000664863002679
1827 0.000758370906137
1828 0.000486361716987
1829 0.000746202275200
1830 0.000665118590212
1831 0.000514695465453
1832 0.000364671257926
1833 0.000348493117564
1834 0.000204381111191
1835 0.000143524737405
1836 0.000112281770116
1837 0.000184869398620
1838 0.000118048843500
1839 0.000181250387573
1840 0.000179097731041
1841 0.000354566684213
1842 0.000356365825610
1843 0.000234670752261
1844 0.000252799024386
1845 0.000412131415946
1846 0.000334597604819
1847 0.000539931288030
1848 0.000745446910189
1849 0.000551614649660
1850 0.000736820639354
1851 0.000784532332937
1852 0.000678362714525
1853 0.000524139331854
1854 0.000587838648403
1855 0.000715673791407
1856 0.000825199775365
1857 0.001022530329380
1858 0.000821213339757
1859 0.000678573814380
1860 0.000620145226714
1861 0.000543189733880
1862 0.000352078616476
1863 0.000462511887892
1864 0.000208951274277
1865 0.000314120773565
1866 0.000193079090742
1867 0.000400226957621
1868 0.000494864933817
1869 0.000340860651183
1870 0.000204086859010
1871 0.000297961293691
1872 0.000438319330459
1873 0.000419559100671
1874 0.000624848638037
1875 0.000725628146594
1876 0.000912804343326
1877 0.000973004724650
1878 0.001136343592107
1879 0.001012331761416
1880 0.001243135894886
1881 0.001464265697922
1882 0.001436097607746
1883 0.001622398981833
1884 0.001452627454983
1885 0.001582586445923
1886 0.001627512598449
1887 0.001720570251874
1888 0.001854771643517
1889 0.001995465156490
1890 0.001905893980818
1891 0.002053297342428
1892 0.002195423505847
1893 0.002054751407386
1894 0.001804445050289
1895 0.001884209870260
1896 0.001932374507532
1897 0.001911046616293
1898 0.001841221967665
1899 0.001655135313884
1900 0.001645497975312
1901 0.001816971761599
1902 0.001731339181237
1903 0.001945730553886
1904 0.002179470908640
1905 0.002165462676053
1906 0.002044656665652
1907 0.002243623320005
1908 0.002281112814567
1909 0.002125185238590
1910 0.002069644015727
1911 0.001830054015419
1912 0.001855218468034
1913 0.002055805773262
1914 0.002228158147501
1915 0.002112064600658
1916 0.002117210554801
1917 0.002343320010250
1918 0.002522310010040
1919 0.002778198106692
1920 0.002947144597259
1921 0.002783064047513
1922 0.002949001334674
1923 0.002899101687342
1924 0.002868916637374
1925 0.003070826556188
1926 0.002928426972591
1927 0.002756812673335
1928 0.002502377685913
1929 0.002262007271418
1930 0.002415020671797
1931 0.002378223722236
1932 0.002240049361673
1933 0.002355729779577
1934 0.002227250412425
1935 0.002323572114867
1936 0.002256282910836
1937 0.002340682645756
1938 0.002364025102893
1939 0.002531358438410
1940 0.002293897865971
1941 0.002123843330381
1942 0.002072009926647
1943 0.002051182743505
1944 0.001870940534940
1945 0.001706273887854
1946 0.001836562196734
1947 0.001684109173885
1948 0.001916430862986
1949 0.002163787624753
1950 0.002363371464886
1951 0.002429803798065
1952 0.002196271411084
1953 0.002421618108438
1954 0.002452072110008
1955 0.002238421298871
1956 0.002132791819713
1957 0.002034996031775
1958 0.002119178851595
1959 0.002064665869870
1960 0.001930481808238
1961 0.001867844056456
1962 0.001663872882488
1963 0.001452491521916
1964 0.001609727816547
1965 0.001450156480251
1966 0.001428808344812
1967 0.001311661288811
1968 0.001205473302089
1969 0.001179750848565
1970 0.001308884664328
1971 0.001502197637640
1972 0.001304941834059
1973 0.001356734444675
1974 0.001196446135887
1975 0.001380667334584
1976 0.001373538210070
1977 0.001611425813615
1978 0.001775642486726
1979 0.001887740393359
1980 0.001861512264027
1981 0.001755990977951
1982 0.001952826696940
1983 0.001894239260935
1984 0.001897153792011
1985 0.001945756258520
1986 0.001980116124389
1987 0.001995925704268
1988 0.001766788359007
1989 0.001524621473094
1990 0.001390585364407
1991 0.001403424525363
1992 0.001519106893073
1993 0.001353930260103
1994 0.001120991905776
1995 0.001042756995793
1996 0.000808798191284
1997 0.000858351215842
1998 0.001096007634877
1999 0.001268470606141
2000 0.001404527846654
2001 0.001385911560103
2002 0.001620991693545
2003 0.001543792240089
2004 0.001421597168506
2005 0.001336188460356
2006 0.001251793220649
2007 0.001217823160403
2008 0.001131404270198
2009 0.000927875819185
2010 0.000732477476595
2011 0.000935462274812
2012 0.000703811676351
2013 0.000864981773643
2014 0.000657623805862
2015 0.000655171403430
2016 0.000817510262292
2017 0.000836872499943
2018 0.000854798926951
2019 0.000975850219268
2020 0.000884886659575
2021 0.000861662822867
2022 0.000724878707237
2023 0.000703277375000
2024 0.000896326695615
2025 0.001017001591382
2026 0.001013319909370
2027 0.001163597224214
2028 0.001169179481158
2029 0.001282011559327
2030 0.001336471562333
2031 0.001243989914377
2032 0.001020070753489
2033 0.001116485588693
2034 0.001267095615508
2035 0.001302637738382
2036 0.001398038346976
2037 0.001164205449363
2038 0.001157318928063
2039 0.001050937787067
2040 0.001181617097009
2041 0.001343611985543
2042 0.001333106273304
2043 0.001186150927161
2044 0.001338105104497
2045 0.001545723657387
2046 0.001779194603696
2047 0.001650085904481
2048 0.001613054005041
2049 0.001759355360113
2050 0.001675731676651
2051 0.001582303105196
2052 0.001808335884605
2053 0.001760711004337
2054 0.001854076457675
2055 0.002089644550744
2056 0.002014801698830
2057 0.001942508379517
2058 0.001904559523233
2059 0.001831648179547
2060 0.002010827122356
2061 0.002115382732155
2062 0.002004035263315
2063 0.001908496127264
2064 0.002069455415531
2065 0.002142139834218
2066 0.001917250041695
2067 0.001737792485206
2068 0.001529792353707
2069 0.001591984157518
2070 0.001532818945106
2071 0.001506200119883
2072 0.001565248519575
2073 0.001495841838514
2074 0.001376365380430
2075 0.001362584124115
2076 0.001402148987767
2077 0.001208260449000
2078 0.001399231699228
2079 0.001637900178517
2080 0.001406972676736
2081 0.001248498561523
2082 0.001429476333147
2083 0.001207932406011
2084 0.001069212867634
2085 0.000853403050559
2086 0.000745661943168
2087 0.000583891227874
2088 0.000629748648266
2089 0.000565731806904
2090 0.000456386717759
2091 0.000691362768753
2092 0.000884622476572
2093 0.000770715105242
2094 0.000927944033635
2095 0.001137071611446
2096 0.000970402866312
2097 0.000741361869486
2098 0.000913769826283
2099 0.000921465463211
2100 0.000756554198869
2101 0.000811839928083
2102 0.000829767425736
2103 0.000681685559462
2104 0.000648386643395
2105 0.000546951200298
2106 0.000567755970079
2107 0.000458565802100
2108 0.000527466718969
2109 0.000403641789416
2110 0.000311222329891
2111 0.000234049337927
2112 0.000403978917414
2113 0.000198565898383
2114 0.000401664348553
2115 0.000352081274621
2116 0.000140807643364
2117 0.000058304956812
2118 0.000145316217975
2119 0.000021988495379
2120 0.000010520127821
2121 0.000176709840695
2122 0.000133729688025
2123 0.000042652394259
2124 0.000211685115440
2125 0.000198658607183
2126 0.000404124349494
2127 0.000254072228330
2128 0.000452478723085
2129 0.000510013544216
2130 0.000605740899855
2131 0.000407097336145
2132 0.000602536090329
2133 0.000565630564472
2134 0.000703228341252
2135 0.000833533766053
2136 0.000817661988014
2137 0.000628647586976
2138 0.000444509976501
2139 0.000335915648497
2140 0.000457179123802
2141 0.000304195134330
2142 0.000316233753217
2143 0.000294800834350
2144 0.000455818365097
2145 0.000375905550541
2146 0.000517322595756
2147 0.000650993186670
2148 0.000671183565493
2149 0.000732089107310
2150 0.000901335356191
2151 0.000794383049143
2152 0.001025603894720
2153 0.001235027774474
2154 0.001433941402285
2155 0.001322969113163
2156 0.001412092141529
2157 0.001530276813775
2158 0.001686347939771
2159 0.001562960544595
2160 0.001331766355368
2161 0.001380228614170
2162 0.001527271169277
2163 0.001505180993867
2164 0.001439875602730
2165 0.001368766077880
2166 0.001168907409672
2167 0.001285365052597
2168 0.001156481752525
2169 0.001149239669795
2170 0.001081832155715
2171 0.000999205832960
2172 0.001151581686723
2173 0.001117934385822
2174 0.000906290897287
2175 0.001053497327516
2176 0.001162560104823
2177 0.001000191979107
2178 0.001059261275645
2179 0.001183077694191
2180 0.001026667478769
2181 0.000898459536322
2182 0.001120051417691
2183 0.001305247662779
2184 0.001514361032784
2185 0.001635786048285
2186 0.001727146586079
2187 0.001948228967673
2188 0.002079011266685
2189 0.002066702259641
2190 0.002157345147156
2191 0.002025021928781
2192 0.001876004682030
2193 0.002068326205581
2194 0.002141073965396
2195 0.001930991038950
2196 0.002128150709554
2197 0.002226943634633
2198 0.002286261406286
2199 0.002335125355924
2200 0.002423537111305
2201 0.002440090211962
2202 0.002401891905735
2203 0.002453428934490
2204 0.002650424196214
2205 0.002866845687568
2206 0.002914897175628
2207 0.003098921357164
2208 0.003294548816566
2209 0.003365272350570
2210 0.003352833888859
2211 0.003163753821414
2212 0.003233038933464
2213 0.003230214243975
2214 0.003037396420822
2215 0.003021784601523
2216 0.003091568381681
2217 0.003093163265001
2218 0.003141509361202
2219 0.002964166565492
2220 0.002944554679588
2221 0.002768348313069
2222 0.002645274039831
2223 0.002509325365385
2224 0.002424828553560
2225 0.002416736166500
2226 0.002487161929644
2227 0.002701013211151
2228 0.002519453300085
2229 0.002386381026437
2230 0.002273625544206
2231 0.002056238442738
2232 0.001866179084080
2233 0.001971642313800
2234 0.002057998280450
2235 0.002047928919592
2236 0.001900922618183
2237 0.001848401554431
2238 0.002033221170964
2239 0.002054865645018
2240 0.002235717258322
2241 0.002154532052808
2242 0.002204413220069
2243 0.002382506421818
2244 0.002436170162171
2245 0.002429124619711
2246 0.002226665155978
2247 0.002280290229244
2248 0.002324499667286
2249 0.002154731947739
2250 0.002223962098771
2251 0.002438582749016
2252 0.002637019552812
2253 0.002421426275540
2254 0.002555480446745
2255 0.002527103357871
2256 0.002487969892741
2257 0.002414902298788
2258 0.002450782646446
2259 0.002295002589884
2260 0.002347946240927
2261 0.002420316245530
2262 0.002388206677839
2263 0.002515892762934
2264 0.002466317501447
2265 0.002503768490740
2266 0.002335594148270
2267 0.002212731520286
2268 0.002115333472448
2269 0.002017836173593
2270 0.001813337842486
2271 0.001926086676568
2272 0.001769405447270
2273 0.001791042097193
2274 0.001571626306702
2275 0.001395554247499
2276 0.001193509746840
2277 0.001156572083154
2278 0.000983875994412
2279 0.000927194136135
2280 0.000849557197354
2281 0.000866236950047
2282 0.000729366711852
2283 0.000663371221569
2284 0.000581505006596
2285 0.000570682376189
2286 0.000662404864544
2287 0.000718301452632
2288 0.000698485390858
2289 0.000645678631869
2290 0.000434513058242
2291 0.000506913316620
2292 0.000365312340627
2293 0.000319241805525
2294 0.000123773814640
2295 0.000289359326781
2296 0.000253251571679
2297 0.000332655599278
2298 0.000454658675400
2299 0.000387688300668
2300 0.000337766022001
2301 0.000518284470319
2302 0.000606048352944
2303 0.000488598721201
2304 0.000316113967179
2305 0.000423327560982
2306 0.000533173455458
2307 0.000551989771810
2308 0.000623141955280
2309 0.000669528197236
2310 0.000828925760475
2311 0.001014075135021
2312 0.000935784447698
2313 0.000816577498588
2314 0.001002834500506
2315 0.000789792992328
2316 0.000962568410032
2317 0.000774312068627
2318 0.000686268456975
2319 0.000474594043187
2320 0.000387194050807
2321 0.000190143287140
2322 0.000272708288263
2323 0.000183744505761
2324 0.000130181524850
2325 0.000067680153699
2326 0.000069766289918
2327 0.000065149195374
2328 0.000074152120062
2329 0.000088096666121
2330 0.000193564960966
2331 0.000382200747260
2332 0.000560929370426
2333 0.000470911825888
2334 0.000587160148943
2335 0.000642324926839
2336 0.000466979912761
2337 0.000671693336330
2338 0.000792642813323
2339 0.000989277667521
2340 0.000942994875370
2341 0.000821888059018
2342 0.001032242446924
2343 0.001044160240739
2344 0.000987550470242
2345 0.000845010866391
2346 0.000827155344921
2347 0.000791986239216
2348 0.000612619360051
2349 0.000483557869974
2350 0.000450479094381
2351 0.000366879375551
2352 0.000537215816456
2353 0.000553022825247
2354 0.000681061053887
2355 0.000749350830647
2356 0.000623799567039
2357 0.000544504155949
2358 0.000753573761098
2359 0.000607844046152
2360 0.000453022285090
2361 0.000333368211707
2362 0.000451422155135
2363 0.000390205245055
2364 0.000446190399308
2365 0.000502305917351
2366 0.000438364473778
2367 0.000515622370253
2368 0.000571041816882
2369 0.000710324394805
2370 0.000842075949907
2371 0.000836735313643
2372 0.000771347951439
2373 0.000855146605501
2374 0.000653568382841
2375 0.000744672906351
2376 0.000709229701796
2377 0.000721540282467
2378 0.000877899515578
2379 0.000734188192423
2380 0.000691759100206
2381 0.000651754837671
2382 0.000543065192288
2383 0.000428315321168
2384 0.000318295191461
2385 0.000266029593593
2386 0.000238993570073
2387 0.000249215802911
2388 0.000272669258431
2389 0.000228523936448
2390 0.000430333103642
2391 0.000605120904645
2392 0.000588399897764
2393 0.000402759223527
2394 0.000276403399314
2395 0.000434082437355
2396 0.000268580336962
2397 0.000464682198326
2398 0.000450683004826
2399 0.000458355742462
2400 0.000361162207948
2401 0.000412067518983
2402 0.000314012196429
2403 0.000160154262708
2404 0.000042191978205
2405 0.000083692012304
2406 0.000000318142590
2407 0.000117613931444
2408 0.000018594203489
2409 0.000199633535754
2410 0.000286371755613
2411 0.000451218512237
2412 0.000477595560460
2413 0.000490019123167
2414 0.000613038145545
2415 0.000547556909128
2416 0.000378545837474
2417 0.000172860170116
2418 0.000293030140166
2419 0.000488813778477
2420 0.000608540824180
2421 0.000742081589455
2422 0.000841714203303
2423 0.000719024933884
2424 0.000887609765919
2425 0.000772903620570
2426 0.000915653029450
2427 0.000807523190565
2428 0.000973960658587
2429 0.000778951644626
2430 0.000590280157346
2431 0.000752456404859
2432 0.000648550874874
2433 0.000792537265276
2434 0.000934234831265
2435 0.001110787138981
2436 0.001150327101451
2437 0.001034987908427
2438 0.000879858570167
2439 0.000697596336603
2440 0.000653126803635
2441 0.000719122589639
2442 0.000863906962651
2443 0.000984383971047
2444 0.001177257220204
2445 0.001336476573840
2446 0.001406762308629
2447 0.001520471277177
2448 0.001365186052858
2449 0.001512736226990
2450 0.001404226216640
2451 0.001530740665892
2452 0.001421409102334
2453 0.001431833842326
2454 0.001304449928088
2455 0.001222196572683
2456 0.001038731515418
2457 0.001168142501607
2458 0.001046082225893
2459 0.000883051653906
2460 0.000840551998006
2461 0.000904212897137
2462 0.001024378588243
2463 0.001095750334733
2464 0.001095285030762
2465 0.000904271979381
2466 0.000890804472825
2467 0.000735207534799
2468 0.000612711384154
2469 0.000590114184633
2470 0.000422381970748
2471 0.000387820306388
2472 0.000384420169832
2473 0.000226145605214
2474 0.000086682212373
2475 0.000062252694691
2476 0.000260855030362
2477 0.000392904939690
2478 0.000218418818876
2479 0.000352234118268
2480 0.000446717396435
2481 0.000332164171015
2482 0.000425988525661
2483 0.000339713368298
2484 0.000361730683979
2485 0.000554650346828
2486 0.000584926341674
2487 0.000408784944633
2488 0.000503436885974
2489 0.000513232700790
2490 0.000625750785681
2491 0.000588070425307
2492 0.000563660726997
2493 0.000587802899878
2494 0.000545573568219
2495 0.000649797265904
2496 0.000656942748557
2497 0.000777212113964
2498 0.000799910928275
2499 0.000654669664622
2500 0.000726646483959
2501 0.000851779006753
2502 0.000712624745137
2503 0.000883361737222
2504 0.000985341896160
2505 0.000833653167134
2506 0.000994134168075
2507 0.000883253329065
2508 0.000858736450232
2509 0.000695396211489
2510 0.000707755256361
2511 0.000831541556047
2512 0.000845491662143
2513 0.000676198156640
2514 0.000785446012771
2515 0.000771835336116
2516 0.000743597521640
2517 0.000856236331031
2518 0.000934304051551
2519 0.000924049702283
2520 0.000869807561771
2521 0.000888488760476
2522 0.001016262232351
2523 0.000980129465081
2524 0.001087882132988
2525 0.001268979207357
2526 0.001428003085523
2527 0.001421102236370
2528 0.001415381894270
2529 0.001338313718536
2530 0.001433886063004
2531 0.001630305685589
2532 0.001540473910216
2533 0.001427016999006
2534 0.001280226892274
2535 0.001127596002582
2536 0.000954426617500
2537 0.000832619078703
2538 0.000957338978363
2539 0.001013273477123
2540 0.001199733839602
2541 0.001172017195286
2542 0.001080080780871
2543 0.001135835983148
2544 0.001033218332609
2545 0.001091916139859
2546 0.001267251156171
2547 0.001135143313826
2548 0.001031167643115
2549 0.000864970684048
2550 0.000976911180159
2551 0.001001286914215
2552 0.001096917270903
2553 0.001182013595286
2554 0.001262739613456
2555 0.001407435931746
2556 0.001424481776475
2557 0.001512098844343
2558 0.001338620091063
2559 0.001153239433850
2560 0.001003073701735
2561 0.000940001795581
2562 0.000908597023958
2563 0.000868461255285
2564 0.000939043026776
2565 0.000837782227023
2566 0.000837923512149
2567 0.000803905328931
2568 0.000758157590959
2569 0.000590912587416
2570 0.000410011628981
2571 0.000227211184333
2572 0.000383493234310
2573 0.000536210023638
2574 0.000535988103081
2575 0.000611255715614
2576 0.000635414581798
2577 0.000758840939916
2578 0.000805806836781
2579 0.000965108414833
2580 0.000883527547662
2581 0.000794718382208
2582 0.000833731025045
2583 0.000708966882887
2584 0.000537882799064
2585 0.000432384243207
2586 0.000483316218573
2587 0.000653099734507
2588 0.000657324459300
2589 0.000649437701123
2590 0.000787990483444
2591 0.000710419271428
2592 0.000791248612458
2593 0.000890298027335
2594 0.000966341174074
2595 0.000837348145532
2596 0.000939979740831
2597 0.000955570604789
2598 0.000878609737861
2599 0.000815517313350
2600 0.001003058036480
2601 0.000911213755522
2602 0.000951568731209
2603 0.000837143520683
2604 0.000984643103606
2605 0.000918348823976
2606 0.000883580950358
2607 0.000825069056166
2608 0.000856223006569
2609 0.000707618811048
2610 0.000622743544865
2611 0.000615570356467
2612 0.000467753245919
2613 0.000516467906301
2614 0.000404602919766
2615 0.000268394611226
2616 0.000235505845300
2617 0.000240599757793
2618 0.000068091048888
2619 0.000043550642616
2620 0.000085257846939
2621 0.000226311183923
2622 0.000044849895919
2623 0.000077133354527
2624 0.000247306382347
2625 0.000311718088846
2626 0.000205578463921
2627 0.000206534650495
2628 0.000217415180053
2629 0.000118138986782
2630 0.000279040447362
2631 0.000177064532815
2632 0.000170845509403
2633 0.000328858544352
2634 0.000512329838028
2635 0.000529122798252
2636 0.000364625488418
2637 0.000402556457955
2638 0.000264912398409
2639 0.000382052975643
2640 0.000219974976805
2641 0.000306898847886
2642 0.000480905032468
2643 0.000469623573299
2644 0.000371078984325
2645 0.000242114331178
2646 0.000411346515886
2647 0.000321455791665
2648 0.000323564500589
2649 0.000431542385471
2650 0.000373465980123
2651 0.000349945400907
2652 0.000492344535098
2653 0.000445262775559
2654 0.000431061353411
2655 0.000271428583039
2656 0.000418224191820
2657 0.000564300087632
2658 0.000517436686010
2659 0.000523220511202
2660 0.000657704043217
2661 0.000824679585852
2662 0.000778502023589
2663 0.000650488029751
2664 0.000540100461451
2665 0.000585056668373
2666 0.000409469804836
2667 0.000225686067283
2668 0.000078177386604
2669 0.000105882683171
2670 0.000163883996400
2671 0.000107360148409
2672 0.000177368292042
2673 0.000343755494787
2674 0.000401813494048
2675 0.000431365060664
2676 0.000600531921927
2677 0.000649100380944
2678 0.000797237133182
2679 0.000727184066478
2680 0.000590374574492
2681 0.000514306075717
2682 0.000590732509955
2683 0.000601350979629
2684 0.000480832616148
2685 0.000417496425987
2686 0.000489682885668
2687 0.000346482475649
2688 0.000264063860024
2689 0.000390651776474
2690 0.000439529765812
2691 0.000415967014639
2692 0.000384281078071
2693 0.000255895248968
2694 0.000261082715549
2695 0.000303187692853
2696 0.000316374147167
2697 0.000286728941742
2698 0.000461106654032
2699 0.000440060595508
2700 0.000395241931594
2701 0.000427072700349
2702 0.000294783286735
2703 0.000257887693361
2704 0.000122582080776
2705 0.000228767941162
2706 0.000058452013493
2707 0.000126086309136
2708 0.000007559668954
2709 0.000074105318568
2710 0.000016840577868
2711 0.000109612359485
2712 0.000214332947231
2713 0.000145931866277
2714 0.000059601928758
2715 0.000052679037162
2716 0.000107770356554
2717 0.000241761980689
2718 0.000325717213916
2719 0.000427117651337
2720 0.000357198814675
2721 0.000301955523241
2722 0.000233149375141
2723 0.000089575414781
2724 0.000161292995966
2725 0.000206910819746
2726 0.000201012246422
2727 0.000022895082108
2728 0.000161564792858
2729 0.000090243705509
2730 0.000210318605633
2731 0.000210878485509
2732 0.000197489057250
2733 0.000172131476858
2734 0.000041625070111
2735 0.000202932564280
2736 0.000082376461807
2737 0.000217652693488
2738 0.000391769855898
2739 0.000307858435919
2740 0.000217026977500
2741 0.000205623946951
2742 0.000281384376066
2743 0.000245650354437
2744 0.000276354140798
2745 0.000320449691556
2746 0.000492195580337
2747 0.000545445466808
2748 0.000571855843215
2749 0.000410552926055
2750 0.000380826166589
2751 0.000535921405837
2752 0.000429664526540
2753 0.000532532786647
2754 0.000552850985630
2755 0.000706159376281
2756 0.000708086912937
2757 0.000536088961347
2758 0.000440304162640
2759 0.000600285241163
2760 0.000767742764545
2761 0.000936934719893
2762 0.001083863973763
2763 0.001158702746214
2764 0.001029150206266
2765 0.001150215699634
2766 0.001274897234835
2767 0.001140567085280
2768 0.001297258066248
2769 0.001252496741295
2770 0.001288691421857
2771 0.001192289656181
2772 0.001123749820515
2773 0.001225729144892
2774 0.001323570544234
2775 0.001294679007451
2776 0.001290978171583
2777 0.001196362539702
2778 0.001101693669384
2779 0.000965325667520
2780 0.001009088444236
2781 0.000960041304320
2782 0.000816892887129
2783 0.000736504235402
2784 0.000675677163367
2785 0.000519092502018
2786 0.000666405801142
2787 0.000568040394493
2788 0.000600041017036
2789 0.000629802945809
2790 0.000604218259859
2791 0.000761082456691
2792 0.000637475818352
2793 0.000747274947173
2794 0.000612712799003
2795 0.000704397134722
2796 0.000763499374857
2797 0.000916919319441
2798 0.001088430207479
2799 0.000975999172185
2800 0.000835822245030
2801 0.001013021145666
2802 0.001119054358821
2803 0.001215761518380
2804 0.001277569399962
2805 0.001332566778214
2806 0.001316786385889
2807 0.001443903063148
2808 0.001490001503689
2809 0.001527013535029
2810 0.001633348857394
2811 0.001598322646746
2812 0.001476529799246
2813 0.001325628371890
2814 0.001457714153774
2815 0.001604219851916
2816 0.001700411275702
2817 0.001732679358735
2818 0.001904914452773
2819 0.001993656650783
2820 0.002072662328301
2821 0.002164476438769
2822 0.002239412374005
2823 0.002148639485580
2824 0.002118599579021
2825 0.002270031143845
2826 0.002420941035413
2827 0.002370782539447
2828 0.002351376437247
2829 0.002423159041125
2830 0.002569963556177
2831 0.002624416218832
2832 0.002532450056113
2833 0.002460570507745
2834 0.002452434453220
2835 0.002423636507747
2836 0.002565387728319
2837 0.002726821742892
2838 0.002778075095333
2839 0.002781604976374
2840 0.002802099908779
2841 0.002865548722969
2842 0.002690522429547
2843 0.002700439037874
2844 0.002637054565877
2845 0.002662299782517
2846 0.002645988834638
2847 0.002648515105113
2848 0.002652123042325
2849 0.002711447598517
2850 0.002703994608208
2851 0.002798108834129
2852 0.002886326219766
2853 0.002803412428859
2854 0.002742960918035
2855 0.002828925485221
2856 0.002766353525866
2857 0.002762975916280
2858 0.002856669656375
2859 0.002746640082343
2860 0.002597346700645
2861 0.002721027412052
2862 0.002615812969422
2863 0.002766409069427
2864 0.002805308583060
2865 0.002834894526089
2866 0.002740482973112
2867 0.002718488072732
2868 0.002872248095327
2869 0.002764241461036
2870 0.002867757272292
2871 0.003031934208201
2872 0.003180079798569
2873 0.003323166474525
2874 0.003269293919665
2875 0.003214339640948
2876 0.003276030727848
2877 0.003144321096277
2878 0.003065602478681
2879 0.003078208570116
2880 0.003200925911295
2881 0.003084723513202
2882 0.003021575465710
2883 0.003003065315731
2884 0.002943901366520
2885 0.003104550808069
2886 0.003195580800333
2887 0.003125155485137
2888 0.003034965196594
2889 0.003087842973970
2890 0.003114145197856
2891 0.003071838128717
2892 0.003211648471245
2893 0.003352344327241
2894 0.003184634678731
2895 0.003198850709303
2896 0.003064534437755
2897 0.003146377691225
2898 0.003261092959319
2899 0.003373587265835
2900 0.003210320401241
2901 0.003348261342140
2902 0.003323153974713
2903 0.003393056242098
2904 0.003231381729021
2905 0.003243842424902
2906 0.003330370808975
2907 0.003277450418999
2908 0.003425255385624
2909 0.003500247408452
2910 0.003396827858931
2911 0.003226490647743
2912 0.003273336034760
2913 0.003409829807587
2914 0.003384406221902
2915 0.003521695117446
2916 0.003651779212002
2917 0.003555764812957
2918 0.003714711587859
2919 0.003865364001803
2920 0.003746355074466
2921 0.003790976974988
2922 0.003867832484506
2923 0.003743230226445
2924 0.003828497538787
2925 0.003708137910060
2926 0.003568770637754
2927 0.003634532763636
2928 0.003686283154517
2929 0.003692573251683
2930 0.003571613002772
2931 0.003672086544948
2932 0.003696483481395
2933 0.003628950129766
2934 0.003774088652392
2935 0.003864639999210
2936 0.003964190134019
2937 0.004053857995506
2938 0.003919069157596
2939 0.003883069677168
2940 0.003865906156166
2941 0.003855089885488
2942 0.003846054937256
2943 0.003739696275505
2944 0.003812868600165
2945 0.003729291977490
2946 0.003766322664700
2947 0.003748589235339
2948 0.003671009914953
2949 0.003550660482392
2950 0.003588654201899
2951 0.003591381119899
2952 0.003639121022949
2953 0.003591352332569
2954 0.003421332426521
2955 0.003552067565714
2956 0.003433419773916
2957 0.003547594443785
2958 0.003560477334958
2959 0.003588436874408
2960 0.003625024894626
2961 0.003753568923026
2962 0.003878594451047
2963 0.003768371823984
2964 0.003770850668345
2965 0.003787156869107
2966 0.003675326940092
2967 0.003734851566005
2968 0.003774184397845
2969 0.003706086691695
2970 0.003713578000756
2971 0.003782921337446
2972 0.003671376453473
2973 0.003508363342879
2974 0.003450892688336
2975 0.003580577958592
2976 0.003491135528030
2977 0.003506013007574
2978 0.003360288741622
2979 0.003382056222521
2980 0.003452375699283
2981 0.003375099636485
2982 0.003527127934712
2983 0.003397546892335
2984 0.003400958226741
2985 0.003319763111011
2986 0.003168070360891
2987 0.003172557947046
2988 0.003252281752259
2989 0.003158671710875
2990 0.003026264348939
2991 0.003183336972769
2992 0.003278402245511
2993 0.003357578155309
2994 0.003417491052721
2995 0.003345283711747
2996 0.003376875679298
2997 0.003267861776697
2998 0.003247817525447
2999 0.003381996143586
3000 0.003436963379870
3001 0.003510032597595
3002 0.003635439700522
3003 0.003702051731152
3004 0.003634224347241
3005 0.003637153848840
3006 0.003731273755402
3007 0.003793386047476
3008 0.003680643902620
3009 0.003706218680832
3010 0.003544809251472
3011 0.003389767841918
3012 0.003335414230272
3013 0.003213937890533
3014 0.003276726973573
3015 0.003119210034705
3016 0.003144962399980
3017 0.003179232958862
3018 0.003295220609008
3019 0.003187342434195
3020 0.003087972929052
3021 0.003197207052974
3022 0.003160548277622
3023 0.003161556753583
3024 0.003129923292777
3025 0.003203127033308
3026 0.003110245822742
3027 0.003191993304696
3028 0.003091680178613
3029 0.002993394044926
3030 0.002883198962706
3031 0.002880916697178
3032 0.002724787569103
3033 0.002633341973932
3034 0.002488318641279
3035 0.002375801392513
3036 0.002338420295571
3037 0.002377546990687
3038 0.002253216106836
3039 0.002333275240973
3040 0.002371656660442
3041 0.002527674118955
3042 0.002673727751580
3043 0.002771349788771
3044 0.002624885839091
3045 0.002558099816370
3046 0.002534061235357
3047 0.002511525623078
3048 0.002382824840436
3049 0.002221707956292
3050 0.002275298426873
3051 0.002172252995295
3052 0.002111530338335
3053 0.002139999084705
3054 0.002132712858710
3055 0.002074345931439
3056 0.002119347589048
3057 0.002096005791627
3058 0.002090939511577
3059 0.002174181235768
3060 0.002017109664001
3061 0.001995428638397
3062 0.002144566693601
3063 0.002096073726020
3064 0.002029216169820
3065 0.001934360560837
3066 0.001933819981636
3067 0.001838540539273
3068 0.001751878449336
3069 0.001617179010334
3070 0.001637673234921
3071 0.001655443021556
3072 0.001642988601112
3073 0.001710515922021
3074 0.001868512384462
3075 0.001708644085903
3076 0.001564727696406
3077 0.001485934858191
3078 0.001383455687878
3079 0.001412437155056
3080 0.001379885636964
3081 0.001381036475043
3082 0.001533012632809
3083 0.001525956405892
3084 0.001554918811032
3085 0.001452177453950
3086 0.001453199718586
3087 0.001422187034842
3088 0.001306178488245
3089 0.001347955720409
3090 0.001205828898442
3091 0.001132309067149
3092 0.001072719764213
3093 0.001034528168717
3094 0.001018780725793
3095 0.001063239410218
3096 0.000915892198196
3097 0.000830885362527
3098 0.000802260589058
3099 0.000845292775389
3100 0.000723934908814
3101 0.000668761978651
3102 0.000702190552006
3103 0.000629201456085
3104 0.000687033625160
3105 0.000646317977010
3106 0.000776469001254
3107 0.000866810691294
3108 0.000892880689059
3109 0.000990021938200
3110 0.000976731919729
3111 0.001092524652878
3112 0.000940715908679
3113 0.001012570682919
3114 0.001146640829259
3115 0.001029763860845
3116 0.001185771321608
3117 0.001111465550016
3118 0.001161239479995
3119 0.001062156996171
3120 0.000947846516514
3121 0.001098825288160
3122 0.001176031372233
3123 0.001243400034649
3124 0.001100093584539
3125 0.001066362616502
3126 0.001059678937737
3127 0.001158798900637
3128 0.001224071128795
3129 0.001326201497439
3130 0.001266817304565
3131 0.001109489761968
3132 0.001239079408568
3133 0.001262393993443
3134 0.001279481389226
3135 0.001123462402213
3136 0.000970927600923
3137 0.001032664017118
3138 0.000940717236966
3139 0.000824354337835
3140 0.000781729291076
3141 0.000706257993556
3142 0.000658373542410
3143 0.000542638950647
3144 0.000458741002315
3145 0.000524609645601
3146 0.000612301960851
3147 0.000613120397795
3148 0.000529096112340
3149 0.000664012558423
3150 0.000541827215708
3151 0.000688493878816
3152 0.000700740254340
3153 0.000751901442792
3154 0.000597417382774
3155 0.000607081570082
3156 0.000622362674665
3157 0.000602546134748
3158 0.000453050075761
3159 0.000550984804381
3160 0.000504240383572
3161 0.000534311151281
3162 0.000463469829704
3163 0.000354386626643
3164 0.000330732855346
3165 0.000188279094492
3166 0.000268630118009
3167 0.000320978525602
3168 0.000303577169597
3169 0.000382727243585
3170 0.000510625152309
3171 0.000558636286135
3172 0.000507982515153
3173 0.000413616325298
3174 0.000332935544983
3175 0.000221821660090
3176 0.000374065487021
3177 0.000465683862827
3178 0.000577643199517
3179 0.000534565803244
3180 0.000452830922820
3181 0.000588886489595
3182 0.000565043840402
3183 0.000557780004214
3184 0.000565153246661
3185 0.000603624492792
3186 0.000733600730053
3187 0.000672697057469
3188 0.000536922330490
3189 0.000392746867647
3190 0.000397261687515
3191 0.000512752469792
3192 0.000633825794766
3193 0.000580390013163
3194 0.000551460215972
3195 0.000528291474330
3196 0.000614128831959
3197 0.000678786587043
3198 0.000825392539626
3199 0.000903184047438
3200 0.000999206372759
3201 0.000982008968181
3202 0.000925037632949
3203 0.000867786188455
3204 0.000712671724247
3205 0.000867872719353
3206 0.000885283176614
3207 0.000778418831070
3208 0.000665922264946
3209 0.000546924466943
3210 0.000531810686474
3211 0.000594776900913
3212 0.000460799196561
3213 0.000409404322703
3214 0.000499246312510
3215 0.000461604908464
3216 0.000384583138025
3217 0.000426921283478
3218 0.000508908631886
3219 0.000581609374051
3220 0.000701578642699
3221 0.000831681968812
3222 0.000946747614489
3223 0.000936970120283
3224 0.000818524904514
3225 0.000754905006859
3226 0.000634704257688
3227 0.000575708671276
3228 0.000700480204545
3229 0.000853599532962
3230 0.000845724258539
3231 0.000919929762742
3232 0.000877328282995
3233 0.000937716133860
3234 0.000968142144929
3235 0.000833881567685
3236 0.000694038425471
3237 0.000810260482353
3238 0.000665138487248
3239 0.000681098591632
3240 0.000630747093336
3241 0.000552784913392
3242 0.000480943000942
3243 0.000491408697073
3244 0.000351065168864
3245 0.000439961355950
3246 0.000537329784236
3247 0.000647836714354
3248 0.000500622288217
3249 0.000642933369467
3250 0.000569086809896
3251 0.000443458763085
3252 0.000388564957756
3253 0.000469302680669
3254 0.000603947993411
3255 0.000735546409619
3256 0.000661889824967
3257 0.000659551091173
3258 0.000681707511956
3259 0.000792464424903
3260 0.000655495905880
3261 0.000553578912601
3262 0.000499531807080
3263 0.000480362309072
3264 0.000484448255051
3265 0.000593748277543
3266 0.000535243503390
3267 0.000545563278103
3268 0.000597948718210
3269 0.000699177953938
3270 0.000576177671556
3271 0.000668418902869
3272 0.000812938392156
3273 0.000772565221750
3274 0.000876824163516
3275 0.000817791499183
3276 0.000790100122462
3277 0.000702277425097
3278 0.000606309376256
3279 0.000478398141718
3280 0.000473850694074
3281 0.000608784048268
3282 0.000594330500527
3283 0.000638605994774
3284 0.000553625452769
3285 0.000609827139048
3286 0.000659502934535
3287 0.000545981257354
3288 0.000489811756963
3289 0.000408501361259
3290 0.000555637910320
3291 0.000542446979615
3292 0.000556642050435
3293 0.000600977131768
3294 0.000538310790944
3295 0.000638866862500
3296 0.000594334998076
3297 0.000708959535560
3298 0.000751861960557
3299 0.000750861831271
3300 0.000635517435738
3301 0.000780530514716
3302 0.000870097332469
3303 0.000817019535280
3304 0.000926921736775
3305 0.000964036869772
3306 0.000954864433213
3307 0.000919810062270
3308 0.000797880215541
3309 0.000715819924208
3310 0.000792226533001
3311 0.000903892357263
3312 0.000870192414170
3313 0.000743692523991
3314 0.000617954303837
3315 0.000620406213642
3316 0.000597616055397
3317 0.000702996878113
3318 0.000736815360946
3319 0.000848123087428
3320 0.000959998139708
3321 0.000981811709729
3322 0.000843394493560
3323 0.000805115303405
3324 0.000774562925606
3325 0.000898481399122
3326 0.000754797726369
3327 0.000900270974225
3328 0.000895092884824
3329 0.000950821372268
3330 0.001029294425731
3331 0.001035140851287
3332 0.001166749011689
3333 0.001265427723812
3334 0.001338237235373
3335 0.001406377749185
3336 0.001271402653981
3337 0.001131700391328
3338 0.001018050771821
3339 0.000897208316729
3340 0.000771745620987
3341 0.000889486656544
3342 0.000915738215254
3343 0.000814912835567
3344 0.000767740333500
3345 0.000650448726680
3346 0.000740341306509
3347 0.000724047241791
3348 0.000779128119390
3349 0.000857070887851
3350 0.000793287876927
3351 0.000759146127259
3352 0.000848197100496
3353 0.000731850127650
3354 0.000630370202961
3355 0.000687280842913
3356 0.000623116027103
3357 0.000609595794078
3358 0.000706293976710
3359 0.000683483559274
3360 0.000713974939172
3361 0.000654605114855
3362 0.000733983332008
3363 0.000673837636527
3364 0.000657035812705
3365 0.000797390846355
3366 0.000849644682550
3367 0.000979168288138
3368 0.000908595672643
3369 0.000919474512969
3370 0.001023277300335
3371 0.001133077811577
3372 0.001228237307333
3373 0.001146424530439
3374 0.001130127828827
3375 0.001194962499837
3376 0.001079906819072
3377 0.001085976715353
3378 0.001157785878892
3379 0.001048696807358
3380 0.001064871809241
3381 0.001130383840002
3382 0.001204107413904
3383 0.001193735265526
3384 0.001147519265000
3385 0.001185061570306
3386 0.001319894118295
3387 0.001178466401469
3388 0.001130804625533
3389 0.001057358228621
3390 0.001114032717538
3391 0.001127618145498
3392 0.001092597494895
3393 0.000998548061927
3394 0.001078090641489
3395 0.000989410385485
3396 0.001106478580205
3397 0.001159659429300
3398 0.001024102308030
3399 0.001086249348736
3400 0.001093619428716
3401 0.001127186818963
3402 0.001041268822675
3403 0.001167188658844
3404 0.001106675564858
3405 0.000965472373498
3406 0.000868801169138
3407 0.000895774487992
3408 0.001025341287643
3409 0.000911172689175
3410 0.001055926280100
3411 0.001013245652378
3412 0.001084566504959
3413 0.001218990201213
3414 0.001090999826741
3415 0.001158788426730
3416 0.001051953588325
3417 0.000934164914931
3418 0.000924208556195
3419 0.000941429950713
3420 0.000881504634078
3421 0.000822857659290
3422 0.000963009258013
3423 0.000973665976122
3424 0.000859317631309
3425 0.000801665845998
3426 0.000831816991632
3427 0.000834335596286
3428 0.000955263475924
3429 0.001082677944309
3430 0.000978535675918
3431 0.000848785101366
3432 0.000827298734812
3433 0.000694666835438
3434 0.000592227630104
3435 0.000466868737410
3436 0.000356008172413
3437 0.000346843866720
3438 0.000358298608131
3439 0.000464689105250
3440 0.000436511258785
3441 0.000571788164095
3442 0.000545376566515
3443 0.000594683558388
3444 0.000574075284885
3445 0.000696062378933
3446 0.000559949429092
3447 0.000574823313791
3448 0.000598711934007
3449 0.000610849627518
3450 0.000641292968414
3451 0.000773357013839
3452 0.000763847908350
3453 0.000817152691516
3454 0.000750478600477
3455 0.000690192723521
3456 0.000723552187297
3457 0.000712370505826
3458 0.000753049871785
3459 0.000859237675437
3460 0.000878495534882
3461 0.000841031398296
3462 0.000802653635395
3463 0.000946503148452
3464 0.000955398106196
3465 0.000882231449398
3466 0.001005166074844
3467 0.000864669457373
3468 0.000797300638774
3469 0.000669467783072
3470 0.000532651869843
3471 0.000431848246502
3472 0.000365800401121
3473 0.000351661477314
3474 0.000298034302267
3475 0.000155033534789
3476 0.000023593994756
3477 0.000052750284697
3478 0.000019071464843
3479 0.000101976953729
3480 0.000193407265560
3481 0.000267299603552
3482 0.000299418169671
3483 0.000292777879985
3484 0.000416242912724
3485 0.000360364495959
3486 0.000237448167176
3487 0.000133041354656
3488 0.000004448068844
3489 0.000048890047564
3490 0.000121728425889
3491 0.000146215218058
3492 0.000084562515213
3493 0.000050360918254
3494 0.000074540339817
3495 0.000011642220322
3496 0.000001903372945
3497 0.000065637617435
3498 0.000065560243866
3499 0.000160285878723
3500 0.000265084568602
3501 0.000198417054027
3502 0.000059279230179
3503 0.000013816162789
3504 0.000135914722860
3505 0.000187454245730
3506 0.000207523461406
3507 0.000265787133049
3508 0.000128120607886
3509 0.000225795641681
3510 0.000217391288380
3511 0.000342879933026
3512 0.000264205340270
3513 0.000353234713118
3514 0.000319570755947
3515 0.000249080959597
3516 0.000213526188547
3517 0.000206871871994
3518 0.000301775339280
3519 0.000417804936297
3520 0.000418592858702
3521 0.000458746865722
3522 0.000411830215464
3523 0.000305028841269
3524 0.000176653704233
3525 0.000206232320678
3526 0.000274976816242
3527 0.000249153019615
3528 0.000127341895032
3529 0.000037358223324
3530 0.000155975178597
3531 0.000280729208875
3532 0.000308010296889
3533 0.000326032693649
3534 0.000447561017808
3535 0.000344438594208
3536 0.000427774218760
3537 0.000557254353200
3538 0.000562634510775
3539 0.000576339826520
3540 0.000716275276125
3541 0.000800351195449
3542 0.000735619157481
3543 0.000610169532231
3544 0.000583470184537
3545 0.000618326375577
3546 0.000735259242462
3547 0.000642060514711
3548 0.000562907429592
3549 0.000630337506709
3550 0.000715827998226
3551 0.000758597425168
3552 0.000751026700103
3553 0.000709645320939
3554 0.000729321346307
3555 0.000827280448169
3556 0.000782475868915
3557 0.000705764920236
3558 0.000772129123255
3559 0.000804736730869
3560 0.000778564809912
3561 0.000800303975458
3562 0.000721378196913
3563 0.000631351024294
3564 0.000537388484302
3565 0.000448748850055
3566 0.000539725144873
3567 0.000629603741619
3568 0.000570857254276
3569 0.000628098393948
3570 0.000569080617970
3571 0.000481717406644
3572 0.000344998911810
3573 0.000269718320551
3574 0.000138700432535
3575 0.000024536401737
3576 0.000119730952113
3577 0.000003118788011
3578 0.000009769506360
3579 0.000010922452617
3580 0.000034256450643
3581 0.000103521872562
3582 0.000017272037356
3583 0.000119196959732
3584 0.000034315642758
3585 0.000093260254875
3586 0.000139095547791
3587 0.000154284252103
3588 0.000134569533845
3589 0.000269299369584
3590 0.000233215321105
3591 0.000147634134027
3592 0.000190436490105
3593 0.000052903697869
3594 0.000000328278838
3595 0.000012559166576
3596 0.000043822910329
3597 0.000124327930564
3598 0.000020803760129
3599 0.000065595543413
3600 0.000153678405469
3601 0.000115899282135
3602 0.000249269370281
3603 0.000263464839462
3604 0.000160530747179
3605 0.000294622182955
3606 0.000217418583388
3607 0.000094235754190
3608 0.000224908607786
3609 0.000160868977612
3610 0.000063765941679
3611 0.000023835502268
3612 0.000149660070158
3613 0.000056872679362
3614 0.000147866034174
3615 0.000190355962536
3616 0.000106350542099
3617 0.000164618620923
3618 0.000216908486399
3619 0.000283634632598
3620 0.000314098516823
3621 0.000179033448316
3622 0.000151051742522
3623 0.000093055802988
3624 0.000002115044141
3625 0.000006683903088
3626 0.000036169713034
3627 0.000045780694444
3628 0.000089529986134
3629 0.000106288573603
3630 0.000157903420850
3631 0.000170518075712
3632 0.000233571031139
3633 0.000153665717029
3634 0.000232489927795
3635 0.000179655482547
3636 0.000303995879846
3637 0.000328388378633
3638 0.000191929707836
3639 0.000184507571365
3640 0.000076852545684
3641 0.000097209415401
3642 0.000074413580299
3643 0.000167686500197
3644 0.000097465665692
3645 0.000020716666815
3646 0.000099617476709
3647 0.000120381169341
3648 0.000161386264312
3649 0.000253460264794
3650 0.000325802344701
3651 0.000417402112551
3652 0.000432360326503
3653 0.000313929173755
3654 0.000190018075954
3655 0.000153326923276
3656 0.000100737093737
3657 0.000070838527402
3658 0.000175642940913
3659 0.000042029087179
3660 0.000144829627134
3661 0.000132037227320
3662 0.000179664810194
3663 0.000152247360354
3664 0.000128751637714
3665 0.000097635357119
3666 0.000081835896134
3667 0.000057547504401
3668 0.000145921433536
3669 0.000049395968696
3670 0.000158694200655
3671 0.000289090590087
3672 0.000272538668070
3673 0.000188883583804
3674 0.000147768530854
3675 0.000269692914677
3676 0.000176621773235
3677 0.000277206548342
3678 0.000350898347604
3679 0.000224064951079
3680 0.000176367821819
3681 0.000085412629828
3682 0.000015285525784
3683 0.000016498095497
3684 0.000097196884402
3685 0.000112953018512
3686 0.000211369164178
3687 0.000124114247941
3688 0.000241578660381
3689 0.000154898274293
3690 0.000041412115734
3691 0.000105424255458
3692 0.000053523581802
3693 0.000177187670267
3694 0.000220909177703
3695 0.000240102596833
3696 0.000158636927308
3697 0.000268988209190
3698 0.000316149503212
3699 0.000344544295211
3700 0.000299566952887
3701 0.000360092935181
3702 0.000474498952185
3703 0.000340398462417
3704 0.000360121129218
3705 0.000392579268720
3706 0.000351371006689
3707 0.000320529186486
3708 0.000365008567353
3709 0.000394024130549
3710 0.000281717970298
3711 0.000308469569162
3712 0.000295545406616
3713 0.000329569200731
3714 0.000425204618005
3715 0.000407901512644
3716 0.000306586956021
3717 0.000341724439652
3718 0.000278328302865
3719 0.000303959310277
3720 0.000267954668654
3721 0.000157331341925
3722 0.000178781473682
3723 0.000064225746857
3724 0.000119970817118
3725 0.000114141350224
3726 0.000176814220326
3727 0.000300501681345
3728 0.000393360263943
3729 0.000277033453806
3730 0.000347738948270
3731 0.000312706544368
3732 0.000201073926278
3733 0.000182797669726
3734 0.000237088541916
3735 0.000105937949723
3736 0.000014931536248
3737 0.000116667356944
3738 0.000127011410104
3739 0.000135715765188
3740 0.000259244999406
3741 0.000321293096718
3742 0.000394285522466
3743 0.000327061199875
3744 0.000350382300498
3745 0.000298430554115
3746 0.000404600614274
3747 0.000384273622235
3748 0.000396549779517
3749 0.000394207274387
3750 0.000376242705642
3751 0.000392164701113
3752 0.000296131734638
3753 0.000209488440744
3754 0.000084644856306
3755 0.000040345634759
3756 0.000089197830905
3757 0.000142092041877
3758 0.000058888242634
3759 0.000005865824948
3760 0.000060117039423
3761 0.000089302912031
3762 0.000077515743576
3763 0.000166184050903
3764 0.000042638091683
3765 0.000083239449159
3766 0.000140623436772
3767 0.000167894035326
3768 0.000158417015317
3769 0.000097251594225
3770 0.000139320297673
3771 0.000260615532278
3772 0.000385794953173
3773 0.000258769125705
3774 0.000310394942069
3775 0.000264548068604
3776 0.000273649662732
3777 0.000214597575126
3778 0.000235812553746
3779 0.000131760898831
3780 0.000076641030931
3781 0.000173398478867
3782 0.000221417007192
3783 0.000176572983261
3784 0.000082746680303
3785 0.000127371328990
3786 0.000188580278470
3787 0.000151128561427
3788 0.000082894028304
3789 0.000016658685360
3790 0.000102125680607
3791 0.000094273614988
3792 0.000221967063145
3793 0.000259775380802
3794 0.000260972218150
3795 0.000169748800596
3796 0.000241576514774
3797 0.000238983560535
3798 0.000330957443340
3799 0.000300600683675
3800 0.000260249505008
3801 0.000208396020967
3802 0.000167203650189
3803 0.000264138470002
3804 0.000298006781189
3805 0.000341055815886
3806 0.000448391746320
3807 0.000456235080309
3808 0.000555095481066
3809 0.000455779656525
3810 0.000482327170204
3811 0.000386829083541
3812 0.000479228434875
3813 0.000402208257618
3814 0.000464113461851
3815 0.000427512204734
3816 0.000469568198033
3817 0.000479386975225
3818 0.000507387484406
3819 0.000507511733135
3820 0.000564200516511
3821 0.000548397445856
3822 0.000473822042959
3823 0.000359622199426
3824 0.000274729108710
3825 0.000242742967123
3826 0.000252389089108
3827 0.000225423207507
3828 0.000203591887216
3829 0.000244482275496
3830 0.000256406973330
3831 0.000240840179554
3832 0.000254457369945
3833 0.000136545271300
3834 0.000136813669931
3835 0.000265734156791
3836 0.000322467235114
3837 0.000351544602283
3838 0.000468241215623
3839 0.000453638782541
3840 0.000531040494564
3841 0.000526130565811
3842 0.000452493305170
3843 0.000455606363912
3844 0.000334776056049
3845 0.000246875203625
3846 0.000170028946961
3847 0.000284726183252
3848 0.000232627259513
3849 0.000104718712861
3850 0.000064256803174
3851 0.000004291905699
3852 0.000105049076383
3853 0.000114361380869
3854 0.000096755272396
3855 0.000095505688978
3856 0.000047055369791
3857 0.000105806203387
3858 0.000103490922105
3859 0.000021231130712
3860 0.000111567182403
3861 0.000226862858164
3862 0.000118485311224
3863 0.000232547048802
3864 0.000245315974495
3865 0.000123251560181
3866 0.000095651261274
3867 0.000030853142081
3868 0.000031728074150
3869 0.000014431485241
3870 0.000013089540371
3871 0.000043163123244
3872 0.000039772871528
3873 0.000153200699528
3874 0.000070180468407
3875 0.000173336795584
3876 0.000099673730391
3877 0.000133122430038
3878 0.000034271471752
3879 0.000021061876607
3880 0.000038550984772
3881 0.000019633295194
3882 0.000133539999057
3883 0.000221105789824
3884 0.000116459827131
3885 0.000005075984971
3886 0.000070485999971
3887 0.000051668592294
3888 0.000072412894205
3889 0.000096805283640
3890 0.000068157118940
3891 0.000050398652573
3892 0.000080215270361
3893 0.000158942442319
3894 0.000269260251605
3895 0.000380181036684
3896 0.000506635664555
3897 0.000385969381589
3898 0.000334356208679
3899 0.000275202712808
3900 0.000234734454636
3901 0.000268783686995
3902 0.000315021073229
3903 0.000377983290582
3904 0.000268588112928
3905 0.000285313763446
3906 0.000216931329764
3907 0.000234304719808
3908 0.000178361618300
3909 0.000201513532111
3910 0.000301953272990
3911 0.000254666039716
3912 0.000160092115707
3913 0.000089882223005
3914 0.000120677044127
3915 0.000189300642598
3916 0.000208698281290
3917 0.000174807856044
3918 0.000087793749087
3919 0.000172137511899
3920 0.000234750221032
3921 0.000326292557157
3922 0.000239261078827
3923 0.000345368769363
3924 0.000336549663700
3925 0.000368113710282
3926 0.000486204362855
3927 0.000591896465000
3928 0.000644350790484
3929 0.000638751251867
3930 0.000707128002302
3931 0.000826582401244
3932 0.000709127708149
3933 0.000795766660153
3934 0.000818568903118
3935 0.000944621473391
3936 0.000907381860839
3937 0.000968748998866
3938 0.000880135002529
3939 0.000772902132231
3940 0.000803560114385
3941 0.000732667406667
3942 0.000738698030358
3943 0.000827862670645
3944 0.000723350640183
3945 0.000655672889438
3946 0.000530747230292
3947 0.000518853149310
3948 0.000443686439476
3949 0.000546779146591
3950 0.000491733624826
3951 0.000586445029435
3952 0.000555763069578
3953 0.000589657098731
3954 0.000567685301440
3955 0.000459917373611
3956 0.000386623346311
3957 0.000340935821011
3958 0.000350445828113
3959 0.000320831452709
3960 0.000364499680939
3961 0.000431944347601
3962 0.000443880413795
3963 0.000491781640651
3964 0.000453076922167
3965 0.000539917178725
3966 0.000444156754511
3967 0.000384569210463
3968 0.000423967880586
3969 0.000484846376439
3970 0.000595064759862
3971 0.000596500962186
3972 0.000524806291329
3973 0.000518270238640
3974 0.000392326624991
3975 0.000349527820113
3976 0.000333662619234
3977 0.000238539710454
3978 0.000285085603474
3979 0.000281337223600
3980 0.000379940607300
3981 0.000312288279821
3982 0.000337581031495
3983 0.000224091584872
3984 0.000184120989455
3985 0.000087127926826
3986 0.000124479664669
3987 0.000105014893293
3988 0.000149164931916
3989 0.000121124133269
3990 0.000222124554772
3991 0.000273472786079
3992 0.000195112387516
3993 0.000135394077046
3994 0.000115105258082
3995 0.000194128020406
3996 0.000263429489323
3997 0.000278642685194
3998 0.000302165108616
3999 0.000341768245404
4000 0.000241814437687
4001 0.000126251973507
4002 0.000003462825515
4003 0.000099424109313
4004 0.000023055331998
4005 0.000028807503439
4006 0.000048871031416
4007 0.000161457385034
4008 0.000251155463078
4009 0.000374226189176
4010 0.000352253869889
4011 0.000252866632193
4012 0.000245807618875
4013 0.000127946811114
4014 0.000147839352160
4015 0.000214132564889
4016 0.000263556967150
4017 0.000148751169971
4018 0.000209169912304
4019 0.000303568853489
4020 0.000299295181478
4021 0.000403126341692
4022 0.000425376783131
4023 0.000485215952852
4024 0.000432785697401
4025 0.000422691316994
4026 0.000344695957070
4027 0.000327625023772
4028 0.000203799177539
4029 0.000155179563260
4030 0.000257405947565
4031 0.000165984174018
4032 0.000244784044593
4033 0.000281857580454
4034 0.000234275129296
4035 0.000185942566515
4036 0.000207463159940
4037 0.000153173820395
4038 0.000258151337796
4039 0.000153645219073
4040 0.000119824747949
4041 0.000107729072709
4042 0.000037166735085
4043 0.000085843573057
4044 0.000024499660956
4045 0.000078079415072
4046 0.000003405315994
4047 0.000020571799272
4048 0.000034849814251
4049 0.000114009717399
4050 0.000077090606132
4051 0.000008088820022
4052 0.000008135749558
4053 0.000112636888219
4054 0.000211732085694
4055 0.000192244367786
4056 0.000271808757201
4057 0.000218345113586
4058 0.000258884394472
4059 0.000251172567602
4060 0.000350040525907
4061 0.000313984351889
4062 0.000209453028487
4063 0.000087896306701
4064 0.000107348648494
4065 0.000220563632868
4066 0.000122019954687
4067 0.000147730117681
4068 0.000183510488210
4069 0.000150207613390
4070 0.000134909149698
4071 0.000095441274138
4072 0.000102276501656
4073 0.000005181552691
4074 0.000043698474254
4075 0.000074824820567
4076 0.000044252478912
4077 0.000076834755736
4078 0.000186302399485
4079 0.000156968964858
4080 0.000223548433506
4081 0.000224009946097
4082 0.000344477222853
4083 0.000264875826981
4084 0.000333218101545
4085 0.000443035133493
4086 0.000370083278619
4087 0.000265962645763
4088 0.000198653400094
4089 0.000246173485568
4090 0.000363075834200
4091 0.000246244243391
4092 0.000167634538692
4093 0.000262680712362
4094 0.000167357206010
4095 0.000179569221804
4096 0.000135949537459
