1 0.124999876510934
2 0.079610082373024
3 0.094739508408259
4 0.102304322770951
5 0.106843122656916
6 0.104606467733409
7 0.107296232512382
8 0.046273267714677
9 0.049385546221045
10 0.001172066343390
11 0.010297953903012
12 0.007274723826326
13 0.014337162445723
14 0.022240251467494
15 0.017984873059993
16 0.021350888282242
17 0.027447237971333
18 0.030585908237787
19 0.035553898830180
20 0.036636522211882
21 0.027199624778696
22 0.030819156482642
23 0.034913906523986
24 0.038667477034576
25 0.040823197803466
26 0.040267990996653
27 0.038258701009009
28 0.041347527342811
29 0.015094770725142
30 0.003210543510157
31 0.007139235343594
32 0.014580624809079
33 0.029246908517277
34 0.024712267275307
35 0.020436932143428
36 0.016397393739571
37 0.013472938973903
38 0.009831886180998
39 0.006449051025896
40 0.004467514235987
41 0.014470229140732
42 0.011149509399301
43 0.007983791062609
44 0.007644761050895
45 0.007848110809475
46 0.005029537899775
47 0.008943011771170
48 0.006152564870217
49 0.018155386991132
50 0.015305095720868
51 0.012554015412616
52 0.009908822508145
53 0.007363378286862
54 0.006838341837555
55 0.004466312799863
56 0.003114568908184
57 0.000937796040285
58 0.001223952511523
59 0.003225961485264
60 0.005255528460605
61 0.007218552474856
62 0.007822969094396
63 0.009682833496114
64 0.011464135418781
65 0.011407815394666
66 0.013128909073642
67 0.012124306328359
68 0.009846865572668
69 0.011215905163736
70 0.012369208459353
71 0.013955557419816
72 0.015497661394546
73 0.016997693430237
74 0.018386715301772
75 0.019808225755124
76 0.013243651680170
77 0.014664960260352
78 0.015613942488992
79 0.011258628639645
80 0.012680395781648
81 0.011074489090564
82 0.012463599412383
83 0.012590281772612
84 0.013928492703882
85 0.015235216319131
86 0.016196224788629
87 0.017302150636140
88 0.018228381612270
89 0.019351968171165
90 0.020194583109500
91 0.018228734512257
92 0.019377451002754
93 0.018786290932259
94 0.019916224007446
95 0.012366706311129
96 0.013523550141603
97 0.007793893863886
98 0.008753081922923
99 0.006466188840564
100 0.003892034391343
101 0.005091123159745
102 0.005600246899597
103 0.006757256248032
104 0.007894204934054
105 0.009009498215329
106 0.002850757732155
107 0.003594810270236
108 0.004695023772876
109 0.005641330564232
110 0.006725708332391
111 0.004603785445464
112 0.005663496039116
113 0.006711605447453
114 0.007749189107565
115 0.008574608677304
116 0.009578159597701
117 0.010564541807151
118 0.011452948809673
119 0.012407118754550
120 0.010381596402845
121 0.007404942164129
122 0.008368834334106
123 0.009278681063087
124 0.006736428251134
125 0.007678649794670
126 0.005035888398398
127 0.005980484451665
128 0.006901464662661
129 0.007286941319763
130 0.003676843929148
131 0.004602967294587
132 0.004982786389953
133 0.005835916525673
134 0.006640781226153
135 0.000617427270362
136 0.001530917500063
137 0.000255692422378
138 0.000539982838722
139 0.004789180643078
140 0.007001817656674
141 0.007812858577422
142 0.006877559790130
143 0.005955339093822
144 0.009887350701504
145 0.012298592305205
146 0.011753692664949
147 0.010823411466096
148 0.009905685928545
149 0.009468863553336
150 0.008572411738434
151 0.007736276443736
152 0.006863011840131
153 0.011030416409047
154 0.010151542765600
155 0.009549047540468
156 0.008736604130745
157 0.007948520527759
158 0.007317204583171
159 0.006485022335031
160 0.005663241111265
161 0.005325971399863
162 0.008552261074568
163 0.007739194015776
164 0.006929826195437
165 0.006130567379433
166 0.005420394567344
167 0.004668057851432
168 0.005894503207760
169 0.005225057766009
170 0.006763567512500
171 0.005999037244518
172 0.005237415615801
173 0.004485434955788
174 0.003741280387035
175 0.003061860514059
176 0.002334411544441
177 0.005102902672607
178 0.004372002089300
179 0.003649253482416
180 0.002934535407534
181 0.002227714770071
182 0.002003095155771
183 0.001309188262543
184 0.001297173191513
185 0.004727060095029
186 0.005685034679851
187 0.008405285514739
188 0.007736708659120
189 0.007040119855547
190 0.006345171916368
191 0.005657500859215
192 0.005013958554585
193 0.004340311101692
194 0.003674284366245
195 0.003982706781947
196 0.003324631747357
197 0.002682318916086
198 0.002460944412342
199 0.002081249473203
200 0.001807537504749
201 0.001182745995685
202 0.000561368489771
203 0.000057155758139
204 0.002137367029530
205 0.005072122655587
206 0.004453352669405
207 0.005625985683786
208 0.004997983796642
209 0.004838467123171
210 0.005039326373235
211 0.004598682252834
212 0.004020132965121
213 0.003414406268497
214 0.002826603324302
215 0.002315581001643
216 0.001728443128475
217 0.001588473796900
218 0.001051409944995
219 0.000729217791815
220 0.000165085336924
221 0.000401272509537
222 0.000948821338339
223 0.000984023850417
224 0.000930969690192
225 0.000371276556093
226 0.000696051704973
227 0.000793855493398
228 0.002408726434310
229 0.002396301191534
230 0.001843481387003
231 0.001297194753540
232 0.000760181448023
233 0.000281136504543
234 0.001532418145295
235 0.000994255930664
236 0.000460387421608
237 0.000054448396119
238 0.000408975047028
239 0.000797943041649
240 0.000137395799449
241 0.000381180222409
242 0.000779393045981
243 0.001290442303310
244 0.001797175295125
245 0.002171725498800
246 0.002498615242088
247 0.002993902324195
248 0.003485034749208
249 0.003972532038571
250 0.003253394146425
251 0.003736556797892
252 0.001378300310424
253 0.001904772529453
254 0.001588117017067
255 0.001092177144154
256 0.001411661526341
257 0.000919818002470
258 0.001445679244995
259 0.000958493181845
260 0.000933254473010
261 0.000500295915408
262 0.000121389372721
263 0.000354357096447
264 0.000826461482711
265 0.001286767075714
266 0.001686686308176
267 0.002137615996989
268 0.002044358558448
269 0.002498925323412
270 0.002627804721314
271 0.001726175153708
272 0.002081793466295
273 0.002489737897510
274 0.002936855600871
275 0.003307129743600
276 0.003748045929333
277 0.003520877271324
278 0.003957852500745
279 0.004391654860657
280 0.003480814252503
281 0.003912951810663
282 0.004342023708554
283 0.002297239813320
284 0.001889689215414
285 0.002321653073172
286 0.002750524123504
287 0.003163440991946
288 0.003180200639666
289 0.002898660069737
290 0.002081870595713
291 0.001287885908717
292 0.000057412055525
293 0.000483837270352
294 0.000255275113684
295 0.000169302381344
296 0.002440481543004
297 0.002141273803208
298 0.003067964394877
299 0.002639646447201
300 0.002214189321548
301 0.003111728847767
302 0.005215581176931
303 0.005373991480219
304 0.004945129666139
305 0.004963384891531
306 0.004538667948719
307 0.004164815666535
308 0.003750216576131
309 0.003333620801798
310 0.004249101814821
311 0.003833520046802
312 0.003582026082466
313 0.003172575541953
314 0.002765397833266
315 0.002362290832044
316 0.001961890182841
317 0.001595348915874
318 0.002351434926682
319 0.002047807589538
320 0.001650972966624
321 0.001256426962502
322 0.000864326417704
323 0.001503075858322
324 0.001283256397269
325 0.001995499556307
326 0.001619378813355
327 0.001232266060325
328 0.000858420826883
329 0.000518706964225
330 0.002248398594039
331 0.004263973187317
332 0.004121335801971
333 0.003733584817922
334 0.003349096483121
335 0.002965980423480
336 0.002599489750497
337 0.002221437180167
338 0.003789908913822
339 0.003410013603854
340 0.003364897890661
341 0.003421037663756
342 0.003768622435433
343 0.006006474961112
344 0.005625720752339
345 0.005247673768939
346 0.004871235407046
347 0.004498888017342
348 0.004126788903307
349 0.005933545796483
350 0.005572446725340
351 0.006081273639015
352 0.006105810454082
353 0.005736643389177
354 0.005368009082672
355 0.005078515424297
356 0.004718035836649
357 0.004356201288850
358 0.003995741278009
359 0.005936318239983
360 0.005574842219965
361 0.005353123834805
362 0.004993111564709
363 0.004635003819839
364 0.004278952108778
365 0.003984054221469
366 0.003631638799718
367 0.004973367854067
368 0.005483783371533
369 0.005262167321160
370 0.004957769470845
371 0.004607479020133
372 0.005220803968509
373 0.004875640420517
374 0.004528380232730
375 0.004245845995822
376 0.003903994024954
377 0.003567414728429
378 0.003227300703995
379 0.004102671110342
380 0.004064376193219
381 0.003725624549667
382 0.003796868667817
383 0.003460624318960
384 0.003126301310546
385 0.002793587705561
386 0.002710252267600
387 0.004549375506297
388 0.004215488800402
389 0.003893929899545
390 0.003563996562962
391 0.003263936591959
392 0.003571269472069
393 0.003245487335995
394 0.002920043791095
395 0.002930435673010
396 0.004828432007131
397 0.004506616520720
398 0.004603184364639
399 0.004382238847642
400 0.004059053992590
401 0.003802492276881
402 0.003482088067237
403 0.005132904801287
404 0.005068498188524
405 0.004749730485619
406 0.004477166507906
407 0.004159041157956
408 0.003843879377689
409 0.003529095740902
410 0.003230439939422
411 0.002918443751669
412 0.002678371067620
413 0.002369222469400
414 0.002084956636124
415 0.001780423667956
416 0.001476088369500
417 0.001173719261600
418 0.000871869824695
419 0.000576453477107
420 0.000918557018096
421 0.000887924582129
422 0.000589612428049
423 0.001173470574678
424 0.001325708844856
425 0.001071611297497
426 0.001008822548679
427 0.000725022611984
428 0.000436078004947
429 0.000758250894325
430 0.000558653214418
431 0.001517163638203
432 0.001225096339981
433 0.001743529074621
434 0.001451568531142
435 0.001536510469007
436 0.001246589194684
437 0.000957754410895
438 0.000670446724596
439 0.000385348232111
440 0.001385508926440
441 0.001813928082321
442 0.001527018742777
443 0.001241410291794
444 0.000957082791146
445 0.000748771390091
446 0.000467434310764
447 0.000186946917050
448 0.000064463894376
449 0.000437551404578
450 0.000158801290345
451 0.000032862266689
452 0.000923385264037
453 0.000645408701430
454 0.000368656704037
455 0.001094539816646
456 0.000838234580168
457 0.001723777142601
458 0.001447087677789
459 0.001310175199472
460 0.001040847488004
461 0.000767492861555
462 0.002544303340449
463 0.002268829729829
464 0.001994650714537
465 0.002217255481846
466 0.002190054206800
467 0.002116777413765
468 0.003175279168384
469 0.002901984357040
470 0.002703345613264
471 0.002432213244845
472 0.002162454805450
473 0.001893699782003
474 0.001643607944319
475 0.001383482184542
476 0.002839506639015
477 0.002571499356394
478 0.002823428687212
479 0.002558469748627
480 0.002480327864062
481 0.002643842991106
482 0.003404594785410
483 0.004757669135329
484 0.004720890458218
485 0.004453425432116
486 0.004187583182486
487 0.003973483848484
488 0.003709347398614
489 0.003486764440495
490 0.003676527004592
491 0.003414456684827
492 0.003169792993418
493 0.002933537489036
494 0.002678352623993
495 0.002427057124844
496 0.002237525310605
497 0.002065096192830
498 0.002616829376451
499 0.004324217722789
500 0.005888909247162
501 0.006129167703619
502 0.006830900087417
503 0.006612530542375
504 0.006437199296521
505 0.006185018800074
506 0.005937224974384
507 0.005678966754174
508 0.005430201000997
509 0.005174353923067
510 0.005361284529886
511 0.005288864309103
512 0.005034397139497
513 0.005058852730485
514 0.005111952274036
515 0.005150255061790
516 0.004898029865193
517 0.005622303910807
518 0.005370137306551
519 0.005618420086327
520 0.006452021782018
521 0.006317625303590
522 0.006088997798538
523 0.006096902551195
524 0.005847009408376
525 0.005598037750373
526 0.005589642998866
527 0.006268992544229
528 0.007674213651799
529 0.007461141127438
530 0.007211847593291
531 0.006989405246105
532 0.006796740588898
533 0.006602289515762
534 0.006355856595538
535 0.006126679523573
536 0.005882040197246
537 0.007029133355229
538 0.007084032942505
539 0.008370866481450
540 0.008134143201277
541 0.007906851307072
542 0.007671204377662
543 0.007477442734791
544 0.007303423466742
545 0.007060675685463
546 0.006917611966868
547 0.006676446324020
548 0.006436160838031
549 0.006623082546314
550 0.006383776988076
551 0.006145427405666
552 0.007406400244532
553 0.007192390391605
554 0.006953775968756
555 0.006716053257708
556 0.006479153881345
557 0.006749886865117
558 0.007182932833021
559 0.006946690081327
560 0.008066046646368
561 0.007913250655382
562 0.007676750278057
563 0.007441213651905
564 0.007763163103533
565 0.007528184940506
566 0.007714452022662
567 0.007484264045625
568 0.007304030423926
569 0.007071665274968
570 0.006932616559148
571 0.006701564247625
572 0.006471316913675
573 0.006420663372570
574 0.006235929164529
575 0.006007717111871
576 0.006475422939623
577 0.006247705863733
578 0.006021117153559
579 0.005796015168491
580 0.006207981034492
581 0.006366357561118
582 0.006323387274095
583 0.006441289322518
584 0.006216322231516
585 0.005993365896726
586 0.005828022751488
587 0.005637839810141
588 0.005418663550655
589 0.005198493141109
590 0.004980697384179
591 0.005280296549870
592 0.005061167001362
593 0.004846372837419
594 0.004941697256040
595 0.004724222707606
596 0.004506608178016
597 0.004290512561199
598 0.004074310753288
599 0.004018802918794
600 0.004650001652084
601 0.004434330778610
602 0.004219733035344
603 0.004082402755001
604 0.003868800077721
605 0.004108932000154
606 0.003895880957249
607 0.003814616533401
608 0.003604249928439
609 0.003393081963631
610 0.003182601551989
611 0.003626059009172
612 0.003420589491175
613 0.003211112389957
614 0.003002299503328
615 0.002794998281431
616 0.002587539004291
617 0.002480087736054
618 0.002583413148528
619 0.002444952406951
620 0.002244758281722
621 0.003476926260988
622 0.003270371717255
623 0.003147599281360
624 0.003006528966363
625 0.002802157086772
626 0.002601938192163
627 0.002398450602020
628 0.002195733996721
629 0.002693798757876
630 0.003815990851841
631 0.003816432876692
632 0.003612609407227
633 0.003418116744943
634 0.004424772486953
635 0.005372656646825
636 0.005239444040287
637 0.005039738462669
638 0.005696877793713
639 0.005493314803466
640 0.005541325308536
641 0.006666245388963
642 0.006794229591033
643 0.006802788414716
644 0.006604544222816
645 0.006407341037620
646 0.006215931725643
647 0.006791577631714
648 0.006589475631223
649 0.006387501424464
650 0.006185366817652
651 0.005983853197353
652 0.005811435599122
653 0.005737154528230
654 0.006332783146262
655 0.006132275082611
656 0.005968245400469
657 0.006079561239083
658 0.005881747449034
659 0.005684334543859
660 0.005585244491526
661 0.006607075623112
662 0.006408273461022
663 0.006462129123132
664 0.006371494586353
665 0.006180746003014
666 0.005986290247993
667 0.005793387466176
668 0.005598308001497
669 0.005409748879776
670 0.005221230872542
671 0.005027160840068
672 0.004923579759515
673 0.006030940939151
674 0.006922592891028
675 0.006728146397605
676 0.006533375638585
677 0.006439367532182
678 0.006245531766415
679 0.006052239378517
680 0.006021184551214
681 0.005830005479272
682 0.005638202295555
683 0.005447023234768
684 0.005494566486459
685 0.005307485061199
686 0.005149979951684
687 0.006084987026641
688 0.005894486340547
689 0.005705174539781
690 0.006440396393295
691 0.007040462045576
692 0.006857189029162
693 0.007668863048852
694 0.007529118587414
695 0.007339067758079
696 0.007499590576552
697 0.007414214690068
698 0.007224509874981
699 0.007173394950556
700 0.006996494118732
701 0.006808416072819
702 0.006620656347790
703 0.006433460001450
704 0.007548972567155
705 0.007424823209054
706 0.007535199396183
707 0.007357547873657
708 0.007199478022537
709 0.007013018956398
710 0.006827085128574
711 0.006902876610712
712 0.007403454385574
713 0.007217755492310
714 0.007042788063869
715 0.006858347321019
716 0.006674188542179
717 0.006745954363527
718 0.006562464176391
719 0.006381309015234
720 0.006395059179428
721 0.006212820158929
722 0.006031085380634
723 0.005849853160617
724 0.005758633178742
725 0.005579490438493
726 0.005411080296761
727 0.005235518404376
728 0.005067124853989
729 0.004910118064591
730 0.004951268897902
731 0.004773496984998
732 0.005000808209582
733 0.005182935326845
734 0.005043226160031
735 0.004866325102765
736 0.004745398049037
737 0.005246696495225
738 0.005397717499509
739 0.006019165221901
740 0.005842256999358
741 0.006335533360781
742 0.006190306362365
743 0.006159119419689
744 0.005982831916021
745 0.005809329060225
746 0.005639801403032
747 0.005464915457379
748 0.005290522474459
749 0.005116571901031
750 0.004943095250232
751 0.004846554149966
752 0.004673886540649
753 0.004517988347607
754 0.005000287812160
755 0.004829483307280
756 0.004657751189668
757 0.004646049738847
758 0.004545272884763
759 0.004374595404034
760 0.004204518275884
761 0.004035669729122
762 0.003869122194532
763 0.003711097401327
764 0.003542627711694
765 0.003374598160993
766 0.003207007861955
767 0.003039854010137
768 0.003380367502749
769 0.003213493354393
770 0.003046982329443
771 0.002942569668514
772 0.002776868816716
773 0.002611568857056
774 0.002593374457431
775 0.002567379097360
776 0.002463419132864
777 0.002299373574952
778 0.002242668394965
779 0.002079327358121
780 0.002590370986065
781 0.002427230209470
782 0.002415875126564
783 0.003193541130860
784 0.003030637490707
785 0.002868862929422
786 0.002928871172909
787 0.002774432807138
788 0.002614107725058
789 0.002575754257873
790 0.002415159060111
791 0.002254077948785
792 0.002165496907636
793 0.002850440699896
794 0.003496081373664
795 0.003334451159044
796 0.003175501153580
797 0.003055939929861
798 0.002912536320499
799 0.002811305457476
800 0.003401829735118
801 0.004396305787033
802 0.004847186241477
803 0.004691307505650
804 0.004529999909257
805 0.004369101120558
806 0.004999301618281
807 0.004950199090100
808 0.004789501516653
809 0.004629903262252
810 0.004469867271761
811 0.004388950201149
812 0.004229624297155
813 0.004071201370033
814 0.003912640197940
815 0.003761074294238
816 0.003604782528099
817 0.003992831961391
818 0.004131074815657
819 0.003973448790251
820 0.003991650353624
821 0.003834535068500
822 0.003677985109187
823 0.004215630201125
824 0.004058896730367
825 0.003912477003610
826 0.003756571683960
827 0.004447171994226
828 0.004298928104510
829 0.004155382097348
830 0.004593596722272
831 0.004438109020209
832 0.004282741173177
833 0.004129658811182
834 0.004010869520139
835 0.003858851870320
836 0.003704714494934
837 0.003550962369341
838 0.003397641187160
839 0.003244604710552
840 0.003091932888362
841 0.002985808047482
842 0.002833931980178
843 0.003582518476652
844 0.003430426103136
845 0.003279009227664
846 0.003127379366293
847 0.003731188367264
848 0.003579383361372
849 0.003471894532951
850 0.003921726272222
851 0.003770233876245
852 0.003620333568674
853 0.004135363753759
854 0.004238554031676
855 0.004155703951542
856 0.004469803268042
857 0.005393537960843
858 0.005806385532804
859 0.005654143666161
860 0.005979717638004
861 0.005828044372824
862 0.005683788294361
863 0.006325782372813
864 0.006173862483701
865 0.006022216405942
866 0.005871456386418
867 0.005724453562131
868 0.005573919483608
869 0.005423677385239
870 0.005751172710874
871 0.005601272655736
872 0.005455207555401
873 0.005305790722073
874 0.005156699428341
875 0.006005205147763
876 0.005938393050202
877 0.005789093053609
878 0.005640180564096
879 0.005705071073603
880 0.005594527791571
881 0.005850584216451
882 0.005747791472941
883 0.005865217629852
884 0.005723509510342
885 0.005575799332459
886 0.005897504630919
887 0.005749931345939
888 0.005604696511572
889 0.005552265953534
890 0.005405578014260
891 0.005259221158120
892 0.005113190641542
893 0.004968345221149
894 0.004858700166178
895 0.005108370544772
896 0.004963170334707
897 0.005798875030038
898 0.005653219267199
899 0.006120895311141
900 0.005975205517545
901 0.005829841777117
902 0.005737443284819
903 0.006270789618532
904 0.006129143617569
905 0.005984892163731
906 0.005842319377220
907 0.005699440866748
908 0.005602125156523
909 0.006246255807436
910 0.006102029865938
911 0.005995423274317
912 0.005853652059613
913 0.005710329365447
914 0.005567364415124
915 0.005424670550299
916 0.005380659057121
917 0.005238513833664
918 0.005096683168319
919 0.005108014880794
920 0.005007931750437
921 0.004878394328684
922 0.004737528391236
923 0.004752704975484
924 0.004612374318397
925 0.004472252843867
926 0.004522551518144
927 0.004385133280395
928 0.004245709645405
929 0.005164735889122
930 0.005037989914763
931 0.004900304943049
932 0.004793756419433
933 0.005604046151130
934 0.006041370837703
935 0.005901219639010
936 0.005762222887541
937 0.005622817974919
938 0.006440701979111
939 0.006885068519636
940 0.006764746426379
941 0.007313068683586
942 0.007321661191385
943 0.007182131981237
944 0.007042561498407
945 0.007592898401399
946 0.007452823810556
947 0.007314072169028
948 0.007196975244920
949 0.007074076512627
950 0.006935052690836
951 0.006823763202471
952 0.006801224777988
953 0.006663036103957
954 0.006759242499368
955 0.006885984787394
956 0.006804625843222
957 0.006937654666012
958 0.006840820172006
959 0.006706597886652
960 0.006573480164070
961 0.007233691371043
962 0.007840037652982
963 0.007702266840971
964 0.007566380947128
965 0.007495710160474
966 0.007362781398232
967 0.007872625084761
968 0.007740356120763
969 0.007625066131790
970 0.007488339259489
971 0.007352614543648
972 0.007535588474733
973 0.007671713765350
974 0.007535500506915
975 0.007479027696989
976 0.007343455391393
977 0.007208041927684
978 0.007073027847537
979 0.007245374163352
980 0.007112682183246
981 0.006978011114512
982 0.006851508236143
983 0.006757392976308
984 0.007028436020223
985 0.006996023379710
986 0.006862157132810
987 0.006731036467222
988 0.007040617605127
989 0.006941470300743
990 0.006808208097123
991 0.006675228060382
992 0.006543186360883
993 0.006410720314788
994 0.006821760070306
995 0.006736764201942
996 0.006655809721340
997 0.006523757763820
998 0.006512601074057
999 0.006381032852312
1000 0.006250364241345
1001 0.006120892852286
1002 0.005990307305853
1003 0.005860551976889
1004 0.005737549238181
1005 0.005613218440094
1006 0.006168669978338
1007 0.006038438350788
1008 0.005911321460893
1009 0.005785934236350
1010 0.005656737814911
1011 0.005558330885669
1012 0.005431240876491
1013 0.005308645410610
1014 0.005185234256305
1015 0.005110009083284
1016 0.004983107511161
1017 0.004991960377341
1018 0.004864266908456
1019 0.004843472703755
1020 0.005598712815670
1021 0.005470963546842
1022 0.005343301155896
1023 0.005220789149470
1024 0.005823822458637
1025 0.005715984713317
1026 0.005588581226537
1027 0.006246642826765
1028 0.006119197415615
1029 0.006041932136949
1030 0.005914713268428
1031 0.005797337807388
1032 0.005670596492614
1033 0.005544113483214
1034 0.005417861922988
1035 0.005498524484746
1036 0.005372805355096
1037 0.005247189632037
1038 0.005222470816481
1039 0.005371028532074
1040 0.005247492553602
1041 0.005122537627445
1042 0.004997729111983
1043 0.005489114955997
1044 0.005364125796195
1045 0.005242916811358
1046 0.005121539088595
1047 0.005012293410694
1048 0.005729821781390
1049 0.005605202863371
1050 0.005480817886799
1051 0.005358925743491
1052 0.005590273589971
1053 0.005523027293844
1054 0.005405397777417
1055 0.005430166202217
1056 0.005306679583143
1057 0.005183452760592
1058 0.005285791080999
1059 0.005162765644166
1060 0.005039970584391
1061 0.005762551036563
1062 0.005892294737641
1063 0.006025846912527
1064 0.006197379183520
1065 0.006074273472050
1066 0.005951314491333
1067 0.006374830698828
1068 0.006583481142684
1069 0.006512725233766
1070 0.006409829384034
1071 0.006649632327198
1072 0.007438388763547
1073 0.007367077610888
1074 0.007243830843935
1075 0.007122140702843
1076 0.006999350681265
1077 0.006963869590589
1078 0.006862660719361
1079 0.007475954132154
1080 0.007438732747586
1081 0.007353445688421
1082 0.007671053562018
1083 0.007548923489065
1084 0.007426645884371
1085 0.007304600385580
1086 0.007182774365154
1087 0.007061171076870
1088 0.007459235351450
1089 0.007384391060827
1090 0.007889897359738
1091 0.007768259352536
1092 0.007711601180473
1093 0.007590184686031
1094 0.008265290793406
1095 0.008143637478184
1096 0.008022156057128
1097 0.007952744969363
1098 0.007831658685736
1099 0.007710792754316
1100 0.008364928315036
1101 0.008247977184606
1102 0.008137321545623
1103 0.008021628272916
1104 0.008064549748536
1105 0.008213268625416
1106 0.008092822832747
1107 0.008697216205122
1108 0.009228394339317
1109 0.009355586205111
1110 0.009275671977601
1111 0.009635738404573
1112 0.009840726134631
1113 0.009719615632051
1114 0.009598814790215
1115 0.009551388476141
1116 0.009587670171004
1117 0.009469522737652
1118 0.009349248098484
1119 0.009229454480119
1120 0.009820944945158
1121 0.009700678075238
1122 0.009631872415342
1123 0.009697473203516
1124 0.009577635605047
1125 0.009979182078304
1126 0.009859373836601
1127 0.009739717531931
1128 0.009620267505769
1129 0.009501029339486
1130 0.009464182984891
1131 0.009345293344861
1132 0.009226613757295
1133 0.009108482859855
1134 0.009140501219983
1135 0.009095051063579
1136 0.008977096118924
1137 0.009736892240578
1138 0.009852509412318
1139 0.009912372853455
1140 0.009809304632755
1141 0.009691154497232
1142 0.009575335686988
1143 0.009524938960063
1144 0.009423971229824
1145 0.009306708708175
1146 0.009534371148712
1147 0.009480844114338
1148 0.009755593809669
1149 0.009638317770861
1150 0.009577604126681
1151 0.010191487376454
1152 0.010078124968926
1153 0.009961091852572
1154 0.009848438516963
1155 0.009731835645299
1156 0.009639354372070
1157 0.009666517437059
1158 0.009577301546465
1159 0.009466348668898
1160 0.009350535394013
1161 0.009234858850880
1162 0.009119338839057
1163 0.009007277302971
1164 0.009037996594569
1165 0.009413283460146
1166 0.009298008508217
1167 0.009500265781215
1168 0.010027817516843
1169 0.010156694419850
1170 0.010775071541767
1171 0.010979329602077
1172 0.010934916367380
1173 0.010819145106572
1174 0.010706134532145
1175 0.010654735986265
1176 0.010541961294284
1177 0.010460657869082
1178 0.010347692441435
1179 0.010238438510077
1180 0.010147508685043
1181 0.010034007026052
1182 0.009928541690180
1183 0.010047317756754
1184 0.010566654270382
1185 0.010452594468992
1186 0.010340737467121
1187 0.010396871537706
1188 0.010282966782785
1189 0.010256115050153
1190 0.010272353666805
1191 0.010176343463888
1192 0.010062947975792
1193 0.009998473810303
1194 0.009886651642593
1195 0.009774010718658
1196 0.010059160991792
1197 0.009946930172024
1198 0.009834288442556
1199 0.009761999623573
1200 0.010202287279580
1201 0.010157855603171
1202 0.010045418537851
1203 0.009933617295608
1204 0.010014009037191
1205 0.009902750052267
1206 0.009791012982582
1207 0.009690755723960
1208 0.009830010900174
1209 0.009718509064307
1210 0.009607171494433
1211 0.009536820536852
1212 0.010133205654103
1213 0.010040110485442
1214 0.009970337622134
1215 0.009910950693735
1216 0.009802985489905
1217 0.009728745231334
1218 0.009618700263284
1219 0.009634572037148
1220 0.009524215926160
1221 0.009414040747447
1222 0.009334145014605
1223 0.009224386776288
1224 0.009232799467473
1225 0.009142958487541
1226 0.009245367771180
1227 0.009144673662661
1228 0.009035446987332
1229 0.008926430370707
1230 0.009435803997722
1231 0.009327617611404
1232 0.009220213227304
1233 0.009208615621278
1234 0.009203713854681
1235 0.009401469687057
1236 0.009292754636935
1237 0.009184191424130
1238 0.009075807378068
1239 0.008967596007649
1240 0.008859643585886
1241 0.008751836250401
1242 0.009369016637965
1243 0.009260916095210
1244 0.009536903885561
1245 0.009429199090341
1246 0.010004505174306
1247 0.009896242061334
1248 0.009804064129005
1249 0.009696165522808
1250 0.009588552692502
1251 0.009481731926151
1252 0.009376957272732
1253 0.009269713092960
1254 0.009162639979336
1255 0.009085694384396
1256 0.008979005095078
1257 0.008872427519573
1258 0.008945355345000
1259 0.008838965593583
1260 0.008743370217773
1261 0.008637308862297
1262 0.008531416912546
1263 0.008425693130233
1264 0.008374714929266
1265 0.008284897261213
1266 0.008179616931622
1267 0.008080968469285
1268 0.007980314400798
1269 0.007877636471718
1270 0.007773015449208
1271 0.007668552051717
1272 0.007564340862587
1273 0.007467801094663
1274 0.007365487792830
1275 0.007261705434293
1276 0.007158054418929
1277 0.007054563381809
1278 0.007542452005538
1279 0.007444789004492
1280 0.007354403927975
1281 0.007251084021101
1282 0.007774205341184
1283 0.007695126892415
1284 0.007592301582691
1285 0.007577949214540
1286 0.007669728727085
1287 0.007571557678148
1288 0.007468738672950
1289 0.007371395861597
1290 0.007301256417489
1291 0.007198776745593
1292 0.007096473974179
1293 0.006994311215887
1294 0.006893019947675
1295 0.006791172066395
1296 0.006689485483618
1297 0.007203941380318
1298 0.007603000064952
1299 0.007530533492446
1300 0.007428587106930
1301 0.008055806960480
1302 0.008024176416461
1303 0.008112807108128
1304 0.008019210221428
1305 0.007917467693392
1306 0.007817344880293
1307 0.008113424142494
1308 0.008011757818888
1309 0.007990063866152
1310 0.007902024986980
1311 0.007800654998916
1312 0.007700264364635
1313 0.007599197933550
1314 0.007512282513405
1315 0.007485702374172
1316 0.007903959770986
1317 0.007934296900992
1318 0.007839441110869
1319 0.007738728881620
1320 0.008367750251484
1321 0.008266790561665
1322 0.008382365014454
1323 0.008288083894717
1324 0.008187620013977
1325 0.008167911566909
1326 0.008096658849517
1327 0.007996680553870
1328 0.008193625867497
1329 0.008093404934116
1330 0.007993444612297
1331 0.007896910999365
1332 0.007813024569669
1333 0.007713666358645
1334 0.007623538992260
1335 0.007524666405721
1336 0.007429953402787
1337 0.007343980199341
1338 0.007245068405478
1339 0.007146538061823
1340 0.007049883732835
1341 0.006952504049204
1342 0.007508637029557
1343 0.007907080407084
1344 0.007835123004618
1345 0.007925379338759
1346 0.007827511112360
1347 0.007729580366076
1348 0.008161740546400
1349 0.008063029476045
1350 0.008437072621194
1351 0.008338335592824
1352 0.008239908195007
1353 0.008572137922784
1354 0.008481141528170
1355 0.008385532739043
1356 0.008287819732233
1357 0.008190372278904
1358 0.008125795509391
1359 0.008031011677179
1360 0.008030941932021
1361 0.007950737386983
1362 0.008076665290037
1363 0.007999949473690
1364 0.007919698670186
1365 0.007829011352659
1366 0.007731779399489
1367 0.007680474632924
1368 0.007583486205507
1369 0.007506998360439
1370 0.007592414042440
1371 0.007599056050697
1372 0.007502409509993
1373 0.007405905373628
1374 0.007389738986481
1375 0.007454373320198
1376 0.007380618384629
1377 0.007543384081735
1378 0.007778279352154
1379 0.007681999295903
1380 0.007585852921397
1381 0.007789414336093
1382 0.007747035412187
1383 0.007802769551233
1384 0.007707259346280
1385 0.007611441834581
1386 0.007515782491838
1387 0.007420244396221
1388 0.007324840762287
1389 0.007243240993274
1390 0.007237780968976
1391 0.007143385962153
1392 0.007086889512383
1393 0.007009548079074
1394 0.006916540940254
1395 0.006821977288049
1396 0.006742103976006
1397 0.006683445841641
1398 0.007131751345475
1399 0.007066169626024
1400 0.006971939361808
1401 0.006877740975397
1402 0.006783682126117
1403 0.006695787305405
1404 0.006642206639112
1405 0.007057473008666
1406 0.006969572008310
1407 0.007081175861867
1408 0.006987377384444
1409 0.007245667406804
1410 0.007194178167262
1411 0.007100489878152
1412 0.007018085200108
1413 0.006924654213041
1414 0.006850999131241
1415 0.006763852889150
1416 0.006806394131420
1417 0.006713570650246
1418 0.006716416075728
1419 0.006873531283579
1420 0.006780664048812
1421 0.006881919715713
1422 0.007016286871169
1423 0.006940014748982
1424 0.006847380175266
1425 0.006754878924490
1426 0.006905864446247
1427 0.006863369260960
1428 0.006807702945442
1429 0.006743379940512
1430 0.006651251703325
1431 0.006581483000321
1432 0.006489597356199
1433 0.006397842843745
1434 0.006556495758470
1435 0.006465325176066
1436 0.006373788081599
1437 0.006282371450850
1438 0.006192181933611
1439 0.006104912267322
1440 0.006249757554016
1441 0.006167800882481
1442 0.006121007372103
1443 0.006107849651672
1444 0.006106143882128
1445 0.006015417093661
1446 0.006040727924111
1447 0.005950167750395
1448 0.005869386243800
1449 0.006067319939786
1450 0.005986103262148
1451 0.006302748092613
1452 0.006227949119195
1453 0.006220708277886
1454 0.006130460197928
1455 0.006040372512221
1456 0.005950376349302
1457 0.005860499633296
1458 0.005845287780636
1459 0.005755847646405
1460 0.005695070803601
1461 0.005696733035851
1462 0.005612570895335
1463 0.005543889188064
1464 0.005454739982894
1465 0.005991536078224
1466 0.005902223971981
1467 0.005813388271669
1468 0.005797633524693
1469 0.005867010482937
1470 0.006101807556516
1471 0.006196096399949
1472 0.006108181803028
1473 0.006097889198941
1474 0.006012150262175
1475 0.005923356887264
1476 0.005881213487833
1477 0.005792898761036
1478 0.005710597359438
1479 0.005622219673678
1480 0.005534047887852
1481 0.005445908760696
1482 0.005357888579346
1483 0.005341268361836
1484 0.005296357526737
1485 0.005246378156010
1486 0.005158729208204
1487 0.005071475051498
1488 0.005031099225565
1489 0.004943894112723
1490 0.004856683933186
1491 0.004769590277167
1492 0.004691255844419
1493 0.004645067799322
1494 0.004558336689269
1495 0.004471677181587
1496 0.004395834757191
1497 0.004309398459594
1498 0.004607730542447
1499 0.004521269240795
1500 0.004445957311038
1501 0.004360533874425
1502 0.004274435749374
1503 0.004191006490473
1504 0.004105108214890
1505 0.004036864107343
1506 0.004030506812877
1507 0.003961945635016
1508 0.003902043174297
1509 0.003845726366984
1510 0.003794828122281
1511 0.003709610167983
1512 0.003624633685142
1513 0.003589462382324
1514 0.003505478396802
1515 0.003420692486381
1516 0.003340532588327
1517 0.003337827179459
1518 0.003352885268036
1519 0.003293133941999
1520 0.003208730770904
1521 0.003176217409206
1522 0.003092003110512
1523 0.003009423423719
1524 0.002925432001433
1525 0.002841555735590
1526 0.003194420821332
1527 0.003138867920372
1528 0.003055943825190
1529 0.002987182418765
1530 0.003408234549441
1531 0.003376590049755
1532 0.003390450754202
1533 0.003319286973469
1534 0.003242251930707
1535 0.003158706939374
1536 0.003664328250862
1537 0.003829124322672
1538 0.003858503330144
1539 0.003774991230303
1540 0.003907413383698
1541 0.003823768359055
1542 0.004072943119749
1543 0.003994097322572
1544 0.003910645644652
1545 0.003827353401614
1546 0.003786010166554
1547 0.003702774831681
1548 0.003623738243362
1549 0.003551875110918
1550 0.003953145365449
1551 0.004303005407668
1552 0.004417047683017
1553 0.004334294084801
1554 0.004252466345799
1555 0.004172267571050
1556 0.004089379440805
1557 0.004007968841767
1558 0.004107737301908
1559 0.004026371355196
1560 0.003943662152469
1561 0.003919569972639
1562 0.003841290368737
1563 0.003759295869996
1564 0.003676977746041
1565 0.003614389452856
1566 0.003532269744966
1567 0.003450246144649
1568 0.003377737203009
1569 0.003390062971560
1570 0.003308371789864
1571 0.003226735451111
1572 0.003145173696170
1573 0.003210540278559
1574 0.003142533872275
1575 0.003061173594070
1576 0.002980162592408
1577 0.003087833670389
1578 0.003284470545690
1579 0.003203226630025
1580 0.003122085387384
1581 0.003041046750201
1582 0.002971176409537
1583 0.002890335490445
1584 0.002811902695683
1585 0.002731264744970
1586 0.002650824762632
1587 0.003100368853428
1588 0.003052431403444
1589 0.002991047792577
1590 0.002915222361472
1591 0.002835519329801
1592 0.002757498532813
1593 0.002685475814545
1594 0.003121499964146
1595 0.003042491114036
1596 0.003051611267367
1597 0.002971454875103
1598 0.002892048429058
1599 0.002817582893530
1600 0.002770600329143
1601 0.002693639467106
1602 0.002613930578651
1603 0.002534321847821
1604 0.002772151620336
1605 0.002868242779805
1606 0.002788664085961
1607 0.002913270906117
1608 0.003099529098794
1609 0.003019914723966
1610 0.002946042364721
1611 0.002901656947806
1612 0.002892275468897
1613 0.003188373466989
1614 0.003109106686783
1615 0.003265745647117
1616 0.003601533513245
1617 0.003876277423941
1618 0.003796631686723
1619 0.003717171868804
1620 0.003730850461594
1621 0.003659358770273
1622 0.003605844175265
1623 0.003526723030530
1624 0.003448375776256
1625 0.003398590179777
1626 0.003452501126292
1627 0.003373554732321
1628 0.003294718104082
1629 0.003227252506017
1630 0.003148943097640
1631 0.003136812551350
1632 0.003201066502386
1633 0.003122560031779
1634 0.003044149652454
1635 0.002983193426105
1636 0.002905061349192
1637 0.002833167591144
1638 0.003180120209872
1639 0.003102778410004
1640 0.003024666959843
1641 0.002949003721608
1642 0.002871439265628
1643 0.002793612362832
1644 0.002768921158460
1645 0.002830463992384
1646 0.002752824391111
1647 0.002675904513824
1648 0.002601060779218
1649 0.002561585853586
1650 0.002499096036535
1651 0.002531133319095
1652 0.002464842253168
1653 0.002401836437198
1654 0.002352228416771
1655 0.002289985338495
1656 0.002594099262243
1657 0.002517114114653
1658 0.002456828798439
1659 0.002380036741674
1660 0.002303781795782
1661 0.002228336428392
1662 0.002151785083759
1663 0.002081086791434
1664 0.002043055486908
1665 0.002194984297705
1666 0.002119775925723
1667 0.002154261501623
1668 0.002095018769245
1669 0.002023350648389
1670 0.001947291426868
1671 0.001871320576267
1672 0.001811755937030
1673 0.001735971428754
1674 0.001661185750153
1675 0.001585669080049
1676 0.001516797469256
1677 0.001441989700013
1678 0.001366640688233
1679 0.001394581573699
1680 0.001578395348578
1681 0.001503127184978
1682 0.001427917240191
1683 0.001356514751509
1684 0.001325943795862
1685 0.001250975559364
1686 0.001176287202210
1687 0.001465830013828
1688 0.001398160212665
1689 0.001408586192455
1690 0.001432460365100
1691 0.001359983338535
1692 0.001303298444902
1693 0.001244391242308
1694 0.001320241352089
1695 0.001245716135952
1696 0.001446023459400
1697 0.001508219020473
1698 0.001505860850191
1699 0.001432883829865
1700 0.001472293343331
1701 0.001545763832270
1702 0.001472871314438
1703 0.001490143492684
1704 0.001427351540953
1705 0.001353393793885
1706 0.001279368215520
1707 0.001527618572982
1708 0.001453539799520
1709 0.001379594943788
1710 0.001544893584714
1711 0.001472112454271
1712 0.001398238556810
1713 0.001546101712027
1714 0.001759608184667
1715 0.001685696181737
1716 0.001692522500052
1717 0.001618735358376
1718 0.001545131864467
1719 0.001471535452136
1720 0.001553306712407
1721 0.001689919215620
1722 0.001831218675338
1723 0.001757607985451
1724 0.002078663832335
1725 0.002047746484657
1726 0.002199112422068
1727 0.002644131593060
1728 0.002605622848274
1729 0.002539772014414
1730 0.002466296853851
1731 0.002418049120062
1732 0.002346877521037
1733 0.002273394089932
1734 0.002233952598409
1735 0.002308571215925
1736 0.002238215999657
1737 0.002170118303504
1738 0.002100047371727
1739 0.002026961764298
1740 0.001965154609028
1741 0.001893644399402
1742 0.001820800757046
1743 0.001967913735917
1744 0.001918950664851
1745 0.001864817505910
1746 0.001792178645283
1747 0.001719826372567
1748 0.001647333514686
1749 0.001786121814674
1750 0.001735314276584
1751 0.001664747451419
1752 0.001610217158298
1753 0.001639224342188
1754 0.001567024250293
1755 0.001495154033643
1756 0.001424969305656
1757 0.001410156149044
1758 0.001338261753801
1759 0.001273764160478
1760 0.001206888264565
1761 0.001155233403541
1762 0.001161299173305
1763 0.001089738596074
1764 0.001041944473251
1765 0.000970540096130
1766 0.000899219464069
1767 0.000828980452765
1768 0.001263216202558
1769 0.001191840728609
1770 0.001124113286107
1771 0.001062051307899
1772 0.000993309740973
1773 0.001018797644772
1774 0.000947806997458
1775 0.001124699515454
1776 0.001053683379876
1777 0.000983059375776
1778 0.000912207257200
1779 0.000841512254953
1780 0.001164318989463
1781 0.001134734760013
1782 0.001063952820345
1783 0.001102207803548
1784 0.001031714215577
1785 0.001464999315475
1786 0.001493734136863
1787 0.001930655109819
1788 0.002181177483715
1789 0.002110367992459
1790 0.002039477993471
1791 0.002059222191854
1792 0.002047739160290
1793 0.001976881874719
1794 0.001906407077137
1795 0.001891681161060
1796 0.002011695222928
1797 0.001941015371209
1798 0.001878942307643
1799 0.002331211730815
1800 0.002262885535934
1801 0.002409107358895
1802 0.002341134357091
1803 0.002273100661547
1804 0.002202550162310
1805 0.002137117444110
1806 0.002067873006072
1807 0.001999437975728
1808 0.002097713164871
1809 0.002096114860072
1810 0.002055992857287
1811 0.001992994903565
1812 0.001922926647658
1813 0.001893384552323
1814 0.002078585169612
1815 0.002166262040201
1816 0.002131704075644
1817 0.002064373761301
1818 0.002065668768350
1819 0.001996469702546
1820 0.001927038820460
1821 0.002195368037218
1822 0.002125557187761
1823 0.002489438012121
1824 0.002419546234926
1825 0.002371221461789
1826 0.002301467233252
1827 0.002232015293928
1828 0.002696100888758
1829 0.002626283447050
1830 0.002582656116218
1831 0.002604489412689
1832 0.002625944150378
1833 0.002562666152860
1834 0.002575918773097
1835 0.002523812194573
1836 0.002892901657838
1837 0.002845560603969
1838 0.002776596662253
1839 0.002725488467391
1840 0.002660098723591
1841 0.002729926730072
1842 0.002665047666946
1843 0.002595843748018
1844 0.002533333735672
1845 0.002572252179605
1846 0.002503547379981
1847 0.002655051339801
1848 0.002807704831349
1849 0.002738582862477
1850 0.002833322220722
1851 0.002777554735156
1852 0.002708690409385
1853 0.002639781870828
1854 0.002589637519463
1855 0.002584963028403
1856 0.002562396771676
1857 0.002692433153267
1858 0.002623707695251
1859 0.002555077598509
1860 0.002487264316172
1861 0.002419159907333
1862 0.002350729277889
1863 0.002329339650674
1864 0.002261029919108
1865 0.002235364507211
1866 0.002167241206867
1867 0.002330392587669
1868 0.002297188434916
1869 0.002229089174324
1870 0.002161080219910
1871 0.002127538901861
1872 0.002140084808086
1873 0.002074725492972
1874 0.002234052798237
1875 0.002205742193873
1876 0.002311465034846
1877 0.002261147015990
1878 0.002312820973897
1879 0.002245118357864
1880 0.002509540724813
1881 0.002732034976348
1882 0.002666102775858
1883 0.002771719292048
1884 0.002703903388478
1885 0.002704640604528
1886 0.002649557636858
1887 0.002616534180983
1888 0.002623071753890
1889 0.002638650777753
1890 0.002571355860388
1891 0.002597323425566
1892 0.002615445981303
1893 0.002548053065871
1894 0.002480709848842
1895 0.002440142617905
1896 0.002386560371144
1897 0.002321758196036
1898 0.002255170498376
1899 0.002188159660683
1900 0.002124462233348
1901 0.002197491942943
1902 0.002130886488754
1903 0.002335043441972
1904 0.002626874857350
1905 0.002562763944055
1906 0.002495894651499
1907 0.002645866223202
1908 0.002589696015596
1909 0.002522868001165
1910 0.002456902214312
1911 0.002390205771673
1912 0.002331535998379
1913 0.002488267907575
1914 0.002565770146305
1915 0.002499226466163
1916 0.002437493991797
1917 0.002698288363383
1918 0.002792949226126
1919 0.003224458660460
1920 0.003295652742460
1921 0.003228871154915
1922 0.003293766142243
1923 0.003228012596952
1924 0.003163157063804
1925 0.003329159615088
1926 0.003262546776927
1927 0.003195988369105
1928 0.003129496673893
1929 0.003063073917781
1930 0.003103098614963
1931 0.003038197447643
1932 0.002971945836205
1933 0.002960657866842
1934 0.002894529282914
1935 0.002866376876496
1936 0.002800839897567
1937 0.002764783545888
1938 0.002706474203554
1939 0.002776854286646
1940 0.002710989928882
1941 0.002645195752281
1942 0.002580332531583
1943 0.002516969378955
1944 0.002451375179407
1945 0.002385850828168
1946 0.002392415184439
1947 0.002326992896541
1948 0.002631488719583
1949 0.003024355427713
1950 0.003187952803266
1951 0.003142885379239
1952 0.003077238409514
1953 0.003349425373615
1954 0.003292793970983
1955 0.003227171074549
1956 0.003161716149570
1957 0.003096370253234
1958 0.003060902050773
1959 0.002996301822327
1960 0.002931020355600
1961 0.002866356539260
1962 0.002801185160974
1963 0.002736080144025
1964 0.002787788607452
1965 0.002722760886336
1966 0.002659994369388
1967 0.002595148082122
1968 0.002530405859270
1969 0.002467551030362
1970 0.002474209224210
1971 0.002620750136085
1972 0.002556033847103
1973 0.002506159570280
1974 0.002441570533955
1975 0.002560554422452
1976 0.002499301261166
1977 0.002848474053704
1978 0.002916952790312
1979 0.002904810535865
1980 0.002842098076148
1981 0.002777657141068
1982 0.002939681869151
1983 0.002875804843776
1984 0.002815732267868
1985 0.002765178525665
1986 0.002710711315819
1987 0.002652620307197
1988 0.002588408727801
1989 0.002524261714867
1990 0.002460198938252
1991 0.002401847505703
1992 0.002394336977838
1993 0.002330418350243
1994 0.002266561570776
1995 0.002203060660901
1996 0.002139331672620
1997 0.002089646142569
1998 0.002447351625942
1999 0.002538562934147
2000 0.002557536824430
2001 0.002496109370097
2002 0.002841922148759
2003 0.002778399297834
2004 0.002714674237233
2005 0.002651189506132
2006 0.002587776632970
2007 0.002525628839926
2008 0.002462322114167
2009 0.002398876486845
2010 0.002335494047478
2011 0.002527043787118
2012 0.002463660564591
2013 0.002529714262783
2014 0.002466392670649
2015 0.002406784443183
2016 0.002475858033451
2017 0.002419284431661
2018 0.002362525241771
2019 0.002362685548304
2020 0.002299794766650
2021 0.002238771809884
2022 0.002175858742210
2023 0.002115052428399
2024 0.002273261442969
2025 0.002273468691380
2026 0.002214170115600
2027 0.002260072475697
2028 0.002201899180946
2029 0.002193709855585
2030 0.002146863451782
2031 0.002084406927179
2032 0.002021865388560
2033 0.001998706792578
2034 0.002046292504438
2035 0.001993900531051
2036 0.001970204803154
2037 0.001907872842036
2038 0.001848795843027
2039 0.001786658091739
2040 0.001801502332447
2041 0.001874376376952
2042 0.001815114367638
2043 0.001753047890977
2044 0.001804690852829
2045 0.002027992048150
2046 0.002387873427687
2047 0.002325662749508
2048 0.002264731303504
2049 0.002306217063552
2050 0.002244325827912
2051 0.002182419993829
2052 0.002501311898534
2053 0.002440063152139
2054 0.002415590910868
2055 0.002794307059450
2056 0.002732452213656
2057 0.002670689805396
2058 0.002609847487883
2059 0.002548194648677
2060 0.002670801421397
2061 0.002656353349298
2062 0.002594498484971
2063 0.002532768239494
2064 0.002607098784100
2065 0.002569601661751
2066 0.002507854516757
2067 0.002446167437311
2068 0.002384539701433
2069 0.002342052951912
2070 0.002281078886091
2071 0.002221325919531
2072 0.002177675461339
2073 0.002116687216089
2074 0.002055429242162
2075 0.001996742179416
2076 0.001946661557264
2077 0.001885541398218
2078 0.002051177291861
2079 0.002463013369040
2080 0.002401733074152
2081 0.002340513781697
2082 0.002472607637749
2083 0.002411410994698
2084 0.002350282352460
2085 0.002289203080785
2086 0.002228241012061
2087 0.002167280223007
2088 0.002119220268925
2089 0.002058796993589
2090 0.001998056060708
2091 0.002388748046766
2092 0.002565509808747
2093 0.002504602173280
2094 0.002573310112895
2095 0.002819769105617
2096 0.002758787277482
2097 0.002697862724656
2098 0.002806174090698
2099 0.002749992778171
2100 0.002689160453820
2101 0.002644570894625
2102 0.002590092167622
2103 0.002529425812518
2104 0.002470117993206
2105 0.002409638547663
2106 0.002355866116537
2107 0.002295472244734
2108 0.002257285394277
2109 0.002196966644747
2110 0.002136801154221
2111 0.002076811075490
2112 0.002180211403013
2113 0.002120022001341
2114 0.002343550794101
2115 0.002284057175065
2116 0.002223904029530
2117 0.002163807720855
2118 0.002390457691112
2119 0.002330360401659
2120 0.002272899393967
2121 0.002367175620004
2122 0.002308055199863
2123 0.002248089321363
2124 0.002188180194678
2125 0.002133672864638
2126 0.002073873396654
2127 0.002130092428145
2128 0.002070350851275
2129 0.002011174325679
2130 0.001951637233321
2131 0.002159273283062
2132 0.002099630109359
2133 0.002050161415524
2134 0.001990632584537
2135 0.001931164290805
2136 0.001877465971155
2137 0.002047374615283
2138 0.002199859692587
2139 0.002192957764269
2140 0.002133543335179
2141 0.002197820719302
2142 0.002140944356546
2143 0.002088332930903
2144 0.002029057635597
2145 0.001998375467683
2146 0.001939201559696
2147 0.001880086682987
2148 0.001822925778231
2149 0.001764339820261
2150 0.001705380050028
2151 0.001697418424179
2152 0.001638544159112
2153 0.001579724584767
2154 0.001520959628363
2155 0.001517426189023
2156 0.001458862571289
2157 0.001400259016911
2158 0.001341687481921
2159 0.001353998171192
2160 0.001751433901636
2161 0.001693461179853
2162 0.001634863970321
2163 0.001583027756307
2164 0.001544815580666
2165 0.001509628161094
2166 0.001732219311369
2167 0.001673762010324
2168 0.001695007776465
2169 0.001640999004301
2170 0.001604070355744
2171 0.001576183678533
2172 0.001517909092827
2173 0.001468901948860
2174 0.001753855579127
2175 0.001695580643039
2176 0.001637395128320
2177 0.001729308676330
2178 0.001671561319876
2179 0.001613443656048
2180 0.001690491274676
2181 0.001711931928438
2182 0.001653860465593
2183 0.001595842237154
2184 0.001537877108030
2185 0.001479982186876
2186 0.001422220028349
2187 0.001364413800627
2188 0.001306669179635
2189 0.001253981463817
2190 0.001196429775697
2191 0.001224758414177
2192 0.001285461770962
2193 0.001227876067985
2194 0.001170574103558
2195 0.001452927366955
2196 0.001395344068955
2197 0.001337875879928
2198 0.001280808360428
2199 0.001224008890651
2200 0.001166741313301
2201 0.001111433640638
2202 0.001064393673858
2203 0.001007729203040
2204 0.000950556913974
2205 0.000893436480000
2206 0.000837002658308
2207 0.000779985462474
2208 0.000723019891558
2209 0.000666346009832
2210 0.000614399778882
2211 0.000799897112761
2212 0.000743281048502
2213 0.000690142933008
2214 0.000892453062827
2215 0.000841029190346
2216 0.000784490384809
2217 0.000730963696018
2218 0.000674892174829
2219 0.000818186287220
2220 0.000767587660408
2221 0.000907634116286
2222 0.000923658238315
2223 0.000960995733733
2224 0.000936312600320
2225 0.000884064590165
2226 0.000827752843220
2227 0.000771251831617
2228 0.000932524987930
2229 0.000965360503170
2230 0.000968207935687
2231 0.001308479529806
2232 0.001505950361357
2233 0.001449336049030
2234 0.001392844019638
2235 0.001340920036747
2236 0.001402397352700
2237 0.001360867090946
2238 0.001304405591274
2239 0.001249650611239
2240 0.001193289186608
2241 0.001166885562548
2242 0.001111180903879
2243 0.001054956609627
2244 0.000999266500027
2245 0.000947328716302
2246 0.001207473091782
2247 0.001151790193012
2248 0.001096380724989
2249 0.001221281492289
2250 0.001165426751201
2251 0.001109378138694
2252 0.001053379303313
2253 0.001391348415406
2254 0.001335278999094
2255 0.001287051871425
2256 0.001241561466756
2257 0.001210426777169
2258 0.001155495980202
2259 0.001240927198325
2260 0.001185556757892
2261 0.001129952316837
2262 0.001082856764797
2263 0.001027149457604
2264 0.000985320984451
2265 0.000930598706620
2266 0.001053347526866
2267 0.001072619544767
2268 0.001060696764183
2269 0.001048963349948
2270 0.001329800080020
2271 0.001274194178083
2272 0.001364493076454
2273 0.001310519190838
2274 0.001686060642990
2275 0.001838972602188
2276 0.002109710103890
2277 0.002063929838594
2278 0.002205773231131
2279 0.002166896710852
2280 0.002139440525420
2281 0.002085645031239
2282 0.002131485364731
2283 0.002097257703425
2284 0.002073015017044
2285 0.002022159749229
2286 0.001966669507690
2287 0.001911579852191
2288 0.001862323109106
2289 0.001822316090548
2290 0.002154016742065
2291 0.002098716318318
2292 0.002155835740295
2293 0.002113361448465
2294 0.002358098156632
2295 0.002302604586781
2296 0.002257083384709
2297 0.002201823099506
2298 0.002146480442205
2299 0.002113317875212
2300 0.002072425843702
2301 0.002017200986851
2302 0.001962113588904
2303 0.001976594173883
2304 0.002124148786132
2305 0.002069025745708
2306 0.002013945917615
2307 0.001960668673009
2308 0.001905865853467
2309 0.001851523440757
2310 0.001796609649828
2311 0.001741743098426
2312 0.001716000878953
2313 0.001733678892975
2314 0.001678910668238
2315 0.002033080786187
2316 0.001978230619016
2317 0.002193509009719
2318 0.002175358170345
2319 0.002522973990725
2320 0.002504326876620
2321 0.002766060821801
2322 0.002711150158569
2323 0.002693953454240
2324 0.002654911486424
2325 0.002922969579494
2326 0.002867975271925
2327 0.002816917904961
2328 0.002764498085071
2329 0.002882069216814
2330 0.002882280180978
2331 0.003105416109826
2332 0.003284605732922
2333 0.003229693686700
2334 0.003244643133725
2335 0.003206476954638
2336 0.003151594067166
2337 0.003465272527862
2338 0.003487814969534
2339 0.003755845013825
2340 0.003701436486842
2341 0.003646469181813
2342 0.003999390555111
2343 0.003949278152863
2344 0.003894658193395
2345 0.003839693981836
2346 0.003786603492189
2347 0.003732685173346
2348 0.003677858655094
2349 0.003623083789430
2350 0.003569377410374
2351 0.003514792152643
2352 0.003665093102366
2353 0.003615936829219
2354 0.003651923717879
2355 0.003620830526253
2356 0.003566244091190
2357 0.003511824435528
2358 0.003862575961640
2359 0.003807951024331
2360 0.003753371734468
2361 0.003698848223007
2362 0.003718180663457
2363 0.003664013757700
2364 0.003626763484516
2365 0.003589624699708
2366 0.003535543447893
2367 0.003510624675252
2368 0.003473315133396
2369 0.003534144953692
2370 0.003578935383094
2371 0.003527492471192
2372 0.003473556138961
2373 0.003453991396415
2374 0.003399882722702
2375 0.003386847973907
2376 0.003333728670656
2377 0.003284679010808
2378 0.003392651918642
2379 0.003338683829484
2380 0.003285445445378
2381 0.003232323013764
2382 0.003178509386042
2383 0.003124733741649
2384 0.003071008364273
2385 0.003017752534363
2386 0.002965349220476
2387 0.002916323198966
2388 0.002869657533671
2389 0.002816759078288
2390 0.003133186006038
2391 0.003309990288849
2392 0.003258187906204
2393 0.003204590670056
2394 0.003151043176555
2395 0.003265366022069
2396 0.003211832952206
2397 0.003496216106883
2398 0.003444648256002
2399 0.003395327290062
2400 0.003341869748142
2401 0.003303516956078
2402 0.003250139759798
2403 0.003196769184705
2404 0.003143452039357
2405 0.003090174776416
2406 0.003071871736401
2407 0.003018672801369
2408 0.003076192765886
2409 0.003284578086887
2410 0.003268804723803
2411 0.003410511109730
2412 0.003364805922361
2413 0.003316506371088
2414 0.003348311766368
2415 0.003295394286745
2416 0.003242291911921
2417 0.003189233454366
2418 0.003216164462557
2419 0.003506675016459
2420 0.003533088722718
2421 0.003586452880994
2422 0.003584514417988
2423 0.003531452086580
2424 0.003690579621998
2425 0.003637522553503
2426 0.003713498358678
2427 0.003660482444828
2428 0.003812143607955
2429 0.003759112671933
2430 0.003706125382867
2431 0.003842170140504
2432 0.003789216035377
2433 0.003869097125806
2434 0.003943249433379
2435 0.004138965313468
2436 0.004097104084122
2437 0.004044140560971
2438 0.003991210405620
2439 0.003938323481223
2440 0.003886064831844
2441 0.003856030198981
2442 0.003939240499568
2443 0.003968755785464
2444 0.004252272443421
2445 0.004380981552228
2446 0.004353719803689
2447 0.004372418239598
2448 0.004319570188123
2449 0.004412004602250
2450 0.004359199852818
2451 0.004400967724000
2452 0.004348209494094
2453 0.004300080784292
2454 0.004247394753410
2455 0.004194835944020
2456 0.004142232183804
2457 0.004190268887974
2458 0.004137715207135
2459 0.004085198893949
2460 0.004033349679757
2461 0.004002506045656
2462 0.004032897983680
2463 0.004006922392813
2464 0.003957734092314
2465 0.003905418581535
2466 0.003855130386441
2467 0.003802899000277
2468 0.003750714724529
2469 0.003699963447941
2470 0.003647858214005
2471 0.003596653389753
2472 0.003547454370812
2473 0.003495474074855
2474 0.003443536602835
2475 0.003392922531265
2476 0.003722329185494
2477 0.003777487767300
2478 0.003725519453728
2479 0.003784866483777
2480 0.003779516902408
2481 0.003727619518836
2482 0.003721650840312
2483 0.003669873012103
2484 0.003624605868362
2485 0.003921610988520
2486 0.003878195193665
2487 0.003826374449210
2488 0.003821573181306
2489 0.003774226691250
2490 0.003793488294513
2491 0.003742524412024
2492 0.003692138391782
2493 0.003647509991669
2494 0.003596531616130
2495 0.003604004394579
2496 0.003556515956439
2497 0.003589733535270
2498 0.003544955404018
2499 0.003493517224792
2500 0.003469177397506
2501 0.003512232302099
2502 0.003460869273512
2503 0.003646463116744
2504 0.003651579122856
2505 0.003600221358679
2506 0.003744261872180
2507 0.003692918902893
2508 0.003642866770201
2509 0.003591594225386
2510 0.003545149783249
2511 0.003586278853367
2512 0.003540141547982
2513 0.003488991477278
2514 0.003504874017247
2515 0.003455691923302
2516 0.003405711943439
2517 0.003427193510856
2518 0.003408064988277
2519 0.003359258330857
2520 0.003308659607799
2521 0.003263648006339
2522 0.003314308713798
2523 0.003264220866417
2524 0.003278710378481
2525 0.003521964935587
2526 0.003664842267299
2527 0.003616387989253
2528 0.003568079734956
2529 0.003517342717631
2530 0.003516017295047
2531 0.003856408588019
2532 0.003805563430044
2533 0.003754720593255
2534 0.003703909973248
2535 0.003653139301000
2536 0.003602408569221
2537 0.003551721610208
2538 0.003597109376393
2539 0.003564354184022
2540 0.003842606290881
2541 0.003792984060817
2542 0.003742356581373
2543 0.003709574513543
2544 0.003658999196200
2545 0.003627794867937
2546 0.003846538195967
2547 0.003795951922555
2548 0.003745420160734
2549 0.003694911960057
2550 0.003717326817119
2551 0.003673911431020
2552 0.003673427003058
2553 0.003661688876090
2554 0.003646005707504
2555 0.003744455031025
2556 0.003699671310988
2557 0.003690697932332
2558 0.003640388825300
2559 0.003590119036783
2560 0.003539888636882
2561 0.003489900235405
2562 0.003440655129001
2563 0.003391159375762
2564 0.003367806260558
2565 0.003317778851208
2566 0.003270868077798
2567 0.003221704283078
2568 0.003172247261733
2569 0.003122355382375
2570 0.003072502325834
2571 0.003022688050338
2572 0.003162058462138
2573 0.003288698449487
2574 0.003241891912096
2575 0.003222307689587
2576 0.003179478561959
2577 0.003225409290602
2578 0.003189617057972
2579 0.003342833143315
2580 0.003293155508195
2581 0.003243491057842
2582 0.003204859026713
2583 0.003155227176250
2584 0.003105631501020
2585 0.003056086520356
2586 0.003022165803021
2587 0.003222812134543
2588 0.003176810808005
2589 0.003129578024187
2590 0.003213897697729
2591 0.003164497384615
2592 0.003150216607646
2593 0.003156051470603
2594 0.003137810783309
2595 0.003088433402336
2596 0.003099394300091
2597 0.003055320345141
2598 0.003006116570115
2599 0.002957054050728
2600 0.003262344192267
2601 0.003213064170353
2602 0.003175312579253
2603 0.003126076676004
2604 0.003240068510305
2605 0.003190997830137
2606 0.003142558453805
2607 0.003093643921330
2608 0.003053208721590
2609 0.003004127475405
2610 0.002955134398954
2611 0.002908439490791
2612 0.002859470049288
2613 0.002825241195033
2614 0.002776347415497
2615 0.002727485063791
2616 0.002679459523312
2617 0.002634271614596
2618 0.002585519028281
2619 0.002536810033815
2620 0.002488662104838
2621 0.002440021117675
2622 0.002712163078781
2623 0.002758444890702
2624 0.002969316303708
2625 0.002943492907275
2626 0.002894781079211
2627 0.002849185279329
2628 0.002804936075382
2629 0.002756339611225
2630 0.002925237293711
2631 0.002876628748268
2632 0.002830400780698
2633 0.002987698543229
2634 0.003277242748213
2635 0.003233964066156
2636 0.003185316889351
2637 0.003147370526457
2638 0.003098793403318
2639 0.003136490783527
2640 0.003087954237975
2641 0.003081199010929
2642 0.003317208648000
2643 0.003270594700910
2644 0.003222098165385
2645 0.003173621984073
2646 0.003385296971230
2647 0.003336827201042
2648 0.003291564704041
2649 0.003313321451133
2650 0.003265127758712
2651 0.003217911027559
2652 0.003321220219647
2653 0.003273249263315
2654 0.003226629419127
2655 0.003178333142692
2656 0.003296817293516
2657 0.003413102120354
2658 0.003365189927291
2659 0.003320571992792
2660 0.003401278691601
2661 0.003605904363571
2662 0.003558006060774
2663 0.003509731432125
2664 0.003461498069800
2665 0.003426561260390
2666 0.003378389256931
2667 0.003330253377944
2668 0.003282153641734
2669 0.003234089889901
2670 0.003186280158767
2671 0.003156802781285
2672 0.003108949637378
2673 0.003061022608534
2674 0.003013346387664
2675 0.002966360658926
2676 0.002918540643918
2677 0.002871106848244
2678 0.002823358160106
2679 0.002802571017845
2680 0.002891096164175
2681 0.002875154866786
2682 0.002827547492304
2683 0.002781818272857
2684 0.002829387390830
2685 0.002804251556922
2686 0.002756762795948
2687 0.002866576680677
2688 0.002856759156181
2689 0.002809212056426
2690 0.002762039931426
2691 0.002721222355102
2692 0.002682475347661
2693 0.002749627376584
2694 0.002704576574769
2695 0.002657666875563
2696 0.002612037435430
2697 0.002572872135244
2698 0.002525587897987
2699 0.002484450809170
2700 0.002450361582112
2701 0.002403942155879
2702 0.002482465044237
2703 0.002445590019454
2704 0.002533119402468
2705 0.002485979491379
2706 0.002717874913039
2707 0.003038781881227
2708 0.002991500559804
2709 0.002944379851006
2710 0.002944787798157
2711 0.002897593989526
2712 0.002850442169309
2713 0.002829497177865
2714 0.002824751523997
2715 0.002858205193576
2716 0.002811129272861
2717 0.002764088317423
2718 0.002717121739832
2719 0.002670160042651
2720 0.002650530012298
2721 0.002621625392109
2722 0.002601271395498
2723 0.002717767378679
2724 0.002670970478721
2725 0.002624505244270
2726 0.002581254483577
2727 0.002865591086452
2728 0.002818719680292
2729 0.002800431224376
2730 0.002753619517917
2731 0.002709632192001
2732 0.002667561176445
2733 0.002627922502185
2734 0.002705052794452
2735 0.002658359905834
2736 0.002710580685524
2737 0.002663920121264
2738 0.002617293415596
2739 0.002610818980494
2740 0.002612316088844
2741 0.002570104085044
2742 0.002523645716651
2743 0.002487094203227
2744 0.002441413069081
2745 0.002395393119357
2746 0.002349000041023
2747 0.002302890514144
2748 0.002257504836198
2749 0.002452160397581
2750 0.002413973750076
2751 0.002367658241987
2752 0.002392330694091
2753 0.002346064756400
2754 0.002301050009130
2755 0.002254842737319
2756 0.002211273320990
2757 0.002465659839213
2758 0.002474349162699
2759 0.002428146064870
2760 0.002381976446767
2761 0.002335840272768
2762 0.002289737528746
2763 0.002243733857602
2764 0.002320458640110
2765 0.002274412623094
2766 0.002228399477680
2767 0.002319217271348
2768 0.002273220446097
2769 0.002240359807776
2770 0.002195000668183
2771 0.002204859675684
2772 0.002185507935787
2773 0.002139650197365
2774 0.002093828912913
2775 0.002055876297982
2776 0.002013294598881
2777 0.002021006098511
2778 0.002028877855300
2779 0.002127746678180
2780 0.002082409339891
2781 0.002051747093109
2782 0.002174397566226
2783 0.002165773394918
2784 0.002141550758603
2785 0.002320906167328
2786 0.002275205929817
2787 0.002288967512591
2788 0.002244012602083
2789 0.002199167260569
2790 0.002160647881445
2791 0.002115086919596
2792 0.002179140104661
2793 0.002133608677624
2794 0.002228902868731
2795 0.002183400656106
2796 0.002138079029280
2797 0.002092623873508
2798 0.002047201205934
2799 0.002086124324379
2800 0.002200602951504
2801 0.002155190383510
2802 0.002109815107597
2803 0.002064478692443
2804 0.002019301246943
2805 0.001974223186357
2806 0.001933929177951
2807 0.001888709095076
2808 0.001843853243849
2809 0.001799226810602
2810 0.001754107033521
2811 0.001718610407544
2812 0.001779261323623
2813 0.001937087771493
2814 0.001891978832141
2815 0.001846901765117
2816 0.001801867908209
2817 0.001757516066931
2818 0.001712534691464
2819 0.001667605656659
2820 0.001622730469729
2821 0.001577860462113
2822 0.001533062469729
2823 0.001537324136877
2824 0.001500591762237
2825 0.001455812794643
2826 0.001411065518116
2827 0.001381801509795
2828 0.001342669806932
2829 0.001298078010086
2830 0.001253449722869
2831 0.001209051359469
2832 0.001215171577770
2833 0.001200011404239
2834 0.001159137590982
2835 0.001122349474008
2836 0.001077877585202
2837 0.001033437022129
2838 0.000989262847731
2839 0.000947179839898
2840 0.000903938920824
2841 0.000859735227411
2842 0.001154130214063
2843 0.001111515305932
2844 0.001090225282018
2845 0.001046793526778
2846 0.001007443073240
2847 0.000965571092904
2848 0.000923625301187
2849 0.000879570442845
2850 0.000838938641572
2851 0.000794811690646
2852 0.000750723015540
2853 0.000746750560886
2854 0.000723865688204
2855 0.000679851804918
2856 0.000658404931708
2857 0.000617431460705
2858 0.000573490264577
2859 0.000610780360752
2860 0.000768280416111
2861 0.000724321302448
2862 0.000752650209574
2863 0.000708726826891
2864 0.000665278503258
2865 0.000622124767715
2866 0.000633153067985
2867 0.000595380748033
2868 0.000551588774896
2869 0.000585519922546
2870 0.000541766384340
2871 0.000498038844676
2872 0.000454341759266
2873 0.000410675101515
2874 0.000384374654471
2875 0.000358700580497
2876 0.000315230528606
2877 0.000408882036313
2878 0.000401331011914
2879 0.000359302378931
2880 0.000315775278376
2881 0.000367728490772
2882 0.000347294768745
2883 0.000309120533442
2884 0.000286169942985
2885 0.000242743194322
2886 0.000199359924528
2887 0.000184554145390
2888 0.000190690774026
2889 0.000147555326257
2890 0.000105061413655
2891 0.000073858540177
2892 0.000030610338181
2893 0.000012607969255
2894 0.000248488167981
2895 0.000206633203032
2896 0.000311134825971
2897 0.000267906944840
2898 0.000224682424481
2899 0.000181488056255
2900 0.000417138568270
2901 0.000373906213929
2902 0.000337399848510
2903 0.000294289732942
2904 0.000521657589633
2905 0.000479962058504
2906 0.000436800835891
2907 0.000410607143176
2908 0.000367481076759
2909 0.000324429243655
2910 0.000351837203831
2911 0.000634562154595
2912 0.000591689413356
2913 0.000548575237108
2914 0.000512255026431
2915 0.000469197675639
2916 0.000426169933941
2917 0.000441482426316
2918 0.000398493570118
2919 0.000355534169047
2920 0.000416768713741
2921 0.000374133156244
2922 0.000331263543659
2923 0.000407751240657
2924 0.000364881279946
2925 0.000430027006724
2926 0.000555883031787
2927 0.000513069148223
2928 0.000470400703912
2929 0.000429506884739
2930 0.000496761420247
2931 0.000453949046862
2932 0.000412012539480
2933 0.000395791284648
2934 0.000353052435773
2935 0.000310354470854
2936 0.000267678815639
2937 0.000225039812243
2938 0.000335297510525
2939 0.000302388095745
2940 0.000264725201750
2941 0.000226019726802
2942 0.000187079518269
2943 0.000221717651676
2944 0.000179229905122
2945 0.000178899118441
2946 0.000136850713709
2947 0.000099456107785
2948 0.000092719319719
2949 0.000160122157435
2950 0.000118115150411
2951 0.000077961712275
2952 0.000035834121883
2953 0.000007970702090
2954 0.000300984416027
2955 0.000258581442645
2956 0.000322155011912
2957 0.000279774358773
2958 0.000238858134293
2959 0.000197234392447
2960 0.000155386155468
2961 0.000113118304179
2962 0.000070879068417
2963 0.000114767482162
2964 0.000074808002738
2965 0.000033843570387
2966 0.000081570441209
2967 0.000039527937451
2968 0.000002219144645
2969 0.000017020669358
2970 0.000057291228985
2971 0.000099286884880
2972 0.000051741895184
2973 0.000200255694765
2974 0.000177991186738
2975 0.000135914619676
2976 0.000144267946757
2977 0.000103530059400
2978 0.000264271365116
2979 0.000223161702963
2980 0.000181194415983
2981 0.000175175695610
2982 0.000133198775619
2983 0.000231569117886
2984 0.000191760669753
2985 0.000190131863368
2986 0.000381448033281
2987 0.000341538103633
2988 0.000299615689880
2989 0.000314666299120
2990 0.000423902733199
2991 0.000381968964318
2992 0.000340069740111
2993 0.000298218655992
2994 0.000256476948839
2995 0.000245884405458
2996 0.000204646381439
2997 0.000248447224403
2998 0.000212205919721
2999 0.000170454622836
3000 0.000128878452764
3001 0.000087224719377
3002 0.000045556875930
3003 0.000003983476698
3004 0.000010200057317
3005 0.000049614443082
3006 0.000091174724575
3007 0.000132623613325
3008 0.000079784296403
3009 0.000120541729603
3010 0.000130813466672
3011 0.000344862391990
3012 0.000321420851465
3013 0.000397838583185
3014 0.000356319791683
3015 0.000585911530384
3016 0.000545026040043
3017 0.000503897379083
3018 0.000462312743473
3019 0.000505026121691
3020 0.000531053507380
3021 0.000489501887478
3022 0.000458091386631
3023 0.000418958096606
3024 0.000385960268902
3025 0.000344550114911
3026 0.000360068350368
3027 0.000318674236194
3028 0.000346884011917
3029 0.000371541547911
3030 0.000420402973259
3031 0.000381750442650
3032 0.000607850776937
3033 0.000621617668657
3034 0.000789794817352
3035 0.000844771413572
3036 0.000813805119829
3037 0.000772746837482
3038 0.000860959978452
3039 0.000819567445702
3040 0.000778562695118
3041 0.000737201773483
3042 0.000695868045485
3043 0.000654565728685
3044 0.000831231080002
3045 0.000817153322346
3046 0.000782318013403
3047 0.000747154484305
3048 0.000850750719567
3049 0.001112719959262
3050 0.001071524601241
3051 0.001106566654207
3052 0.001088000542072
3053 0.001047349424961
3054 0.001009447950337
3055 0.000989356196634
3056 0.000948387744348
3057 0.000913522854328
3058 0.000875421945026
3059 0.000834289223171
3060 0.001073771714489
3061 0.001038540782666
3062 0.000997378620492
3063 0.000971635955408
3064 0.000958149954635
3065 0.000978993402937
3066 0.000940442609087
3067 0.000962154262054
3068 0.000970637988212
3069 0.001100109374640
3070 0.001060001669377
3071 0.001020057157252
3072 0.000983205225166
3073 0.000942265701955
3074 0.000901295543952
3075 0.001162877046127
3076 0.001334220725807
3077 0.001332984026752
3078 0.001368834910127
3079 0.001328418629375
3080 0.001296370103044
3081 0.001257744024936
3082 0.001216777852320
3083 0.001179182850635
3084 0.001138891152467
3085 0.001175690256186
3086 0.001137176532113
3087 0.001104796167809
3088 0.001173738867391
3089 0.001133197981561
3090 0.001298864205832
3091 0.001292410586172
3092 0.001274016388102
3093 0.001244203040673
3094 0.001208177761830
3095 0.001167659752063
3096 0.001361123887131
3097 0.001368644285779
3098 0.001335684171263
3099 0.001295200599373
3100 0.001381505746654
3101 0.001360370172446
3102 0.001320124176835
3103 0.001313602512703
3104 0.001273019053321
3105 0.001244448250264
3106 0.001203802925770
3107 0.001163191402935
3108 0.001123317035719
3109 0.001082753586659
3110 0.001046536853281
3111 0.001006020766891
3112 0.001227679098840
3113 0.001187169109210
3114 0.001146646583443
3115 0.001220531021934
3116 0.001180023791183
3117 0.001175129760594
3118 0.001134844760092
3119 0.001166415393828
3120 0.001233547896281
3121 0.001193101389430
3122 0.001152705076055
3123 0.001112363535354
3124 0.001289745428870
3125 0.001258750832669
3126 0.001221642074710
3127 0.001181279737002
3128 0.001141002124246
3129 0.001100690502146
3130 0.001082907562085
3131 0.001343129402404
3132 0.001302789980578
3133 0.001263285166448
3134 0.001224102778155
3135 0.001476638402374
3136 0.001707694207906
3137 0.001667381769069
3138 0.001686869254080
3139 0.001761309539023
3140 0.001733911015200
3141 0.001730905534088
3142 0.001706130803913
3143 0.001779335747761
3144 0.001786997635625
3145 0.001746741889161
3146 0.001706462549987
3147 0.001668573753457
3148 0.001676553190576
3149 0.001636325645226
3150 0.001730279962513
3151 0.001690060895594
3152 0.001651265046549
3153 0.001611256354584
3154 0.001859376783470
3155 0.001820747729009
3156 0.001781769350251
3157 0.001747215038188
3158 0.001965726081568
3159 0.001925537182913
3160 0.001900416181843
3161 0.001860830503011
3162 0.001853516933082
3163 0.001910314772719
3164 0.001876731156424
3165 0.002058159374176
3166 0.002018044234093
3167 0.001978083734834
3168 0.001943109737612
3169 0.001903070614856
3170 0.001863038121201
3171 0.001823222839987
3172 0.001800459607939
3173 0.001825966556042
3174 0.001830339730921
3175 0.001893420317947
3176 0.001853466470240
3177 0.001813543176008
3178 0.001773640005408
3179 0.001747055531444
3180 0.001752990681208
3181 0.001713143782505
3182 0.001679875021512
3183 0.001643418785521
3184 0.001605381872482
3185 0.001565970598677
3186 0.001526244943384
3187 0.001510718707522
3188 0.001662889270224
3189 0.001857502853241
3190 0.001819720270665
3191 0.001779977539337
3192 0.001740259575060
3193 0.001719545008112
3194 0.001687832348206
3195 0.001654564816917
3196 0.001614944901838
3197 0.001575398140829
3198 0.001535818591699
3199 0.001496283038342
3200 0.001456755936598
3201 0.001422257288991
3202 0.001404084494942
3203 0.001386145302193
3204 0.001650427708211
3205 0.001610911194105
3206 0.001572468917502
3207 0.001626427201843
3208 0.001695509070133
3209 0.001784599303650
3210 0.001749724044988
3211 0.001710314354997
3212 0.001857830325825
3213 0.001836185237849
3214 0.001796727345840
3215 0.001768306145357
3216 0.001769337010842
3217 0.001730191167689
3218 0.001690822077210
3219 0.001651493742738
3220 0.001612161054301
3221 0.001572852721594
3222 0.001533568961042
3223 0.001497981513826
3224 0.001586446716729
3225 0.001573864568777
3226 0.001668548748197
3227 0.001652311329408
3228 0.001613075817487
3229 0.001573864583105
3230 0.001538062171436
3231 0.001498922883143
3232 0.001472917380054
3233 0.001433872039966
3234 0.001395289379971
3235 0.001546977495444
3236 0.001726389531923
3237 0.001687240331647
3238 0.001896021085247
3239 0.001857955521629
3240 0.001836082570749
3241 0.001838926166746
3242 0.001834656601445
3243 0.001797008511267
3244 0.001980894687695
3245 0.001941769213791
3246 0.001902664234453
3247 0.001863581519473
3248 0.002087074763183
3249 0.002047959012285
3250 0.002046029553249
3251 0.002163291889821
3252 0.002144455183145
3253 0.002105382791069
3254 0.002066321518941
3255 0.002027284249391
3256 0.002025270646404
3257 0.001988912177379
3258 0.001950731038078
3259 0.001911777444862
3260 0.002080403880963
3261 0.002125845462706
3262 0.002106598385316
3263 0.002073074611942
3264 0.002036110112000
3265 0.001997202023773
3266 0.001981228922326
3267 0.001943816278859
3268 0.001905097452167
3269 0.001866277861004
3270 0.001975477514048
3271 0.001936662573085
3272 0.001897867749563
3273 0.001871310170674
3274 0.001832559753841
3275 0.001817141609322
3276 0.001786018170282
3277 0.001804392945987
3278 0.001837872946455
3279 0.001967789641609
3280 0.001931987002277
3281 0.001893300021146
3282 0.001859091282213
3283 0.001820662482400
3284 0.001834787527801
3285 0.001796270554483
3286 0.001757831349978
3287 0.001836355443248
3288 0.001819114294145
3289 0.001828009003303
3290 0.001789459456494
3291 0.001755154800238
3292 0.001717834929100
3293 0.001679563218974
3294 0.001667599244009
3295 0.001629158029542
3296 0.001605004604667
3297 0.001566604661085
3298 0.001528455511871
3299 0.001492555839192
3300 0.001577953242773
3301 0.001539607907044
3302 0.001501290169270
3303 0.001482209833892
3304 0.001443928554728
3305 0.001405994099353
3306 0.001371282116857
3307 0.001343127574386
3308 0.001452270536083
3309 0.001462882550505
3310 0.001424692890619
3311 0.001386509839368
3312 0.001357916236266
3313 0.001485895034779
3314 0.001610942515820
3315 0.001574832024224
3316 0.001542924416174
3317 0.001504775116380
3318 0.001467040751906
3319 0.001428936980019
3320 0.001390856141949
3321 0.001353572276488
3322 0.001539834133216
3323 0.001513136428476
3324 0.001483571643065
3325 0.001445531482669
3326 0.001662972009125
3327 0.001624900782191
3328 0.001589792265772
3329 0.001551855465539
3330 0.001513864793582
3331 0.001477633579857
3332 0.001439675107279
3333 0.001401740639131
3334 0.001363849305192
3335 0.001325991628223
3336 0.001495721902052
3337 0.001691196878326
3338 0.001773961222168
3339 0.001882019356394
3340 0.002008711550605
3341 0.001970696416628
3342 0.001933300582927
3343 0.001980803788861
3344 0.001958620513743
3345 0.002054541285342
3346 0.002016572854743
3347 0.001983396485997
3348 0.001945559991241
3349 0.001907667467573
3350 0.001897696991759
3351 0.001869603028908
3352 0.001831758020885
3353 0.001925084811029
3354 0.001974953939936
3355 0.001937186605270
3356 0.001927730811525
3357 0.001894162341730
3358 0.001856375206460
3359 0.001824865037811
3360 0.001787581034073
3361 0.001774075043246
3362 0.001736378024550
3363 0.001723559479721
3364 0.001690762397732
3365 0.001653112839816
3366 0.001615595370460
3367 0.001577990502206
3368 0.001575378427786
3369 0.001539150246594
3370 0.001501602027189
3371 0.001464075770076
3372 0.001426573274055
3373 0.001438753038537
3374 0.001406015975328
3375 0.001368602372872
3376 0.001459363062349
3377 0.001423614632050
3378 0.001386210582568
3379 0.001458187076408
3380 0.001421784244221
3381 0.001384429834136
3382 0.001347077917395
3383 0.001313384801952
3384 0.001291375813647
3385 0.001254356677762
3386 0.001217069508112
3387 0.001431926503073
3388 0.001410761590525
3389 0.001412039429629
3390 0.001374825242588
3391 0.001338708688690
3392 0.001311573801277
3393 0.001346582566881
3394 0.001309365854191
3395 0.001333928450397
3396 0.001296727679528
3397 0.001259646091136
3398 0.001442769332451
3399 0.001405617384516
3400 0.001370017027153
3401 0.001333227242541
3402 0.001353126851206
3403 0.001315996931067
3404 0.001304272547009
3405 0.001521571221953
3406 0.001562958362052
3407 0.001526355610305
3408 0.001489229332863
3409 0.001580022972938
3410 0.001542902731597
3411 0.001519350202038
3412 0.001482290413371
3413 0.001445231435860
3414 0.001592196500314
3415 0.001555155675838
3416 0.001623143361393
3417 0.001727628642200
3418 0.001694131988189
3419 0.001658012832623
3420 0.001646039194763
3421 0.001633032012059
3422 0.001596026450396
3423 0.001560366130512
3424 0.001653148725062
3425 0.001639408583469
3426 0.001602889320083
3427 0.001567940833025
3428 0.001531019039048
3429 0.001494118772072
3430 0.001555520486720
3431 0.001713625047258
3432 0.001682605353223
3433 0.001855961374513
3434 0.001913208733270
3435 0.002051449832341
3436 0.002133839055793
3437 0.002100318997079
3438 0.002064622636512
3439 0.002027674728298
3440 0.001998556208534
3441 0.001961648752517
3442 0.001932021942555
3443 0.001895278223047
3444 0.001864135702324
3445 0.001827310124330
3446 0.002022196610964
3447 0.001986400093008
3448 0.001950207596231
3449 0.001914616790779
3450 0.001878259905293
3451 0.001841494254871
3452 0.001808246201509
3453 0.001771611589167
3454 0.001766732488184
3455 0.001755733629470
3456 0.001719412991634
3457 0.001686527519887
3458 0.001650112338450
3459 0.001613497878729
3460 0.001577722633926
3461 0.001552378322087
3462 0.001527459576278
3463 0.001490922625780
3464 0.001455831428269
3465 0.001458792254630
3466 0.001422306743614
3467 0.001647348728856
3468 0.001643541072895
3469 0.001797696110449
3470 0.002000949022491
3471 0.002056230415025
3472 0.002051116164952
3473 0.002018847380781
3474 0.002002853693675
3475 0.002247354927203
3476 0.002421825138122
3477 0.002429448704408
3478 0.002392827665452
3479 0.002517913983228
3480 0.002551859137926
3481 0.002556296206604
3482 0.002528909036935
3483 0.002493911573978
3484 0.002630600727402
3485 0.002594049445733
3486 0.002557447598476
3487 0.002520866990659
3488 0.002484307109068
3489 0.002468278700493
3490 0.002471547342915
3491 0.002441798262366
3492 0.002405346482563
3493 0.002369203312381
3494 0.002332749620601
3495 0.002324948219820
3496 0.002292737726380
3497 0.002256362602796
3498 0.002222222690997
3499 0.002185864197763
3500 0.002149525590237
3501 0.002145724310076
3502 0.002370090456438
3503 0.002349170986518
3504 0.002312827047932
3505 0.002276600210846
3506 0.002241066079750
3507 0.002204840103209
3508 0.002420804423515
3509 0.002384492528531
3510 0.002351515423711
3511 0.002315243275355
3512 0.002327223175306
3513 0.002290980865561
3514 0.002264548016850
3515 0.002265423454253
3516 0.002239794353271
3517 0.002206666848728
3518 0.002170509030441
3519 0.002134370793503
3520 0.002100375252167
3521 0.002064492330934
3522 0.002044706572760
3523 0.002120871052780
3524 0.002286034675326
3525 0.002250355012649
3526 0.002214287090948
3527 0.002185342110816
3528 0.002319201788914
3529 0.002352224734913
3530 0.002316147624044
3531 0.002280090941791
3532 0.002244546542972
3533 0.002209378532744
3534 0.002173382672490
3535 0.002239154772459
3536 0.002203175148711
3537 0.002167211570840
3538 0.002132937537472
3539 0.002098085432675
3540 0.002062182018711
3541 0.002026302701723
3542 0.002021177930784
3543 0.002173505520205
3544 0.002144984681319
3545 0.002109417556879
3546 0.002073571706291
3547 0.002114147520345
3548 0.002127914754445
3549 0.002092116693020
3550 0.002056319213344
3551 0.002020710786434
3552 0.001988092360407
3553 0.001965604928474
3554 0.001930637135796
3555 0.001894932819332
3556 0.001874346050196
3557 0.001884654681298
3558 0.001849017462377
3559 0.001813716481878
3560 0.001785283966975
3561 0.001750347289827
3562 0.001764224734748
3563 0.001798638979981
3564 0.001841972800173
3565 0.001873655030291
3566 0.001838077744152
3567 0.001802520631425
3568 0.001792216841561
3569 0.001756745514891
3570 0.001746732372695
3571 0.001776083612403
3572 0.001997636234490
3573 0.002006453236759
3574 0.002193727661216
3575 0.002300485805129
3576 0.002264887971591
3577 0.002381740191629
3578 0.002347690802285
3579 0.002314168446810
3580 0.002294125435534
3581 0.002258578346611
3582 0.002286281442146
3583 0.002250756610088
3584 0.002275895008901
3585 0.002240439236944
3586 0.002205090223068
3587 0.002170596534237
3588 0.002140640726268
3589 0.002105215638297
3590 0.002080693984351
3591 0.002107425676899
3592 0.002072205049189
3593 0.002303610344044
3594 0.002289174936400
3595 0.002257688032305
3596 0.002231286259146
3597 0.002249124115482
3598 0.002213757641879
3599 0.002178413068157
3600 0.002143087628472
3601 0.002119454613748
3602 0.002084163260441
3603 0.002049906297946
3604 0.002119930814050
3605 0.002084668697320
3606 0.002097314311386
3607 0.002247426762180
3608 0.002212158628381
3609 0.002207784144374
3610 0.002261628121019
3611 0.002293249133744
3612 0.002457851186406
3613 0.002422574536951
3614 0.002461712901717
3615 0.002440571639797
3616 0.002405331239034
3617 0.002395467164089
3618 0.002380701530150
3619 0.002379623418964
3620 0.002353173521701
3621 0.002318002802695
3622 0.002283294664660
3623 0.002248210297117
3624 0.002213098254628
3625 0.002179707393416
3626 0.002158955779273
3627 0.002127350877115
3628 0.002107151193676
3629 0.002076939135108
3630 0.002061923960554
3631 0.002030912387558
3632 0.002026115066078
3633 0.001991155489521
3634 0.002007484059569
3635 0.001972616529496
3636 0.002133009420340
3637 0.002104817350719
3638 0.002069879248094
3639 0.002036419902396
3640 0.002001519835107
3641 0.001972290883154
3642 0.001938030319558
3643 0.001984098679818
3644 0.001949265477697
3645 0.001914444066202
3646 0.001931238736322
3647 0.001902190130572
3648 0.001880799120871
3649 0.001924330480241
3650 0.001931297639644
3651 0.001973889787206
3652 0.001943565383742
3653 0.001908814888589
3654 0.001874083412305
3655 0.001839612029370
3656 0.001804990213173
3657 0.001770696035222
3658 0.001850859421595
3659 0.001816191244656
3660 0.001889949894483
3661 0.001856364413334
3662 0.001839075342457
3663 0.001804893567168
3664 0.001770854774231
3665 0.001736614103010
3666 0.001702944814422
3667 0.001668932990885
3668 0.001704844015557
3669 0.001670310510417
3670 0.001767316164949
3671 0.001967320063387
3672 0.001933605649912
3673 0.001899049802311
3674 0.001864682153670
3675 0.002017706392540
3676 0.001983153826440
3677 0.002051240070061
3678 0.002060854895390
3679 0.002026318104184
3680 0.001991903481729
3681 0.001957405105947
3682 0.001922924714744
3683 0.001890454562502
3684 0.002006098826880
3685 0.001976213129558
3686 0.002038387641142
3687 0.002003933447164
3688 0.002136784455550
3689 0.002102322393303
3690 0.002067877325896
3691 0.002065240274187
3692 0.002030895916032
3693 0.002195196444943
3694 0.002175797008387
3695 0.002146743870423
3696 0.002112346055782
3697 0.002215740817803
3698 0.002198545570805
3699 0.002172211220991
3700 0.002137965486011
3701 0.002131870834647
3702 0.002252735713769
3703 0.002218370945820
3704 0.002189526428963
3705 0.002164768772998
3706 0.002130621253602
3707 0.002096671057917
3708 0.002077945590935
3709 0.002051962711900
3710 0.002017716907630
3711 0.001990994054177
3712 0.001957826892381
3713 0.001933851338583
3714 0.001989990799266
3715 0.001956615835019
3716 0.001922451096853
3717 0.001899009750033
3718 0.001864903209714
3719 0.001837939761622
3720 0.001804081701324
3721 0.001770003754882
3722 0.001741875982556
3723 0.001707833042941
3724 0.001697673194129
3725 0.001665200127496
3726 0.001661903182588
3727 0.001831252405198
3728 0.001880758996062
3729 0.001846733586253
3730 0.001853462440586
3731 0.001819715306412
3732 0.001785733611201
3733 0.001752522010761
3734 0.001741280470941
3735 0.001707347062515
3736 0.001673431819895
3737 0.001639534822920
3738 0.001606843548006
3739 0.001574284343947
3740 0.001540440952441
3741 0.001506641934351
3742 0.001472842890978
3743 0.001475126196244
3744 0.001441886936891
3745 0.001428872236759
3746 0.001395121901078
3747 0.001366987255632
3748 0.001334325659498
3749 0.001302968709806
3750 0.001274310245046
3751 0.001241495904807
3752 0.001300523039823
3753 0.001336107527979
3754 0.001515295439066
3755 0.001695623417728
3756 0.001661891888597
3757 0.001628238159308
3758 0.001656765117901
3759 0.001644816143911
3760 0.001611186972497
3761 0.001577888743496
3762 0.001548002350929
3763 0.001514373732769
3764 0.001687587054549
3765 0.001874633461192
3766 0.001866607895434
3767 0.001840613077980
3768 0.001808187915655
3769 0.001774570352749
3770 0.001755214166896
3771 0.001917329268467
3772 0.002101683735516
3773 0.002067996567816
3774 0.002055100553006
3775 0.002021550019699
3776 0.001991217224480
3777 0.001957628305611
3778 0.001929893950311
3779 0.001896305770075
3780 0.001862782949065
3781 0.001925774314201
3782 0.001910318298391
3783 0.001876884807778
3784 0.001843355334161
3785 0.001825686971888
3786 0.001821893677172
3787 0.001788605343808
3788 0.001755146936390
3789 0.001721709194343
3790 0.001688273387368
3791 0.001657940221858
3792 0.001624538866315
3793 0.001591347580164
3794 0.001559906086575
3795 0.001608240785464
3796 0.001574895944341
3797 0.001543911096185
3798 0.001510592990138
3799 0.001486050444519
3800 0.001466092684900
3801 0.001453810827080
3802 0.001434360929716
3803 0.001401115152138
3804 0.001368140520386
3805 0.001335056245312
3806 0.001301862602638
3807 0.001270011059938
3808 0.001236852030761
3809 0.001309087433701
3810 0.001276353558016
3811 0.001337117584908
3812 0.001303976030141
3813 0.001322660697585
3814 0.001289563035853
3815 0.001267883623104
3816 0.001234929627891
3817 0.001203035779690
3818 0.001170357672468
3819 0.001139337871047
3820 0.001106355104407
3821 0.001077861418820
3822 0.001092712537659
3823 0.001224504745112
3824 0.001259100543797
3825 0.001235516044013
3826 0.001203711366703
3827 0.001178304084477
3828 0.001151347044741
3829 0.001118547304022
3830 0.001086657510972
3831 0.001058218690976
3832 0.001026261475822
3833 0.001177871008642
3834 0.001146965435137
3835 0.001114071832677
3836 0.001081232449055
3837 0.001048718803077
3838 0.001015876510788
3839 0.000987307954733
3840 0.000954502374030
3841 0.000924327169402
3842 0.000938260253922
3843 0.000907194243749
3844 0.001075722810615
3845 0.001118185630404
3846 0.001137720155867
3847 0.001104931562733
3848 0.001093602966857
3849 0.001306597401859
3850 0.001287322223001
3851 0.001283453493368
3852 0.001250669683895
3853 0.001219104885464
3854 0.001191287971400
3855 0.001160717896025
3856 0.001146679157192
3857 0.001114002817417
3858 0.001083602754994
3859 0.001277824987121
3860 0.001327288982250
3861 0.001469226958636
3862 0.001436479883877
3863 0.001572544634002
3864 0.001543706385390
3865 0.001510965452306
3866 0.001478618800732
3867 0.001445927205953
3868 0.001415355292760
3869 0.001383420303286
3870 0.001352639925655
3871 0.001328735910799
3872 0.001297785570498
3873 0.001431797181727
3874 0.001399162691312
3875 0.001489784043239
3876 0.001457155357635
3877 0.001434673177840
3878 0.001402070192584
3879 0.001369523698295
3880 0.001365777354787
3881 0.001333247294840
3882 0.001300703955031
3883 0.001268178063364
3884 0.001364899937546
3885 0.001543445150163
3886 0.001546596666166
3887 0.001514040299646
3888 0.001708602969686
3889 0.001682805061475
3890 0.001650583140537
3891 0.001618743206073
3892 0.001594867163141
3893 0.001619390156309
3894 0.001741087404353
3895 0.001865729307485
3896 0.002077605482097
3897 0.002044996396785
3898 0.002012459106579
3899 0.001979910073429
3900 0.001947492736285
3901 0.001925396247323
3902 0.001910219782493
3903 0.001910664965194
3904 0.001878157113351
3905 0.001850406683326
3906 0.001817940498149
3907 0.001790369010131
3908 0.001757961149614
3909 0.001731951886011
3910 0.001815287799740
3911 0.001782941833564
3912 0.001750533268949
3913 0.001718148666680
3914 0.001694833790855
3915 0.001703013074177
3916 0.001676039427489
3917 0.001643930310274
3918 0.001611607356624
3919 0.001648911846648
3920 0.001649285714974
3921 0.001705123799952
3922 0.001672818201796
3923 0.001778983240679
3924 0.001747885983788
3925 0.001725002682212
3926 0.001889768529601
3927 0.001994758541361
3928 0.001984824584089
3929 0.001953969589291
3930 0.001962264489159
3931 0.002135927288548
3932 0.002103593634644
3933 0.002147223460921
3934 0.002121266988359
3935 0.002337515009196
3936 0.002305341293331
3937 0.002304610245408
3938 0.002272283497040
3939 0.002239972690962
3940 0.002216775557422
3941 0.002184501848536
3942 0.002155008235585
3943 0.002205625434467
3944 0.002173372497736
3945 0.002141145562240
3946 0.002108925302341
3947 0.002077722157581
3948 0.002045537978427
3949 0.002141785478672
3950 0.002109634596592
3951 0.002176613532022
3952 0.002144719180660
3953 0.002123033129562
3954 0.002091407277473
3955 0.002059272917239
3956 0.002027159430290
3957 0.001995143623069
3958 0.001966353244221
3959 0.001934588889267
3960 0.001918366338885
3961 0.001925933407585
3962 0.001897630174616
3963 0.001884452023125
3964 0.001852595849148
3965 0.001898038790560
3966 0.001866042405182
3967 0.001834084623007
3968 0.001815396871333
3969 0.001814659728973
3970 0.001943705909036
3971 0.001913885774988
3972 0.001881939130289
3973 0.001851367347885
3974 0.001819447023942
3975 0.001787650585635
3976 0.001756531116054
3977 0.001724658818303
3978 0.001710664666415
3979 0.001680414732690
3980 0.001762121414881
3981 0.001730288467465
3982 0.001705577464734
3983 0.001673765871249
3984 0.001642104769518
3985 0.001610325130969
3986 0.001590724369738
3987 0.001559576437360
3988 0.001544046757418
3989 0.001512657135950
3990 0.001603756133473
3991 0.001593755899499
3992 0.001562046074543
3993 0.001530371171158
3994 0.001499259687180
3995 0.001527797201194
3996 0.001538968913471
3997 0.001511689561976
3998 0.001486596797117
3999 0.001468418017148
4000 0.001436800938580
4001 0.001405199638698
4002 0.001373614131542
4003 0.001342044415633
4004 0.001365526652113
4005 0.001356171419165
4006 0.001324631827288
4007 0.001293105839974
4008 0.001261595851386
4009 0.001230101315130
4010 0.001204663716410
4011 0.001290868371788
4012 0.001262244177976
4013 0.001436121935185
4014 0.001405197712564
4015 0.001373723953547
4016 0.001342312520169
4017 0.001499174074873
4018 0.001467709429840
4019 0.001436242064168
4020 0.001407242045507
4021 0.001375805284329
4022 0.001344869245390
4023 0.001313482960837
4024 0.001304805459333
4025 0.001276760414083
4026 0.001304002550761
4027 0.001277398145633
4028 0.001491617006604
4029 0.001479796168616
4030 0.001448411613848
4031 0.001509331407122
4032 0.001477956732499
4033 0.001446756261501
4034 0.001434184193966
4035 0.001422219436581
4036 0.001391403231632
4037 0.001384691205821
4038 0.001353392375551
4039 0.001462171512821
4040 0.001441343102429
4041 0.001413761843006
4042 0.001427974997844
4043 0.001396762378999
4044 0.001533342460242
4045 0.001502061048584
4046 0.001523566274606
4047 0.001498983860264
4048 0.001467764001487
4049 0.001436531160706
4050 0.001417339622375
4051 0.001429280333349
4052 0.001402656003141
4053 0.001512868895709
4054 0.001601346527193
4055 0.001570705373865
4056 0.001602501162576
4057 0.001571331385402
4058 0.001554272373501
4059 0.001524322570704
4060 0.001612490970624
4061 0.001581484605755
4062 0.001550322254611
4063 0.001519175239534
4064 0.001493420587569
4065 0.001647601045085
4066 0.001616453109962
4067 0.001592588745381
4068 0.001572973528176
4069 0.001542077663041
4070 0.001511744697503
4071 0.001480795960071
4072 0.001452541702533
4073 0.001421495200106
4074 0.001403423183171
4075 0.001381740361865
4076 0.001350734046761
4077 0.001319963385580
4078 0.001288987426255
4079 0.001266608142997
4080 0.001235668343217
4081 0.001206594408774
4082 0.001175676575749
4083 0.001208303279660
4084 0.001177406399348
4085 0.001146518417587
4086 0.001165919551934
4087 0.001277004024889
4088 0.001287152340144
4089 0.001256328461134
4090 0.001225458943173
4091 0.001403189579448
4092 0.001433964234305
4093 0.001403073992645
4094 0.001480231195877
4095 0.001450254705156
4096 0.001435542609915
