1 0.029580053365635
2 0.253458512886922
3 0.086500017902523
4 0.202570021685489
5 0.158395650977741
6 0.095278646154796
7 0.048181999988462
8 0.099152625861166
9 0.145571869099740
10 0.152804386544742
11 0.179829792326201
12 0.144104805429578
13 0.130509109450337
14 0.138793552272056
15 0.116987060714896
16 0.095552786041537
17 0.076329359212129
18 0.060105671948575
19 0.056040868994170
20 0.055277996910087
21 0.040740950080444
22 0.054885303138451
23 0.072484001533834
24 0.094166576949571
25 0.083058897273559
26 0.071495323014555
27 0.059600304454011
28 0.050123052372478
29 0.046078485640821
30 0.036550437852049
31 0.031110292578505
32 0.029364088293221
33 0.020916188000814
34 0.016804439450611
35 0.037711051791717
36 0.051892864794054
37 0.043736371016335
38 0.043580675732031
39 0.057370907085610
40 0.049687313454001
41 0.042381118650826
42 0.041736020061940
43 0.035040591842204
44 0.028617608799046
45 0.022578828458131
46 0.033784903054795
47 0.048505734777897
48 0.060690262923477
49 0.054353561284341
50 0.050374675896318
51 0.044963385325730
52 0.046590048684268
53 0.048874504453156
54 0.051386333221625
55 0.047026252462807
56 0.041778657373080
57 0.047561077289242
58 0.049632737367915
59 0.044611587537177
60 0.041184400262510
61 0.038101337516106
62 0.045667849806880
63 0.052528255105200
64 0.048425331619171
65 0.043936478863323
66 0.039639841112451
67 0.037038809513772
68 0.032819678756771
69 0.028737348805366
70 0.024791190134598
71 0.021156463808486
72 0.017745905730345
73 0.021407583612594
74 0.021179765616767
75 0.017565706962793
76 0.014365029720641
77 0.011788018940146
78 0.008507170706724
79 0.005358117203062
80 0.007554341061552
81 0.005695015105678
82 0.007616191505443
83 0.006984862346752
84 0.012912966360352
85 0.009839013716789
86 0.012671254874986
87 0.011294733257202
88 0.009534952979700
89 0.015557055600033
90 0.012910154062620
91 0.016918441793365
92 0.017202366668843
93 0.024931019036288
94 0.026158396294752
95 0.031820276467385
96 0.028968264527312
97 0.034055829365788
98 0.031158815180519
99 0.030491071300193
100 0.027958027054229
101 0.030033029054873
102 0.031203005811370
103 0.028546168841527
104 0.028949709554765
105 0.026366493486285
106 0.027738729431531
107 0.026861126154083
108 0.026012137896661
109 0.023611328592281
110 0.022740623019850
111 0.020285463866994
112 0.020634051724845
113 0.019459573724826
114 0.017121171188404
115 0.015983694364335
116 0.013785148293524
117 0.011542819269830
118 0.016791073911958
119 0.014725342661836
120 0.019137353177242
121 0.018928995805008
122 0.024438166385956
123 0.022260344555025
124 0.020064699367614
125 0.017929421896518
126 0.018245369325880
127 0.017774284864285
128 0.015730668728509
129 0.013826796310468
130 0.011797375963103
131 0.010089590236798
132 0.010446145861518
133 0.008494282742250
134 0.007301151704308
135 0.008667428678596
136 0.006823412350908
137 0.005014771359542
138 0.010223171050508
139 0.010949513574168
140 0.015711111500024
141 0.016330058493257
142 0.014456826635892
143 0.013659577691192
144 0.014444424627938
145 0.012663390712995
146 0.012876430343664
147 0.011089976746189
148 0.011256059115752
149 0.012144204291657
150 0.010496639989531
151 0.010621325949507
152 0.009744992844090
153 0.013616794810476
154 0.015030096558429
155 0.013339213996901
156 0.012337108999235
157 0.015675210688870
158 0.016605255359070
159 0.019171886788029
160 0.017645205597034
161 0.016081650606230
162 0.014444957996057
163 0.014915462374036
164 0.013332100613165
165 0.011736271565777
166 0.010343549496549
167 0.013951510877097
168 0.015891433022310
169 0.017876273671849
170 0.016569054952787
171 0.015659794293350
172 0.014866357677412
173 0.016246237594569
174 0.016695974935387
175 0.016590927363803
176 0.019123671285585
177 0.018211166879197
178 0.016875357978506
179 0.015460948974143
180 0.014045420990342
181 0.017754256672480
182 0.017861001730131
183 0.017944256894256
184 0.016535101578128
185 0.018986527904728
186 0.019483965434832
187 0.020075377678851
188 0.018640444983793
189 0.017399696262027
190 0.020347274199766
191 0.021476661276996
192 0.020818197607260
193 0.022665055290937
194 0.021409926080571
195 0.021673867442801
196 0.022878139800980
197 0.022508701907686
198 0.021253264344889
199 0.022161655064455
200 0.021898775908644
201 0.020551771728584
202 0.022237656290028
203 0.024188411684032
204 0.022864730863267
205 0.022178709901857
206 0.021323380411075
207 0.020220155385979
208 0.018953475657768
209 0.017956240924507
210 0.016683150968534
211 0.015419532265577
212 0.017682983185262
213 0.019290013014727
214 0.018067836460008
215 0.016928165816083
216 0.015692546215051
217 0.014945210715295
218 0.015792254693594
219 0.018256431902007
220 0.019238483532174
221 0.018215496026347
222 0.017084809656992
223 0.016034661099693
224 0.017929078771699
225 0.016741061760615
226 0.016735966292489
227 0.015677896986107
228 0.015229629965832
229 0.016045792599978
230 0.015144534976692
231 0.014035615303177
232 0.013413854132511
233 0.016454508432075
234 0.015744974302858
235 0.017642641813586
236 0.020040024961613
237 0.021476595656914
238 0.020500630936836
239 0.020784989374313
240 0.020601978869714
241 0.022866841616630
242 0.025654136179877
243 0.024930504288402
244 0.025321811518254
245 0.024363046896230
246 0.025841753296961
247 0.025353592150861
248 0.028092699668568
249 0.028171808394423
250 0.030432545383300
251 0.031074392469938
252 0.030942234202386
253 0.029831790627470
254 0.030094912107659
255 0.029429150057081
256 0.028531063568778
257 0.030679154650987
258 0.029595455891129
259 0.029109313145946
260 0.028322415111857
261 0.027984944526927
262 0.027808936711014
263 0.026830260238713
264 0.026277063082100
265 0.025709843108568
266 0.024706215478030
267 0.024255314955322
268 0.025494043790184
269 0.026461622768691
270 0.025591806874394
271 0.025677643495890
272 0.024678024467532
273 0.023675722184112
274 0.022676906036924
275 0.022178214895147
276 0.022208790943309
277 0.021585139757611
278 0.021591600955820
279 0.020875082580376
280 0.019908514454067
281 0.019369305866909
282 0.018468515042865
283 0.017556235016957
284 0.017359047618839
285 0.016496741774389
286 0.015635157845895
287 0.014773560411087
288 0.017078577699970
289 0.016409865940773
290 0.016612777357568
291 0.015913148099362
292 0.015255905273042
293 0.014350596605723
294 0.016507402038982
295 0.018638329310472
296 0.018646817136798
297 0.018612666167028
298 0.017712546201176
299 0.018561424777536
300 0.019911699310792
301 0.019229305360476
302 0.018700282447215
303 0.017875080850511
304 0.018852382719229
305 0.020310558497626
306 0.019438682813215
307 0.018582841276606
308 0.018903661919644
309 0.018062729348110
310 0.017770921185756
311 0.019400171535308
312 0.018595647161792
313 0.020384959695084
314 0.020512986071312
315 0.019738720964838
316 0.019918519009032
317 0.019085398860394
318 0.021075273392109
319 0.021180947742015
320 0.021447330055696
321 0.021049883434270
322 0.020403424994069
323 0.021714098270707
324 0.021371954095949
325 0.020537822927099
326 0.019970182657698
327 0.019211125479835
328 0.020702220934684
329 0.020070705708521
330 0.019253083557127
331 0.019469176085356
332 0.018657619632966
333 0.018549122421971
334 0.018934867371250
335 0.018476726078122
336 0.018395921086952
337 0.017688415696215
338 0.017122802753722
339 0.016678237913230
340 0.018057653863413
341 0.017839463003838
342 0.017688483317131
343 0.016908339125746
344 0.016732805004389
345 0.015959672116992
346 0.015226593962984
347 0.014462252481280
348 0.015842157596253
349 0.016089748862468
350 0.016714197118399
351 0.016961801126258
352 0.016722373273322
353 0.016012923017425
354 0.015297039236252
355 0.017346043768239
356 0.017995199880532
357 0.018416740565622
358 0.017667167164354
359 0.016951076658172
360 0.016285710003298
361 0.016880442648426
362 0.016159222426160
363 0.015454167015205
364 0.014808466930191
365 0.014338993915568
366 0.013621136137557
367 0.013003999695125
368 0.012725550386684
369 0.012132358250134
370 0.012924957112779
371 0.012406261759298
372 0.011727311183677
373 0.011531775955416
374 0.012021465499845
375 0.012683954077989
376 0.011985541606619
377 0.012243015192505
378 0.013540442873832
379 0.012944898948708
380 0.012293651881480
381 0.013260746538252
382 0.013589231227952
383 0.013029368595457
384 0.012779585778560
385 0.012680739490859
386 0.012018727352582
387 0.012367112655426
388 0.011702891113413
389 0.011030574960662
390 0.011516845970711
391 0.012085344612436
392 0.012803808968725
393 0.013410008141739
394 0.012930663585581
395 0.012383720115333
396 0.012653653507973
397 0.013938582344038
398 0.013885520054317
399 0.014533023475361
400 0.014383537048182
401 0.013724245236711
402 0.013169877025886
403 0.014732115764299
404 0.014759076319150
405 0.014123318891951
406 0.013473102561020
407 0.012839401812124
408 0.012780433087376
409 0.012138034209773
410 0.012384035801127
411 0.011806052005988
412 0.012065075852521
413 0.012047500714179
414 0.012647376820533
415 0.012677805681239
416 0.012734986750707
417 0.012591117188333
418 0.012014063059569
419 0.011390920719257
420 0.011471673938762
421 0.013142941458965
422 0.013076735327733
423 0.014649090316829
424 0.014248313465343
425 0.013813618462660
426 0.014338914999625
427 0.013724899286997
428 0.013144233082085
429 0.012530843910664
430 0.011959189934134
431 0.013053985285654
432 0.013462353454153
433 0.012923757123450
434 0.014566638334817
435 0.013964440782320
436 0.013380967509967
437 0.012971740849470
438 0.012600084701555
439 0.012015203465928
440 0.011495974790573
441 0.013051895685687
442 0.013055585177611
443 0.013962655399212
444 0.013435061994192
445 0.012843172268952
446 0.014452550251407
447 0.014253163679696
448 0.015250781851177
449 0.014675775600144
450 0.014345097159284
451 0.013760302632524
452 0.013230690810574
453 0.013008605313006
454 0.012888290017773
455 0.013397796842916
456 0.012843677187438
457 0.012989664159612
458 0.012462508149650
459 0.012201835570648
460 0.013232433107597
461 0.013472421827002
462 0.012902139470711
463 0.012858226514312
464 0.012292103918340
465 0.011753717696906
466 0.012150380501658
467 0.013353430242286
468 0.014342356338074
469 0.013841646929235
470 0.013280281757580
471 0.013841218732576
472 0.013289339100134
473 0.013095067137189
474 0.013250604511014
475 0.012697425079043
476 0.012145583405700
477 0.011596504530313
478 0.011113281783332
479 0.010569887035252
480 0.010059980164749
481 0.009674942358483
482 0.010290521887220
483 0.010452000043606
484 0.009913998362795
485 0.010175106777414
486 0.010325904196817
487 0.009816771352514
488 0.009287097668357
489 0.009148633647281
490 0.010080408408665
491 0.009873663413786
492 0.009993784555667
493 0.009466836027733
494 0.010389828849097
495 0.011709494523503
496 0.011400779486121
497 0.011795436986144
498 0.011851872412143
499 0.011422425395792
500 0.011616484886683
501 0.012132193464388
502 0.012197470895497
503 0.011676652886083
504 0.011159548680935
505 0.011490300162889
506 0.012295123611829
507 0.013263678938844
508 0.014042915336507
509 0.014236504020487
510 0.014569556401975
511 0.014083518557609
512 0.014341368504290
513 0.013867040015814
514 0.013397514544879
515 0.014468578019967
516 0.015430914990917
517 0.015215482908374
518 0.016202026315046
519 0.015739465081105
520 0.015232164433877
521 0.014724355085250
522 0.014709384538164
523 0.014215318015291
524 0.014100115601495
525 0.013597091339795
526 0.014487506493186
527 0.015571858632033
528 0.015068904609756
529 0.016125741373053
530 0.016228199699338
531 0.015858636686792
532 0.015867719582159
533 0.016850225350154
534 0.016525401458713
535 0.017573989864859
536 0.017085482336244
537 0.016945780151566
538 0.016460115197540
539 0.016056691150675
540 0.016653940823866
541 0.017951541782177
542 0.017521387747696
543 0.017028809887211
544 0.016612000407774
545 0.016913828426981
546 0.017620248779515
547 0.018054386874523
548 0.018949533977958
549 0.020115340547319
550 0.019659859241141
551 0.020916444980742
552 0.020459152160677
553 0.019990118998042
554 0.019731016810865
555 0.019412919690791
556 0.019354537644390
557 0.019282483500238
558 0.018799963103926
559 0.018598757919319
560 0.018715687614620
561 0.018928856039759
562 0.019474222909559
563 0.018996749251716
564 0.019150130201995
565 0.019204588052458
566 0.018816145969062
567 0.018494102674260
568 0.018118874906731
569 0.017647692380247
570 0.017570312964920
571 0.017258153926336
572 0.018200845657258
573 0.018966448099663
574 0.018497881213596
575 0.018185645080903
576 0.017720813218621
577 0.018358884752073
578 0.018227575057567
579 0.017803748011344
580 0.017342098129603
581 0.016881988157292
582 0.017134495549701
583 0.016723821426656
584 0.016520708362448
585 0.017692302414198
586 0.017440132200622
587 0.017055659085632
588 0.017390301987656
589 0.017892673590831
590 0.017479906972465
591 0.017771189387974
592 0.017517332930368
593 0.017071514737135
594 0.016623805010582
595 0.016272898325221
596 0.017028722851351
597 0.016581541710715
598 0.016246738923640
599 0.016110939419192
600 0.016259620951293
601 0.015818180997143
602 0.015383505177294
603 0.014949348334522
604 0.014516122133080
605 0.014198910684930
606 0.014741625233062
607 0.014488345583362
608 0.015396019240134
609 0.015296469549195
610 0.014976473923580
611 0.014644429446341
612 0.014249855041503
613 0.014399994323144
614 0.014036717522405
615 0.013630733180215
616 0.014461644236071
617 0.014114746483877
618 0.014053476719021
619 0.014674213156254
620 0.014247578234548
621 0.014295048672853
622 0.014357417630889
623 0.014292173102986
624 0.013979624729314
625 0.013567980270087
626 0.013348643369819
627 0.012976847078908
628 0.012572105938489
629 0.012154728101771
630 0.012029425804714
631 0.011667387360851
632 0.011259890201985
633 0.011646011490522
634 0.012165932930874
635 0.011931769087909
636 0.011706457946104
637 0.011584118114600
638 0.011930916165645
639 0.011525281755319
640 0.012325427846815
641 0.013228178041259
642 0.012898534172666
643 0.012493355479836
644 0.012530331667165
645 0.012123314913119
646 0.011718114267674
647 0.012130355944947
648 0.011851446033956
649 0.011532651012051
650 0.012076954102040
651 0.011674379267932
652 0.011421961966506
653 0.011024879076745
654 0.010634463345584
655 0.010237293326076
656 0.009985677042751
657 0.010543064069558
658 0.010147123343453
659 0.010722025124413
660 0.010729744052790
661 0.010759890351788
662 0.011313619852412
663 0.011438073067986
664 0.011648648775981
665 0.011257786377682
666 0.011264744992567
667 0.011000917505436
668 0.011931083825752
669 0.011600889945795
670 0.012139561174137
671 0.011862450302182
672 0.011472801410283
673 0.012254202111234
674 0.012006936974121
675 0.011799123711275
676 0.011417694051601
677 0.012294619960326
678 0.013063642869143
679 0.014144120156845
680 0.013756245676965
681 0.013368944350873
682 0.012997707398069
683 0.013301024105671
684 0.014334211386387
685 0.013963336049728
686 0.014354377036758
687 0.013977438492629
688 0.013952833033853
689 0.013574397109589
690 0.013631424551742
691 0.013249971222843
692 0.012881910609394
693 0.013553963332718
694 0.013202292385457
695 0.013324530408778
696 0.013068354351120
697 0.012691379500624
698 0.012582797086865
699 0.012207155864251
700 0.012072738094753
701 0.012291783163171
702 0.011918307533834
703 0.011598323115692
704 0.011251641818825
705 0.011089736704170
706 0.011140623389167
707 0.010930545732350
708 0.011237790012248
709 0.011052899386947
710 0.011703625881373
711 0.012095057459891
712 0.012552508592567
713 0.012213975767690
714 0.012343733181713
715 0.011983829679099
716 0.011993001704583
717 0.012754276553286
718 0.012642510704617
719 0.013281343027256
720 0.014009115344628
721 0.013643317005583
722 0.013399440707886
723 0.013843073601508
724 0.014455720905690
725 0.014720553264415
726 0.015080426857378
727 0.014765877727108
728 0.014428297816719
729 0.014427560598771
730 0.014400505666171
731 0.014054872598702
732 0.013720936893350
733 0.013990420099278
734 0.013698393055127
735 0.014227256076942
736 0.014189246281467
737 0.014420279513402
738 0.014061986465515
739 0.013705831145615
740 0.013551979156020
741 0.013638469719477
742 0.014623358133744
743 0.014289456905516
744 0.014451375413159
745 0.014102157795160
746 0.013793805758043
747 0.013449806374269
748 0.013200551705597
749 0.012875487350741
750 0.012645731860858
751 0.012315293509228
752 0.012020729401262
753 0.011969046267272
754 0.011674437813070
755 0.011351328551981
756 0.011464296389951
757 0.011143505475559
758 0.010936226683834
759 0.010855329978974
760 0.010525924291233
761 0.010961482790867
762 0.011301488306969
763 0.010959282767338
764 0.010619574552382
765 0.010378543841943
766 0.010737199440934
767 0.010397279476869
768 0.010059585826355
769 0.010019304498646
770 0.009809789702856
771 0.009520498706368
772 0.009270497627923
773 0.009093912699414
774 0.008773633722133
775 0.008482089078388
776 0.008675379353147
777 0.008735043267163
778 0.008402838475834
779 0.008813790131397
780 0.008528352461408
781 0.008213750700648
782 0.008004727692161
783 0.007687993021586
784 0.008259011497791
785 0.008519553089669
786 0.008251998757932
787 0.007961905928968
788 0.007965762856458
789 0.007711246595456
790 0.007406867773382
791 0.007206341650973
792 0.006914389023220
793 0.006957758179178
794 0.006635715039165
795 0.006484119720835
796 0.006162552287108
797 0.006272206017223
798 0.006020475600478
799 0.006366831416689
800 0.006493745474506
801 0.006174480862229
802 0.005855191498826
803 0.005545776367226
804 0.005310072479630
805 0.005990914846193
806 0.005908328229446
807 0.005591219021987
808 0.006122972356656
809 0.006460616025345
810 0.007142197959666
811 0.006826430988447
812 0.006568076913478
813 0.006937997834158
814 0.006871766727167
815 0.007213828376155
816 0.007115062036304
817 0.007021692910321
818 0.006871031939165
819 0.007725518193757
820 0.007830573703980
821 0.007519224354150
822 0.007212074791511
823 0.007992155885632
824 0.007829235030249
825 0.007518378985804
826 0.007393659674150
827 0.007337721424202
828 0.007033180806129
829 0.006985964356513
830 0.006676861868513
831 0.006380771826075
832 0.006177391159427
833 0.005878875229874
834 0.006092309792481
835 0.006165725558205
836 0.006035610286714
837 0.006879315715856
838 0.006572925390916
839 0.006308430673590
840 0.006007027163472
841 0.005922409311097
842 0.006551804531166
843 0.007417280962794
844 0.007275318038908
845 0.006970909204654
846 0.007379263929803
847 0.007075437951939
848 0.006825921601115
849 0.007640453967529
850 0.007904071318480
851 0.007628258332320
852 0.008145287023521
853 0.007989572394487
854 0.007698253766872
855 0.007397797313229
856 0.007754196841125
857 0.007460748437183
858 0.007161535853172
859 0.006894072781115
860 0.006664747721203
861 0.006369089130222
862 0.006902997005299
863 0.006624305868504
864 0.006359099187120
865 0.006978755900870
866 0.006921604595855
867 0.007203571247110
868 0.007448215010287
869 0.007497843798468
870 0.007518233189224
871 0.007244300729108
872 0.007125810724671
873 0.007830171807078
874 0.007535239648323
875 0.007396033877145
876 0.007679125357491
877 0.008150945225860
878 0.007870142440870
879 0.008353359981832
880 0.008084155140290
881 0.007791227224498
882 0.007505710846793
883 0.007224567157264
884 0.006942455405876
885 0.006789625529543
886 0.006558202960786
887 0.006951761494901
888 0.006686496674033
889 0.007171212515528
890 0.007393243398960
891 0.007388444730474
892 0.007542405761595
893 0.007278450008692
894 0.007651760756894
895 0.008214796534943
896 0.007952497281467
897 0.007689357199868
898 0.007589670274525
899 0.007470378827324
900 0.007188147117162
901 0.007939263908109
902 0.007712265024410
903 0.008064457183394
904 0.007779130688407
905 0.008490733905398
906 0.008229716742532
907 0.008258353620877
908 0.007982980441645
909 0.007742233702559
910 0.007892219431237
911 0.007657078126215
912 0.007411771031139
913 0.007491943443047
914 0.007591685693410
915 0.007789476201102
916 0.007787789349580
917 0.007508355856426
918 0.007542071141716
919 0.007274059396187
920 0.007673234537673
921 0.007402932955715
922 0.007327506987156
923 0.007269670469467
924 0.007000071248604
925 0.006722421638688
926 0.007255061369124
927 0.006985844043043
928 0.006774620088238
929 0.006516996346907
930 0.006519013059411
931 0.007011065693577
932 0.007030371683755
933 0.007562823125666
934 0.007299526404451
935 0.007024351667818
936 0.007101053964652
937 0.007059348864520
938 0.007073309837146
939 0.006881882031346
940 0.007026009517361
941 0.006836423907493
942 0.006615429636453
943 0.006439198739139
944 0.006295764416512
945 0.007031107162946
946 0.006805228641061
947 0.007396008718681
948 0.007132520153479
949 0.006911052225309
950 0.006641043020014
951 0.006383466808740
952 0.006295595367857
953 0.006030500686942
954 0.005894283006470
955 0.005631446178718
956 0.005887847769141
957 0.005720335242507
958 0.005454540263861
959 0.005189426294758
960 0.005180346258798
961 0.005585562520657
962 0.005951290451509
963 0.006396416496893
964 0.006151859579117
965 0.005992442497416
966 0.005736002930236
967 0.006079598597742
968 0.005912276952092
969 0.006310576311071
970 0.006049028260795
971 0.006352295345287
972 0.006148355054388
973 0.005888058524015
974 0.005627200329141
975 0.005370105035120
976 0.005614689170846
977 0.006100342595506
978 0.005840418992804
979 0.005983639519072
980 0.006425446930267
981 0.006176603201732
982 0.006149048130572
983 0.006523988960125
984 0.006320866305366
985 0.006451307314428
986 0.006364732098759
987 0.006158733352325
988 0.006035208894908
989 0.005890669836339
990 0.005708218722927
991 0.005715640371033
992 0.006422362676478
993 0.006164951194017
994 0.005913290373835
995 0.005776995047990
996 0.005520203611514
997 0.005539785119416
998 0.005311559092580
999 0.005077544466493
1000 0.004863356875297
1001 0.005027429637285
1002 0.005200505211109
1003 0.005533071439928
1004 0.005283248291068
1005 0.005140062905559
1006 0.004886444605344
1007 0.004770726596356
1008 0.004527357827443
1009 0.004360939519260
1010 0.004109106451652
1011 0.003861751571330
1012 0.003942239106336
1013 0.004069322801834
1014 0.003839269712578
1015 0.003590415566303
1016 0.003378225154149
1017 0.003908816358804
1018 0.004047623545177
1019 0.003806990356893
1020 0.003601890079874
1021 0.003355911316723
1022 0.003744694690912
1023 0.003997006218951
1024 0.003849564751988
1025 0.004432611567543
1026 0.004442307689004
1027 0.004574836126090
1028 0.005030139078442
1029 0.004875628178755
1030 0.004771421437884
1031 0.004563666071675
1032 0.004361889944010
1033 0.004132491164486
1034 0.004004075887778
1035 0.003866645732278
1036 0.003621974765389
1037 0.003462383156364
1038 0.003218200886959
1039 0.003086953749636
1040 0.003261301123643
1041 0.003235451677711
1042 0.002992503341592
1043 0.002758692007234
1044 0.002757530067067
1045 0.003095346502575
1046 0.002853621504760
1047 0.003526886768827
1048 0.003352366530973
1049 0.003511154632097
1050 0.003269765930661
1051 0.003305880019413
1052 0.003096954756071
1053 0.002922681056994
1054 0.002761288479313
1055 0.002710600656384
1056 0.002471726719662
1057 0.002306684971944
1058 0.002079233009452
1059 0.002038368840683
1060 0.002480096457667
1061 0.002907834348893
1062 0.003309188879563
1063 0.003070929533632
1064 0.002949725167497
1065 0.002770010253443
1066 0.002577132505024
1067 0.002736185915450
1068 0.002500570070673
1069 0.002264403840870
1070 0.002031342815606
1071 0.001796604485341
1072 0.001634986352892
1073 0.001460758031568
1074 0.001233124441898
1075 0.001641570565083
1076 0.001716713187618
1077 0.001674900624039
1078 0.002304319070843
1079 0.002178622253170
1080 0.002161036899647
1081 0.001934851837322
1082 0.001795703140477
1083 0.001943314595602
1084 0.001776920801419
1085 0.001573044610583
1086 0.001343426794991
1087 0.002013757887030
1088 0.002271629701584
1089 0.002178082233951
1090 0.002700822148654
1091 0.002469678363163
1092 0.002238486817024
1093 0.002787637233791
1094 0.002597321004191
1095 0.002405621953354
1096 0.002581342889545
1097 0.002354528296596
1098 0.002164591124634
1099 0.002177944328819
1100 0.001964386384315
1101 0.001749346416689
1102 0.001578653871767
1103 0.001376864941602
1104 0.001159369829517
1105 0.001428173825492
1106 0.001290928093834
1107 0.001069516535515
1108 0.001456506107201
1109 0.002030949849786
1110 0.001803897547833
1111 0.001788234740926
1112 0.002315087369191
1113 0.002106137693984
1114 0.001879837738086
1115 0.001735636394942
1116 0.001737301749983
1117 0.002040756208754
1118 0.002581121561958
1119 0.002355419683374
1120 0.002397411145825
1121 0.002188171011148
1122 0.002372994293854
1123 0.002154652056489
1124 0.001947717949594
1125 0.001946874456613
1126 0.002497053261266
1127 0.002294631797080
1128 0.002074148147176
1129 0.001991374114222
1130 0.001859502730859
1131 0.001640599034168
1132 0.001556422563678
1133 0.001334969112038
1134 0.001533578324459
1135 0.001315176346294
1136 0.001096634626728
1137 0.001436014816996
1138 0.001776050213960
1139 0.001556118392547
1140 0.001341550648964
1141 0.001888179308883
1142 0.001672495288433
1143 0.001496448247379
1144 0.001330401588173
1145 0.001904465645111
1146 0.001982291133459
1147 0.002177938885785
1148 0.002767476528615
1149 0.003393028799291
1150 0.003793777627758
1151 0.003854548484711
1152 0.003875200256838
1153 0.003857527701260
1154 0.003976953736052
1155 0.004453868222708
1156 0.004464221769812
1157 0.004958540468080
1158 0.005010805419862
1159 0.005330715836132
1160 0.005367284139255
1161 0.005292251330276
1162 0.005380472959389
1163 0.005185499927832
1164 0.005688977193089
1165 0.005612684003592
1166 0.005413934953064
1167 0.005404888375946
1168 0.005192180624519
1169 0.005099373544297
1170 0.004929552339157
1171 0.004955363337068
1172 0.004948494192549
1173 0.004894573838143
1174 0.004763334545020
1175 0.004901888219563
1176 0.005465917782072
1177 0.005269980965463
1178 0.005160937602244
1179 0.005284138013660
1180 0.005141727788301
1181 0.005307431437325
1182 0.005847514944466
1183 0.006404705769473
1184 0.006560036512191
1185 0.006521536915949
1186 0.006764417302551
1187 0.006569182065058
1188 0.006355649776031
1189 0.006695847522445
1190 0.006606195877912
1191 0.006390822013421
1192 0.006200098756449
1193 0.005990898368387
1194 0.005776870337927
1195 0.005563176618844
1196 0.005438693193260
1197 0.005443621459450
1198 0.005879897502243
1199 0.005980765651451
1200 0.005806929825327
1201 0.006052013537031
1202 0.005839016620583
1203 0.006106836058285
1204 0.005899718835302
1205 0.006147799889555
1206 0.006497607005592
1207 0.006635134491714
1208 0.006676266103219
1209 0.006475403071924
1210 0.006329663814713
1211 0.006144579371887
1212 0.005933278377733
1213 0.005726206014299
1214 0.005518780489748
1215 0.005869368607709
1216 0.006467021393749
1217 0.006262835016459
1218 0.006052454019231
1219 0.005860369567626
1220 0.006019790123501
1221 0.005874614578547
1222 0.005771826788637
1223 0.006084961638916
1224 0.005876047501399
1225 0.005740838784121
1226 0.005681200458020
1227 0.005556370451557
1228 0.005350033113108
1229 0.005178117460055
1230 0.005222481786051
1231 0.005086241330715
1232 0.005110164586003
1233 0.005227123909089
1234 0.005440575215535
1235 0.005438931685961
1236 0.005775011453230
1237 0.005835932824221
1238 0.005687681571509
1239 0.005525009583777
1240 0.005420506161383
1241 0.005648168851879
1242 0.005534093153281
1243 0.005444377743503
1244 0.005583700126891
1245 0.005384323777422
1246 0.005266408474182
1247 0.005118683118675
1248 0.004949378300891
1249 0.004808584057540
1250 0.004642543592255
1251 0.005006495808339
1252 0.004912254010936
1253 0.004891093706476
1254 0.004866632339064
1255 0.004685419136287
1256 0.005190801531418
1257 0.005017504705548
1258 0.004819704819144
1259 0.004708805319065
1260 0.005104373963068
1261 0.005164945778166
1262 0.005100752892355
1263 0.005290107718048
1264 0.005088522506144
1265 0.004903925642153
1266 0.004974554926724
1267 0.004773463150222
1268 0.004828160481049
1269 0.004632499228288
1270 0.004432399549480
1271 0.004430099585957
1272 0.004303351028510
1273 0.004103585265770
1274 0.004133450440344
1275 0.003969286046217
1276 0.003936862536540
1277 0.004211971875844
1278 0.004624815333418
1279 0.004573108311533
1280 0.004830637134262
1281 0.004649540973300
1282 0.004883359408980
1283 0.004686385976458
1284 0.004534073398722
1285 0.004393190171700
1286 0.004644996716671
1287 0.004485565721313
1288 0.005010585878254
1289 0.005280879538033
1290 0.005696067684848
1291 0.005499713986262
1292 0.005721100195543
1293 0.005741601424793
1294 0.005683553530754
1295 0.005828218159820
1296 0.005818786337168
1297 0.005689660996291
1298 0.005784272195975
1299 0.005588317860448
1300 0.005578112432128
1301 0.005403919907269
1302 0.005709636009084
1303 0.005614688438096
1304 0.005533188951613
1305 0.005783139224789
1306 0.006280200818478
1307 0.006492658980876
1308 0.006434166725951
1309 0.006239661775924
1310 0.006134181192997
1311 0.005973672729771
1312 0.005845449875089
1313 0.005989225107548
1314 0.005845514086317
1315 0.006392630648388
1316 0.006242388190680
1317 0.006516604431345
1318 0.006326681055800
1319 0.006132491048137
1320 0.005939633697034
1321 0.006460060618058
1322 0.006640412854744
1323 0.006494327335500
1324 0.006756898488133
1325 0.006574193130012
1326 0.006636183665400
1327 0.006477657285330
1328 0.006303944889683
1329 0.006121153189220
1330 0.006425095678079
1331 0.006592039658525
1332 0.006640673811705
1333 0.006448251786748
1334 0.006612916587076
1335 0.006420698495972
1336 0.006523185915786
1337 0.006348277023831
1338 0.006203086191068
1339 0.006542389192094
1340 0.006562943122590
1341 0.006371630844881
1342 0.006185304725812
1343 0.006330163089678
1344 0.006143620880588
1345 0.006438961940039
1346 0.006249615086788
1347 0.006140970181589
1348 0.006050875325469
1349 0.006418060434883
1350 0.006440376470050
1351 0.006288950386639
1352 0.006140180612233
1353 0.006252212834452
1354 0.006416407298162
1355 0.006245588981176
1356 0.006056617308080
1357 0.005939036868494
1358 0.006389826498472
1359 0.006345247991580
1360 0.006157319152598
1361 0.006174974147401
1362 0.005989046427483
1363 0.005801638468707
1364 0.006099359577645
1365 0.005966915386936
1366 0.006181603545036
1367 0.005996207245017
1368 0.005809232188556
1369 0.005655403518335
1370 0.006093975821582
1371 0.006063465580226
1372 0.006365367144258
1373 0.006299816201229
1374 0.006113280728251
1375 0.006300642948891
1376 0.006114412317324
1377 0.006083117264150
1378 0.006522194617003
1379 0.006486100638073
1380 0.006620387267066
1381 0.006584599206798
1382 0.006411634266382
1383 0.006248479507534
1384 0.006393571989631
1385 0.006209938296380
1386 0.006548268654785
1387 0.006747584594482
1388 0.006578578948441
1389 0.006412822540155
1390 0.006255590477130
1391 0.006127481524695
1392 0.005943483213733
1393 0.006002147310984
1394 0.005931925603869
1395 0.005748462086908
1396 0.005569652218082
1397 0.005438772537053
1398 0.005933479364951
1399 0.006259466011257
1400 0.006172289638440
1401 0.005989555611422
1402 0.005983950970123
1403 0.006373779621517
1404 0.006198548787649
1405 0.006261749592297
1406 0.006686549467022
1407 0.006573331381309
1408 0.006391111320356
1409 0.006820956929040
1410 0.007175637740761
1411 0.007018522377427
1412 0.006838265718646
1413 0.007171309399187
1414 0.007666210856288
1415 0.007963726825259
1416 0.007797887433036
1417 0.007617809954182
1418 0.007438052397761
1419 0.007869170680720
1420 0.007915103647474
1421 0.008044248542943
1422 0.008283506555194
1423 0.008612673961844
1424 0.008431201920855
1425 0.008283508152731
1426 0.008102560712784
1427 0.008042555009103
1428 0.008028375960843
1429 0.007847847278590
1430 0.007681315430188
1431 0.007515133356768
1432 0.007335799007394
1433 0.007193835153719
1434 0.007070740893228
1435 0.007375447716291
1436 0.007420732743767
1437 0.007317465025886
1438 0.007138527810035
1439 0.007246330898411
1440 0.007069142610710
1441 0.007451127566371
1442 0.007958417335931
1443 0.008008218765261
1444 0.008006588288761
1445 0.008226561941304
1446 0.008452088504717
1447 0.008273705287467
1448 0.008641198517626
1449 0.008782386446492
1450 0.008693172941683
1451 0.008775243037790
1452 0.008604008286795
1453 0.008849107903980
1454 0.008744538096689
1455 0.009245220407940
1456 0.009075419024056
1457 0.009090770202667
1458 0.009159236307998
1459 0.009249827783364
1460 0.009076324968259
1461 0.008914453500340
1462 0.008955474935436
1463 0.008792502393355
1464 0.008954159662921
1465 0.008801045830752
1466 0.008656550829473
1467 0.008549460618980
1468 0.008388047349838
1469 0.008674616806477
1470 0.008505152334343
1471 0.008519092658049
1472 0.008375524141518
1473 0.008304486464975
1474 0.008135199851761
1475 0.008171699992469
1476 0.008008516710648
1477 0.007873867024857
1478 0.008061114832959
1479 0.008354729313560
1480 0.008401397724429
1481 0.008226947766208
1482 0.008721494796911
1483 0.008548101569642
1484 0.008820272429865
1485 0.008766890002103
1486 0.008601080056369
1487 0.008675477596253
1488 0.008598845969380
1489 0.008551076472472
1490 0.008453233628026
1491 0.008380450011460
1492 0.008644962260398
1493 0.008474111996862
1494 0.008308356482879
1495 0.008626023318690
1496 0.008611254628525
1497 0.008924228287414
1498 0.008798928931851
1499 0.008829275275493
1500 0.009315909912456
1501 0.009637711405720
1502 0.009564861575033
1503 0.009396558060919
1504 0.009472006053156
1505 0.009597303329099
1506 0.009530201398569
1507 0.009374257197849
1508 0.009202258658772
1509 0.009154642937597
1510 0.009485700789809
1511 0.009336703859339
1512 0.009293486369314
1513 0.009637155360239
1514 0.009617995525154
1515 0.009448254873966
1516 0.009459950011158
1517 0.009774314813702
1518 0.009604139264598
1519 0.009433407911198
1520 0.009819397574830
1521 0.009649558398274
1522 0.009515180034856
1523 0.009918566500494
1524 0.009953525300663
1525 0.009961396405275
1526 0.010244300007933
1527 0.010076294339730
1528 0.010027661878012
1529 0.009858203690846
1530 0.009824813921826
1531 0.009738557836777
1532 0.009954545384483
1533 0.009897591788391
1534 0.010334092860430
1535 0.010191666971578
1536 0.010027730123227
1537 0.010013379367918
1538 0.009844319954601
1539 0.009771034181846
1540 0.010047502726659
1541 0.009914308260354
1542 0.009747448082481
1543 0.009617701701923
1544 0.009584979238535
1545 0.009468772681902
1546 0.009329747378962
1547 0.009467179125417
1548 0.009411367527311
1549 0.009664458337329
1550 0.009498046732695
1551 0.009330766080009
1552 0.009240281908872
1553 0.009087687909912
1554 0.008963096780965
1555 0.008796561156776
1556 0.008780191392202
1557 0.008904927515950
1558 0.008933923745016
1559 0.008767856201203
1560 0.008776187610446
1561 0.009110415410665
1562 0.009406500045340
1563 0.009806082086875
1564 0.009975741904480
1565 0.010179212392547
1566 0.010116587254500
1567 0.009952024745649
1568 0.010127122638949
1569 0.009961952811896
1570 0.009924643148514
1571 0.009796989910761
1572 0.010066366737507
1573 0.010241948248790
1574 0.010150613350108
1575 0.009985774938970
1576 0.010070892346010
1577 0.010021390248337
1578 0.009863421028590
1579 0.009698912601433
1580 0.009662923531553
1581 0.009558559029145
1582 0.009404580823687
1583 0.009400516730565
1584 0.009239469167860
1585 0.009076159650899
1586 0.009018000127559
1587 0.009053498607245
1588 0.009085896450312
1589 0.009007870386458
1590 0.008971234829575
1591 0.008904992342189
1592 0.009127962621031
1593 0.008996825204727
1594 0.008856008805374
1595 0.008693759129011
1596 0.008987777743220
1597 0.009073790179239
1598 0.008920273337273
1599 0.008856911691064
1600 0.008796273750584
1601 0.008639904477744
1602 0.008494663464989
1603 0.008754832196920
1604 0.008593513791554
1605 0.008842758028043
1606 0.009239323135944
1607 0.009116753387575
1608 0.009573467987507
1609 0.009433963966503
1610 0.009278733203016
1611 0.009634470466270
1612 0.009727679992483
1613 0.009752800528191
1614 0.009673393516204
1615 0.009898432612992
1616 0.010282572582860
1617 0.010194495489267
1618 0.010378167488073
1619 0.010799517111983
1620 0.011036215959137
1621 0.011300244401760
1622 0.011288675097638
1623 0.011307616705729
1624 0.011150129432748
1625 0.011042632730073
1626 0.011300291347169
1627 0.011395707147039
1628 0.011236137068954
1629 0.011086676161003
1630 0.010926625833946
1631 0.010882805891929
1632 0.010763160734970
1633 0.011101089683730
1634 0.010942675217126
1635 0.011376075801646
1636 0.011226305110560
1637 0.011169852185718
1638 0.011120253024164
1639 0.010984244283464
1640 0.010860581511910
1641 0.010922680972387
1642 0.010785284732560
1643 0.010685504938212
1644 0.010526944612388
1645 0.010448491448598
1646 0.010719234885673
1647 0.010769912757505
1648 0.011024383165995
1649 0.010957547937362
1650 0.010805882959596
1651 0.011097272300299
1652 0.010942478492250
1653 0.011194577386575
1654 0.011331043581837
1655 0.011216758791160
1656 0.011209425588310
1657 0.011053457356511
1658 0.011000838342843
1659 0.010843798886799
1660 0.010745343636689
1661 0.010630556298059
1662 0.010473738896446
1663 0.010324767496067
1664 0.010203086758474
1665 0.010061104750876
1666 0.009905458478142
1667 0.009980092940191
1668 0.009972599892974
1669 0.010198320827647
1670 0.010057137383480
1671 0.010341012238086
1672 0.010624413827209
1673 0.010695412932624
1674 0.010649906005806
1675 0.010625052225581
1676 0.010516450851352
1677 0.010909300597633
1678 0.010791188191013
1679 0.010638919255574
1680 0.010955374520533
1681 0.010804844187726
1682 0.010893538853203
1683 0.010794520056984
1684 0.010775587386867
1685 0.010694331299235
1686 0.010539956538811
1687 0.010682585848489
1688 0.010533356716714
1689 0.010438128817693
1690 0.010312043418252
1691 0.010158126823031
1692 0.010476524354649
1693 0.010326635600531
1694 0.010173185802669
1695 0.010101550080822
1696 0.010019766137208
1697 0.009877778325257
1698 0.009727939409622
1699 0.009575488267995
1700 0.009423997799717
1701 0.009564549933272
1702 0.009413681425271
1703 0.009261820981036
1704 0.009202996566342
1705 0.009078262704885
1706 0.009406326654485
1707 0.009284357195941
1708 0.009648362333173
1709 0.009496566583525
1710 0.009344828681927
1711 0.009204651083726
1712 0.009053766875117
1713 0.008971755091942
1714 0.008855364922466
1715 0.008850147503151
1716 0.008702332756538
1717 0.008791121427339
1718 0.008708083399718
1719 0.008852361053473
1720 0.009137793215120
1721 0.009027833421738
1722 0.008891646854195
1723 0.008876386057626
1724 0.008808096041030
1725 0.008777138910828
1726 0.008638230225047
1727 0.008533511388171
1728 0.008607680272826
1729 0.008841129249797
1730 0.008724742878038
1731 0.008575537662533
1732 0.008670684706012
1733 0.008546274726986
1734 0.008398077993462
1735 0.008680738357680
1736 0.008548302869987
1737 0.008536942535127
1738 0.008432896775390
1739 0.008541623432553
1740 0.008526017598887
1741 0.008644979312379
1742 0.008775235354938
1743 0.009184879436430
1744 0.009070835234143
1745 0.008961367315326
1746 0.008815522157671
1747 0.008712785042638
1748 0.008928366770678
1749 0.008912482063021
1750 0.008764542082505
1751 0.008660655004122
1752 0.008740232906619
1753 0.009138077629736
1754 0.009013586927736
1755 0.009181373205000
1756 0.009041494934045
1757 0.009027352790603
1758 0.008994636223457
1759 0.009352040486284
1760 0.009205054807247
1761 0.009058450259213
1762 0.009124067224251
1763 0.009162586019543
1764 0.009086491213421
1765 0.009025558678893
1766 0.008884662303437
1767 0.008762107329431
1768 0.008620012378222
1769 0.008547124100947
1770 0.008401097005335
1771 0.008526715695847
1772 0.008415388035467
1773 0.008270472248739
1774 0.008292772772322
1775 0.008168918648350
1776 0.008326146213407
1777 0.008663649366119
1778 0.008518292394203
1779 0.008723685914732
1780 0.008748285290022
1781 0.008603726357109
1782 0.008642199627032
1783 0.008672015827925
1784 0.008709386213802
1785 0.008567907474114
1786 0.008503193620326
1787 0.008513709382396
1788 0.008369426285007
1789 0.008235735957109
1790 0.008091486204212
1791 0.007948352128475
1792 0.007907938729115
1793 0.008250824279123
1794 0.008110170379129
1795 0.008409115313496
1796 0.008294346900819
1797 0.008172629348761
1798 0.008077221439310
1799 0.007973191476346
1800 0.007835071425203
1801 0.007691911936674
1802 0.007816481031549
1803 0.007716669090511
1804 0.007588698033387
1805 0.007446250705403
1806 0.007473728741394
1807 0.007347601681266
1808 0.007230836573246
1809 0.007089532540475
1810 0.006947806992006
1811 0.007214258416112
1812 0.007196234324691
1813 0.007060990954160
1814 0.006979164893722
1815 0.006932293559542
1816 0.007037265930722
1817 0.006895803645925
1818 0.007065195239466
1819 0.006924568479507
1820 0.006783465700194
1821 0.006730923007012
1822 0.006708535386953
1823 0.006973528426515
1824 0.006835774585692
1825 0.006740182820996
1826 0.006845566668934
1827 0.006973387554570
1828 0.006861190116810
1829 0.006973658078310
1830 0.007105798718482
1831 0.006966001404247
1832 0.006849214269835
1833 0.006711029744123
1834 0.006721046461316
1835 0.006764527981076
1836 0.006644205753460
1837 0.006665805763316
1838 0.006811557953577
1839 0.007076147254495
1840 0.006936446362167
1841 0.007205186098368
1842 0.007072174503509
1843 0.007038064099905
1844 0.007061296058907
1845 0.007422878751005
1846 0.007315619998299
1847 0.007176415526809
1848 0.007526661918612
1849 0.007438292274144
1850 0.007308135306250
1851 0.007172784443937
1852 0.007035460284842
1853 0.006944462130263
1854 0.006819618904052
1855 0.006697797317629
1856 0.006968380210230
1857 0.006914614071746
1858 0.006834312335999
1859 0.006707449830615
1860 0.006635428478064
1861 0.006805878565270
1862 0.006678371871475
1863 0.006580306243595
1864 0.006567458398248
1865 0.006838482268149
1866 0.006842362632843
1867 0.006814301569352
1868 0.006737899547003
1869 0.006965840920513
1870 0.006828561820789
1871 0.006692403192926
1872 0.006856015698470
1873 0.006737416804528
1874 0.006668187587695
1875 0.006893396104659
1876 0.007090641819030
1877 0.006975394029147
1878 0.006880399438595
1879 0.006747162202693
1880 0.006624142045591
1881 0.006566028591658
1882 0.006711092486986
1883 0.006955829657719
1884 0.006844108180774
1885 0.007194822823580
1886 0.007059229948019
1887 0.006945294852340
1888 0.007051516198977
1889 0.006925754515023
1890 0.006805693687184
1891 0.006700822367441
1892 0.006784577009134
1893 0.006720500916578
1894 0.006931715564593
1895 0.006820799241580
1896 0.006685345287230
1897 0.006564144086030
1898 0.006658232432097
1899 0.006523735238253
1900 0.006624620243679
1901 0.006685495700461
1902 0.006596920865144
1903 0.006948001121400
1904 0.007031633713056
1905 0.006922917652747
1906 0.007170744996910
1907 0.007308126935371
1908 0.007175727538798
1909 0.007061470906771
1910 0.007035179375220
1911 0.007335059023763
1912 0.007417925789430
1913 0.007289427870832
1914 0.007215632266989
1915 0.007087369287382
1916 0.007133980075027
1917 0.007000822716956
1918 0.006866930023600
1919 0.006733075623829
1920 0.006822565286063
1921 0.006815109098543
1922 0.006691813620297
1923 0.006559356152324
1924 0.006426907998221
1925 0.006581412923113
1926 0.006557461908502
1927 0.006835920082361
1928 0.006775349161703
1929 0.006657661120503
1930 0.007041248757941
1931 0.006916346506508
1932 0.006785935329022
1933 0.006656277589549
1934 0.006969687023837
1935 0.006882710702785
1936 0.007007128351444
1937 0.006874467819766
1938 0.006780858745460
1939 0.006671214162940
1940 0.006652441863577
1941 0.006975191891892
1942 0.007193164896802
1943 0.007077307041896
1944 0.006962483474473
1945 0.006915732491669
1946 0.006796434904479
1947 0.006667656927872
1948 0.006538422739901
1949 0.006780333018761
1950 0.006649708432525
1951 0.006530809129425
1952 0.006727899613977
1953 0.006708762259964
1954 0.006600414561472
1955 0.006528530167830
1956 0.006518665413760
1957 0.006606492935100
1958 0.006520565911458
1959 0.006390419877884
1960 0.006261657982934
1961 0.006562169379474
1962 0.006456229765738
1963 0.006325588657087
1964 0.006370346837973
1965 0.006250137114099
1966 0.006221019365578
1967 0.006171975477441
1968 0.006496174622139
1969 0.006383699684372
1970 0.006253730068581
1971 0.006198535892266
1972 0.006070913821489
1973 0.005945462702463
1974 0.005828491188095
1975 0.005715654960929
1976 0.005586252759985
1977 0.005519393078579
1978 0.005395609152145
1979 0.005491388231374
1980 0.005586558922630
1981 0.005471301302708
1982 0.005359191495556
1983 0.005234470847504
1984 0.005106266674780
1985 0.004982255750802
1986 0.004944993239934
1987 0.004870656549660
1988 0.004749676217251
1989 0.004636787794135
1990 0.004546323648864
1991 0.004824453888675
1992 0.005092063123141
1993 0.004968478399824
1994 0.005155622725313
1995 0.005063120676485
1996 0.004957958645539
1997 0.005310334325223
1998 0.005202339173892
1999 0.005083908197464
2000 0.004965084247170
2001 0.004844943191521
2002 0.005016353892344
2003 0.004906674190639
2004 0.005088048816142
2005 0.004961030302686
2006 0.005119647875847
2007 0.005417850719584
2008 0.005599537024162
2009 0.005472488730860
2010 0.005355610499383
2011 0.005681745358229
2012 0.005609846888825
2013 0.005500290206587
2014 0.005504175997406
2015 0.005574025461938
2016 0.005493710151300
2017 0.005408435699644
2018 0.005643847430609
2019 0.005517559086827
2020 0.005874468597253
2021 0.005807540142604
2022 0.005751201235919
2023 0.005650215651339
2024 0.005789661864024
2025 0.005663731799967
2026 0.005589649411213
2027 0.005503298853392
2028 0.005378561906703
2029 0.005269599246246
2030 0.005149277120768
2031 0.005135937485957
2032 0.005165259497314
2033 0.005278777333042
2034 0.005352464181137
2035 0.005436732348471
2036 0.005454725704654
2037 0.005420119688567
2038 0.005353851909403
2039 0.005232631772801
2040 0.005363197424464
2041 0.005247654840285
2042 0.005168061206425
2043 0.005294279454744
2044 0.005185927056597
2045 0.005519551423969
2046 0.005394967369968
2047 0.005618879073166
2048 0.005896435811053
2049 0.005783643977673
2050 0.005681737853445
2051 0.005573767905290
2052 0.005765852098803
2053 0.005654646484491
2054 0.005733248773686
2055 0.005649519776166
2056 0.005801188927967
2057 0.005783340203062
2058 0.005663804042384
2059 0.005539843639405
2060 0.005415830261422
2061 0.005303584256672
2062 0.005185620585888
2063 0.005157799182091
2064 0.005039776620460
2065 0.005335655737043
2066 0.005426579371131
2067 0.005553256383907
2068 0.005534133238588
2069 0.005569321266823
2070 0.005456671930774
2071 0.005333564821721
2072 0.005541602244838
2073 0.005418713760447
2074 0.005504155659619
2075 0.005389162735050
2076 0.005278033528055
2077 0.005163115956435
2078 0.005175327511874
2079 0.005202404230018
2080 0.005157935672881
2081 0.005255608888723
2082 0.005539020667831
2083 0.005419482219338
2084 0.005607637586557
2085 0.005674950265135
2086 0.005552830895102
2087 0.005431381388303
2088 0.005742861761841
2089 0.005813308555366
2090 0.005691155256826
2091 0.005588340502476
2092 0.005466344239978
2093 0.005667252890410
2094 0.005567657517918
2095 0.005448420582460
2096 0.005670888861810
2097 0.005746291609174
2098 0.005983436787995
2099 0.005913363548003
2100 0.005929356917732
2101 0.005846721092965
2102 0.005728528205091
2103 0.005700859638452
2104 0.005579613129185
2105 0.005533348900367
2106 0.005415020865826
2107 0.005312068049830
2108 0.005217801080130
2109 0.005098602560904
2110 0.004997843527456
2111 0.004877361045353
2112 0.004766999691850
2113 0.004964073699746
2114 0.004976691793891
2115 0.005001106329098
2116 0.005337991258774
2117 0.005451985378299
2118 0.005420356224814
2119 0.005340912023800
2120 0.005226374246927
2121 0.005164738585235
2122 0.005044661816453
2123 0.004930841791438
2124 0.004816339770537
2125 0.004696786600012
2126 0.004688012090572
2127 0.004598587389118
2128 0.004635275470204
2129 0.004517675509369
2130 0.004401029966839
2131 0.004502071390605
2132 0.004668775151833
2133 0.004794051502822
2134 0.004680581757665
2135 0.004729165079832
2136 0.004642509678044
2137 0.004631708338483
2138 0.004701177127683
2139 0.004582141261876
2140 0.004564980258817
2141 0.004594764287333
2142 0.004478131557306
2143 0.004360214117192
2144 0.004242794446067
2145 0.004227525405545
2146 0.004164032610909
2147 0.004272358489320
2148 0.004160273375189
2149 0.004091732739898
2150 0.003975997390650
2151 0.003884179595356
2152 0.003877948820752
2153 0.004082055903109
2154 0.003967156424392
2155 0.004049890332791
2156 0.003992674185563
2157 0.004248258742160
2158 0.004593622063491
2159 0.004482737637582
2160 0.004471981497592
2161 0.004358162894482
2162 0.004330667780234
2163 0.004373126050418
2164 0.004257456193092
2165 0.004376711613611
2166 0.004287959843817
2167 0.004216492447318
2168 0.004396271978869
2169 0.004293029790484
2170 0.004209367883226
2171 0.004116517619445
2172 0.004387430404925
2173 0.004537479102539
2174 0.004421053934996
2175 0.004522595632938
2176 0.004406444175759
2177 0.004695392697560
2178 0.004620405673444
2179 0.004569554957943
2180 0.004558037041198
2181 0.004660722720736
2182 0.004877559834440
2183 0.005152435704915
2184 0.005036772313437
2185 0.005249054258374
2186 0.005168326087579
2187 0.005384604744595
2188 0.005615427183748
2189 0.005526643676124
2190 0.005469362017585
2191 0.005522664044164
2192 0.005537070749395
2193 0.005722019031180
2194 0.005605951329706
2195 0.005496788745688
2196 0.005476897294770
2197 0.005394419375428
2198 0.005423929285976
2199 0.005578451911237
2200 0.005501186132727
2201 0.005501742058238
2202 0.005390622943796
2203 0.005291127634522
2204 0.005207088108701
2205 0.005194558079240
2206 0.005081607787733
2207 0.004966151361782
2208 0.004856153743582
2209 0.005115614278244
2210 0.005069610921268
2211 0.005269059015983
2212 0.005154279330203
2213 0.005204002986831
2214 0.005279353262853
2215 0.005165329285986
2216 0.005261177986393
2217 0.005213785211442
2218 0.005325164888386
2219 0.005344559908065
2220 0.005268707516322
2221 0.005204536045312
2222 0.005090878671615
2223 0.005220580696808
2224 0.005363476816063
2225 0.005250658387074
2226 0.005325303951138
2227 0.005245553964949
2228 0.005132749033512
2229 0.005150499571790
2230 0.005036494871592
2231 0.005191772086754
2232 0.005078744941996
2233 0.005053619412926
2234 0.004940957253680
2235 0.005166135485865
2236 0.005052018308848
2237 0.004938003855400
2238 0.004847901942359
2239 0.005146457139868
2240 0.005076839141983
2241 0.005034663711057
2242 0.005105587007348
2243 0.005289027646894
2244 0.005352395689570
2245 0.005247656331885
2246 0.005304156681262
2247 0.005578103938130
2248 0.005534771433629
2249 0.005642293933644
2250 0.005539083477196
2251 0.005425665695885
2252 0.005312665746010
2253 0.005202735920621
2254 0.005407957131494
2255 0.005363642129825
2256 0.005251346216623
2257 0.005138481055041
2258 0.005088547705030
2259 0.004980774811602
2260 0.005134113052184
2261 0.005089220456919
2262 0.005089829110777
2263 0.005023587351248
2264 0.005314070062525
2265 0.005203058599984
2266 0.005094159491752
2267 0.004982357784542
2268 0.005036436713349
2269 0.004924061045237
2270 0.004960060371687
2271 0.004905496656588
2272 0.005037155391691
2273 0.005128167773068
2274 0.005016201833861
2275 0.004954514628042
2276 0.004892398944264
2277 0.004821830033648
2278 0.004957597157971
2279 0.004872846394696
2280 0.004796041251800
2281 0.004820997085432
2282 0.005031257654186
2283 0.004919775812226
2284 0.005105080861608
2285 0.005060764478703
2286 0.005154545311615
2287 0.005345445773083
2288 0.005305531269687
2289 0.005299191731830
2290 0.005219978750244
2291 0.005229206851032
2292 0.005240832333100
2293 0.005129531898753
2294 0.005029902062553
2295 0.005084808261381
2296 0.005315241348413
2297 0.005223613884602
2298 0.005136863678834
2299 0.005397613955776
2300 0.005365232528171
2301 0.005396794661731
2302 0.005287040653190
2303 0.005305106847112
2304 0.005206577722390
2305 0.005203054231336
2306 0.005160765462272
2307 0.005214081023120
2308 0.005123434024373
2309 0.005020788822314
2310 0.004910450554247
2311 0.004842490408142
2312 0.004770404503285
2313 0.004663166069180
2314 0.004668280686149
2315 0.004722121585303
2316 0.004820083834802
2317 0.004763955726904
2318 0.004861961042181
2319 0.005022605264999
2320 0.004913031712518
2321 0.005014921752629
2322 0.004942311662245
2323 0.004980961352347
2324 0.004960607370596
2325 0.004852422381558
2326 0.004743133981478
2327 0.004727839516054
2328 0.005047069724497
2329 0.004940003602852
2330 0.004969143260047
2331 0.004888266125359
2332 0.004844027075445
2333 0.005121178484555
2334 0.005164778546806
2335 0.005094863581365
2336 0.005311578003709
2337 0.005202854546509
2338 0.005094539876345
2339 0.005071268666866
2340 0.004981762016848
2341 0.005016398982359
2342 0.004935339920707
2343 0.004828009321075
2344 0.004804593920813
2345 0.004710509867907
2346 0.004658393031501
2347 0.004966364030870
2348 0.005087582192221
2349 0.004979283780142
2350 0.005197688590849
2351 0.005128617374983
2352 0.005209888249394
2353 0.005184826739177
2354 0.005163477760588
2355 0.005077696001930
2356 0.005088004001424
2357 0.005284897822101
2358 0.005600218173564
2359 0.005492369612032
2360 0.005387574049691
2361 0.005383691445900
2362 0.005276208773134
2363 0.005216782013858
2364 0.005212657419158
2365 0.005380664946869
2366 0.005300525600456
2367 0.005461829761739
2368 0.005468066855869
2369 0.005364221788302
2370 0.005502274047155
2371 0.005394675068622
2372 0.005334024008420
2373 0.005406253408358
2374 0.005583793012844
2375 0.005518972445918
2376 0.005669350076700
2377 0.005562051196180
2378 0.005507445992582
2379 0.005692383703134
2380 0.005967703998143
2381 0.005871817187993
2382 0.005766560646704
2383 0.005787967873026
2384 0.005754373863549
2385 0.006064051050066
2386 0.006225202273263
2387 0.006247150652090
2388 0.006388258709048
2389 0.006288821258082
2390 0.006181609841922
2391 0.006079808366513
2392 0.006034497459114
2393 0.006070846580381
2394 0.006088631923723
2395 0.005984667248632
2396 0.006128665065961
2397 0.006047276784054
2398 0.005945125444735
2399 0.006136930144579
2400 0.006083840310097
2401 0.006324197664120
2402 0.006342774397867
2403 0.006238735641571
2404 0.006294218836775
2405 0.006221992127188
2406 0.006161065310876
2407 0.006082673128949
2408 0.005981999050755
2409 0.005919114300405
2410 0.005910460909850
2411 0.005831777403096
2412 0.005732163126385
2413 0.005627351179618
2414 0.005592097288888
2415 0.005544861226466
2416 0.005485147293457
2417 0.005379470559646
2418 0.005281080774486
2419 0.005265104069198
2420 0.005161067030305
2421 0.005063030335721
2422 0.004961061032756
2423 0.005252291207425
2424 0.005536153930910
2425 0.005456825933669
2426 0.005368769366402
2427 0.005322558251648
2428 0.005220079963507
2429 0.005181690547503
2430 0.005078605468967
2431 0.005043557812509
2432 0.004986565046576
2433 0.004892364069528
2434 0.004890420552402
2435 0.005108003242861
2436 0.005003746227548
2437 0.005067488251700
2438 0.004966358763854
2439 0.005238961705522
2440 0.005309821572936
2441 0.005251032770704
2442 0.005405492466000
2443 0.005368344424529
2444 0.005378803880433
2445 0.005364998557917
2446 0.005260691995143
2447 0.005556273565203
2448 0.005511629747914
2449 0.005551654254751
2450 0.005642499921748
2451 0.005539586390940
2452 0.005518402085700
2453 0.005693268391615
2454 0.005636682114396
2455 0.005552299356428
2456 0.005518947485972
2457 0.005567812515731
2458 0.005465235126888
2459 0.005406108583038
2460 0.005416229428271
2461 0.005325943408096
2462 0.005227620719611
2463 0.005362935213036
2464 0.005345525932037
2465 0.005250370979406
2466 0.005295125035646
2467 0.005200991750876
2468 0.005186614988367
2469 0.005208221207256
2470 0.005104964590552
2471 0.005003476489787
2472 0.004924938119596
2473 0.004822510700637
2474 0.004724088822268
2475 0.004633998173655
2476 0.004533723268430
2477 0.004565925977576
2478 0.004597622768471
2479 0.004495210003239
2480 0.004529588305893
2481 0.004828954022727
2482 0.004758185607680
2483 0.004669434849018
2484 0.004568264482532
2485 0.004466635269580
2486 0.004659424839061
2487 0.004576994405691
2488 0.004481740055327
2489 0.004500193087878
2490 0.004398186418198
2491 0.004296147518012
2492 0.004200165940604
2493 0.004249697042234
2494 0.004179854683735
2495 0.004245175327137
2496 0.004372485577810
2497 0.004543024411872
2498 0.004757979216677
2499 0.004664085499348
2500 0.004566926424613
2501 0.004470220083907
2502 0.004368524551305
2503 0.004641078513841
2504 0.004540959682898
2505 0.004460947678705
2506 0.004505751172137
2507 0.004547121526372
2508 0.004682362081484
2509 0.004607903731273
2510 0.004542781442003
2511 0.004653963936365
2512 0.004943181327558
2513 0.005147648139064
2514 0.005049429888700
2515 0.004948795175027
2516 0.005079967398376
2517 0.005371790715491
2518 0.005304209839119
2519 0.005594486572905
2520 0.005493323204258
2521 0.005397667595633
2522 0.005297338230308
2523 0.005203640144294
2524 0.005458560213292
2525 0.005523937994317
2526 0.005590017882733
2527 0.005497689539640
2528 0.005399272171889
2529 0.005298795262246
2530 0.005204832019787
2531 0.005377195777908
2532 0.005644053388066
2533 0.005571540032237
2534 0.005471569245152
2535 0.005399772572050
2536 0.005299105511993
2537 0.005205725866939
2538 0.005119590675578
2539 0.005171547356688
2540 0.005165260629462
2541 0.005228729507265
2542 0.005142704932172
2543 0.005043919798801
2544 0.004971676615217
2545 0.004909257584638
2546 0.004809521102472
2547 0.004774730484388
2548 0.004781458820756
2549 0.004728124758056
2550 0.004628661381872
2551 0.004534855296791
2552 0.004435139785621
2553 0.004369123819783
2554 0.004281416973523
2555 0.004182255696861
2556 0.004289016678353
2557 0.004214705676842
2558 0.004118209497661
2559 0.004052319170762
2560 0.004071570790518
2561 0.004321554898102
2562 0.004367937969683
2563 0.004269393026553
2564 0.004410160502892
2565 0.004315332014450
2566 0.004233885059042
2567 0.004179083291506
2568 0.004080197996524
2569 0.004162291598210
2570 0.004063548453927
2571 0.003984803201407
2572 0.003942646481104
2573 0.003983425909528
2574 0.003899850338592
2575 0.003802092176410
2576 0.004047535090135
2577 0.004043718490395
2578 0.003945876372606
2579 0.003930999491344
2580 0.003909928131633
2581 0.003900256003334
2582 0.004076063775828
2583 0.003978479835561
2584 0.003880802630014
2585 0.003789745147735
2586 0.003781858398505
2587 0.003749295249009
2588 0.003831487894952
2589 0.003853263103592
2590 0.003927434429419
2591 0.003833811292595
2592 0.003744378328311
2593 0.003680033544621
2594 0.003593165775274
2595 0.003862468943041
2596 0.004000842596188
2597 0.004011833585332
2598 0.004050157522928
2599 0.003954459220036
2600 0.003859951516906
2601 0.004052515127019
2602 0.004273499705256
2603 0.004276934185213
2604 0.004245400250107
2605 0.004158114143860
2606 0.004100566236847
2607 0.004149997411166
2608 0.004149054767984
2609 0.004079445885760
2610 0.003989576697247
2611 0.003900214248673
2612 0.003906173831263
2613 0.003826397485960
2614 0.003928331743224
2615 0.003926516595044
2616 0.003841816154328
2617 0.003883153334226
2618 0.003786210780079
2619 0.003786853487953
2620 0.003939869196217
2621 0.003916774822605
2622 0.003856657150917
2623 0.003856991233941
2624 0.003760247934195
2625 0.003726072028846
2626 0.003629452535592
2627 0.003572728171488
2628 0.003827344884994
2629 0.003869136673248
2630 0.003774927599058
2631 0.003723219117115
2632 0.003665412096841
2633 0.003683916239458
2634 0.003893604190434
2635 0.003855176319107
2636 0.003895558755232
2637 0.003850583350166
2638 0.003900243363275
2639 0.004126744618032
2640 0.004060032170766
2641 0.004183518892806
2642 0.004147480951721
2643 0.004122958834462
2644 0.004245007487043
2645 0.004294149005864
2646 0.004423950637322
2647 0.004491847032506
2648 0.004497444481635
2649 0.004584646069063
2650 0.004569319610380
2651 0.004488193558173
2652 0.004392473295506
2653 0.004297016998935
2654 0.004209267827484
2655 0.004225836550389
2656 0.004379849745713
2657 0.004292102236993
2658 0.004427335241476
2659 0.004406362782939
2660 0.004314865936846
2661 0.004242706463878
2662 0.004327735831109
2663 0.004262200827857
2664 0.004402391989510
2665 0.004307000722431
2666 0.004211650307978
2667 0.004116388607834
2668 0.004386867494452
2669 0.004307929441542
2670 0.004213171030748
2671 0.004305797268300
2672 0.004226419283295
2673 0.004382828379834
2674 0.004597497547417
2675 0.004548776616635
2676 0.004454768464949
2677 0.004500371577620
2678 0.004405337892568
2679 0.004359928620557
2680 0.004265368648210
2681 0.004212869374119
2682 0.004125994204514
2683 0.004144197199093
2684 0.004078896925248
2685 0.003990519522067
2686 0.003900032851452
2687 0.003818586106882
2688 0.003957091821032
2689 0.003956262884762
2690 0.004059259007767
2691 0.003977116814198
2692 0.003961648382734
2693 0.003996929584771
2694 0.003951563040675
2695 0.004223923742993
2696 0.004148549635022
2697 0.004054430826704
2698 0.003969125872693
2699 0.003877840962743
2700 0.003807008432940
2701 0.003914277375999
2702 0.003906837349442
2703 0.003819883690719
2704 0.003748647496142
2705 0.003714037776112
2706 0.003656634364963
2707 0.003562973404843
2708 0.003541565960684
2709 0.003462768919667
2710 0.003378574284587
2711 0.003543455896396
2712 0.003563408657277
2713 0.003663977428775
2714 0.003570704908771
2715 0.003568395732899
2716 0.003740446514602
2717 0.003647069111645
2718 0.003562847058537
2719 0.003553667528427
2720 0.003789697866643
2721 0.003780215484866
2722 0.003950136221479
2723 0.003973936982995
2724 0.003881022189735
2725 0.003882555176357
2726 0.003806460659741
2727 0.003715763975617
2728 0.003622760091132
2729 0.003657367767016
2730 0.003667042056922
2731 0.003903296411791
2732 0.004102316516026
2733 0.004280522636729
2734 0.004193087732698
2735 0.004117623557735
2736 0.004090656311730
2737 0.004210546037544
2738 0.004118174986681
2739 0.004029480597330
2740 0.003937814065952
2741 0.003919089953292
2742 0.003955168138594
2743 0.004120451357937
2744 0.004047404478977
2745 0.004112059844487
2746 0.004019521144849
2747 0.003930360536796
2748 0.003880613252106
2749 0.003817950416069
2750 0.003767314722038
2751 0.003726366799609
2752 0.003636960381386
2753 0.003548459118333
2754 0.003456810412016
2755 0.003474182058193
2756 0.003517435495360
2757 0.003428140983638
2758 0.003349890406747
2759 0.003258063699872
2760 0.003335072873619
2761 0.003567954759375
2762 0.003477263548233
2763 0.003402219378246
2764 0.003382110451445
2765 0.003376181138787
2766 0.003284577351622
2767 0.003193258524431
2768 0.003332274367738
2769 0.003394372871515
2770 0.003550225301206
2771 0.003458728603011
2772 0.003572465459379
2773 0.003515544826562
2774 0.003429438229316
2775 0.003388467061707
2776 0.003300263983183
2777 0.003221864470292
2778 0.003130801720097
2779 0.003065395698828
2780 0.002977564044189
2781 0.002921630891750
2782 0.003018246127206
2783 0.002927389643807
2784 0.002898175970330
2785 0.002838985592887
2786 0.002778738503235
2787 0.002696147187797
2788 0.002642431384736
2789 0.002571041712200
2790 0.002510147369876
2791 0.002450668204598
2792 0.002465495365224
2793 0.002594916887627
2794 0.002662673850890
2795 0.002591476754170
2796 0.002518236107400
2797 0.002742004860370
2798 0.002900724877628
2799 0.002839029732863
2800 0.002756719599059
2801 0.002675554697394
2802 0.002754103602335
2803 0.002696061216051
2804 0.002699450460951
2805 0.002917513968000
2806 0.003093999015306
2807 0.003167650086027
2808 0.003078856353523
2809 0.003040913389616
2810 0.002955886146806
2811 0.002871184532941
2812 0.002781303130134
2813 0.002691934239855
2814 0.002607646112836
2815 0.002521390774333
2816 0.002431738201065
2817 0.002351653188484
2818 0.002520476466308
2819 0.002480782733736
2820 0.002405520553079
2821 0.002318273425475
2822 0.002331306982193
2823 0.002288276760506
2824 0.002310024086953
2825 0.002237316753095
2826 0.002193066821331
2827 0.002103861257084
2828 0.002021538837147
2829 0.002209117262134
2830 0.002371970701974
2831 0.002305936260394
2832 0.002417049776783
2833 0.002362533079747
2834 0.002455154959007
2835 0.002409682548385
2836 0.002388264988200
2837 0.002299437304933
2838 0.002329281440760
2839 0.002337036745189
2840 0.002252678379811
2841 0.002179031964057
2842 0.002147377535931
2843 0.002180321454715
2844 0.002091652415579
2845 0.002023555588321
2846 0.002127812904936
2847 0.002388574785926
2848 0.002395270396774
2849 0.002472524368254
2850 0.002423865262416
2851 0.002354928453271
2852 0.002280434571278
2853 0.002274388002529
2854 0.002185995311336
2855 0.002100387792066
2856 0.002204554122340
2857 0.002159091765014
2858 0.002088458212763
2859 0.002008754129214
2860 0.001929938130779
2861 0.001888366077089
2862 0.001800360385093
2863 0.002061310929656
2864 0.002016571414093
2865 0.001934259345734
2866 0.002144512327451
2867 0.002058366491507
2868 0.002061068066107
2869 0.002163856901729
2870 0.002154685646287
2871 0.002068097893367
2872 0.002009153611435
2873 0.002098744174516
2874 0.002332623606012
2875 0.002411802955112
2876 0.002324507260295
2877 0.002245214473954
2878 0.002204486525152
2879 0.002140362890888
2880 0.002072001099935
2881 0.002223767863401
2882 0.002138805976468
2883 0.002279465674983
2884 0.002227017210637
2885 0.002246070796647
2886 0.002198786454774
2887 0.002158343590409
2888 0.002071234698760
2889 0.001989867905693
2890 0.001918861354035
2891 0.001833837384562
2892 0.001779064952652
2893 0.001823379823670
2894 0.001744119298817
2895 0.001660905391532
2896 0.001582822455231
2897 0.001599790754588
2898 0.001516717436846
2899 0.001466381647494
2900 0.001573024566264
2901 0.001488592968945
2902 0.001495289065916
2903 0.001416269947829
2904 0.001482635730453
2905 0.001624224352705
2906 0.001588232537704
2907 0.001541913908338
2908 0.001467579419336
2909 0.001567647419053
2910 0.001493815182844
2911 0.001436989665851
2912 0.001355349692661
2913 0.001348081070651
2914 0.001261834543102
2915 0.001500432222356
2916 0.001539405310703
2917 0.001468818404024
2918 0.001382873318223
2919 0.001328807237473
2920 0.001279073201067
2921 0.001284011206045
2922 0.001235047541577
2923 0.001267155208008
2924 0.001316486015894
2925 0.001291631343563
2926 0.001305761272015
2927 0.001220010870891
2928 0.001137623140500
2929 0.001175099628688
2930 0.001170269432047
2931 0.001105997408985
2932 0.001021214726392
2933 0.000937720603469
2934 0.001033425738952
2935 0.000947907648171
2936 0.000865825528503
2937 0.000843507967711
2938 0.000761126657156
2939 0.000863455605564
2940 0.000880910429307
2941 0.001103043715129
2942 0.001024893670824
2943 0.000939945147991
2944 0.000858458380754
2945 0.001080646534122
2946 0.001324253134603
2947 0.001365223740198
2948 0.001280194712755
2949 0.001294698029363
2950 0.001392054099203
2951 0.001306867809014
2952 0.001548507869543
2953 0.001557887306490
2954 0.001597897764914
2955 0.001716913153512
2956 0.001632673259822
2957 0.001547582659288
2958 0.001464225785260
2959 0.001432361560221
2960 0.001353442846957
2961 0.001286935720916
2962 0.001203051800616
2963 0.001405140871268
2964 0.001383681692680
2965 0.001473634695192
2966 0.001389168874475
2967 0.001327925381355
2968 0.001410798521494
2969 0.001566271907007
2970 0.001481569818326
2971 0.001554282483777
2972 0.001470541290877
2973 0.001524115826899
2974 0.001453474119863
2975 0.001388117221160
2976 0.001315840536499
2977 0.001516555191156
2978 0.001432235450866
2979 0.001348015902227
2980 0.001331821646734
2981 0.001319101554772
2982 0.001333065221246
2983 0.001251907538800
2984 0.001250595694770
2985 0.001174541830953
2986 0.001090622603210
2987 0.001083876221791
2988 0.001100316040642
2989 0.001016828847212
2990 0.001105777414807
2991 0.001107977922225
2992 0.001051027013120
2993 0.001068068759220
2994 0.001148130512046
2995 0.001064882050908
2996 0.000981888474147
2997 0.000898181647942
2998 0.000859084605938
2999 0.000799171143371
3000 0.000755857443595
3001 0.000870942660795
3002 0.001063111671624
3003 0.000994681492260
3004 0.001041479920236
3005 0.000958947195950
3006 0.000927953555497
3007 0.000852962437223
3008 0.000829363737676
3009 0.000801698748910
3010 0.000726017654450
3011 0.000642856020515
3012 0.000562796711300
3013 0.000480877165391
3014 0.000484640852391
3015 0.000401566720755
3016 0.000338570338148
3017 0.000310773238548
3018 0.000290879966373
3019 0.000207974857045
3020 0.000136476739883
3021 0.000242792994687
3022 0.000217917406241
3023 0.000150327987307
3024 0.000195225483359
3025 0.000179705520055
3026 0.000155453625760
3027 0.000331635738774
3028 0.000431526180574
3029 0.000604583520944
3030 0.000521915543565
3031 0.000439287396198
3032 0.000367655284998
3033 0.000308648137666
3034 0.000548525863930
3035 0.000524844191435
3036 0.000472215330061
3037 0.000391390553069
3038 0.000518126205403
3039 0.000622651950649
3040 0.000798772501750
3041 0.000872845669289
3042 0.000868477243425
3043 0.000889891888330
3044 0.001098888946385
3045 0.001029088357709
3046 0.001079886316208
3047 0.001030630770227
3048 0.000955630187669
3049 0.000900478295500
3050 0.000820513900396
3051 0.000738310141550
3052 0.000656535476178
3053 0.000576004688419
3054 0.000522087923140
3055 0.000554641492647
3056 0.000473735209182
3057 0.000392518466983
3058 0.000342200188720
3059 0.000273983164877
3060 0.000274780839601
3061 0.000216118030791
3062 0.000252525498038
3063 0.000179229753673
3064 0.000104271148026
3065 0.000097860962898
3066 0.000017930650506
3067 0.000043602163338
3068 0.000116947097851
3069 0.000017097214588
3070 0.000089369367190
3071 0.000142751086865
3072 0.000083154563091
3073 0.000085219609029
3074 0.000004026942856
3075 0.000174684710014
3076 0.000282530948116
3077 0.000202191124084
3078 0.000413685535043
3079 0.000381017735460
3080 0.000308202004483
3081 0.000502255466475
3082 0.000684145493012
3083 0.000700035409016
3084 0.000618745231184
3085 0.000538261550040
3086 0.000486230147007
3087 0.000505331771386
3088 0.000532853335268
3089 0.000460224101369
3090 0.000415221805956
3091 0.000354371617112
3092 0.000332906172870
3093 0.000301100292155
3094 0.000260742916493
3095 0.000181562480930
3096 0.000114705402355
3097 0.000060769783825
3098 0.000014661506268
3099 0.000132393510515
3100 0.000057369970283
3101 0.000022956528741
3102 0.000111226790479
3103 0.000178672850090
3104 0.000098075069822
3105 0.000018015540223
3106 0.000031892650655
3107 0.000104603225022
3108 0.000210705375976
3109 0.000192356698784
3110 0.000122103161844
3111 0.000045199808551
3112 0.000008459103649
3113 0.000088585463634
3114 0.000005161102757
3115 0.000179308774705
3116 0.000099041769149
3117 0.000139237689041
3118 0.000121565342668
3119 0.000047900961497
3120 0.000016560297998
3121 0.000096432190011
3122 0.000096907012213
3123 0.000176811204552
3124 0.000176632968827
3125 0.000249645649014
3126 0.000306895849890
3127 0.000287892052550
3128 0.000313656580526
3129 0.000172241655366
3130 0.000016206013161
3131 0.000162012481798
3132 0.000096147154776
3133 0.000016320743302
3134 0.000005069877004
3135 0.000082928308840
3136 0.000029126702296
3137 0.000105449395591
3138 0.000168381641064
3139 0.000241834484048
3140 0.000041443017386
3141 0.000039241751816
3142 0.000039367391442
3143 0.000009079069159
3144 0.000039104985349
3145 0.000150140157684
3146 0.000227350856563
3147 0.000330384901665
3148 0.000253254589805
3149 0.000433559824097
3150 0.000540049197285
3151 0.000498971560653
3152 0.000420838688206
3153 0.000382485454248
3154 0.000535077586403
3155 0.000471866320073
3156 0.000565171837434
3157 0.000572337946252
3158 0.000522186259453
3159 0.000607449286376
3160 0.000743914619325
3161 0.000942583221970
3162 0.000893502933480
3163 0.000896073579650
3164 0.000875451145255
3165 0.000842311607007
3166 0.000781396495389
3167 0.000705347313005
3168 0.000696623924817
3169 0.000887034317198
3170 0.000810778249542
3171 0.000749038147556
3172 0.000672781197800
3173 0.000603942636091
3174 0.000544062859513
3175 0.000499424167382
3176 0.000420785759948
3177 0.000345733834590
3178 0.000501137324309
3179 0.000435808621005
3180 0.000391018874990
3181 0.000458132841327
3182 0.000382704653717
3183 0.000316546796446
3184 0.000238106467106
3185 0.000211183313659
3186 0.000141001308922
3187 0.000070642554090
3188 0.000007135804005
3189 0.000001781573190
3190 0.000007290668261
3191 0.000031476708287
3192 0.000098291528707
3193 0.000088117686643
3194 0.000165570822242
3195 0.000040572386895
3196 0.000200648908351
3197 0.000219839186179
3198 0.000152976557898
3199 0.000283582419960
3200 0.000269508714707
3201 0.000200038807721
3202 0.000123411824922
3203 0.000045830218331
3204 0.000028988701587
3205 0.000027486702298
3206 0.000049984836690
3207 0.000127899197651
3208 0.000136673109471
3209 0.000210252014143
3210 0.000287069846036
3211 0.000327428577445
3212 0.000191908421444
3213 0.000265463007478
3214 0.000224384185231
3215 0.000134862870216
3216 0.000211898275627
3217 0.000286459334003
3218 0.000192082936208
3219 0.000081784518055
3220 0.000103430432281
3221 0.000175295099389
3222 0.000024363160532
3223 0.000151640026272
3224 0.000307367260660
3225 0.000520978225937
3226 0.000700713758441
3227 0.000867935613360
3228 0.000807354329341
3229 0.000758715569332
3230 0.000701003665516
3231 0.000624639602694
3232 0.000652437405033
3233 0.000581901971481
3234 0.000509492687055
3235 0.000466237357183
3236 0.000388995547811
3237 0.000365470739759
3238 0.000569004243103
3239 0.000495563488939
3240 0.000422783613233
3241 0.000552435043813
3242 0.000516950852402
3243 0.000445245683183
3244 0.000389565688443
3245 0.000323163827674
3246 0.000260095179483
3247 0.000414942552197
3248 0.000346102992610
3249 0.000309137251436
3250 0.000263754711705
3251 0.000186776818831
3252 0.000110464220741
3253 0.000074168481600
3254 0.000007015187174
3255 0.000183646083232
3256 0.000177070913096
3257 0.000345275679162
3258 0.000469595280062
3259 0.000432402676146
3260 0.000638834393749
3261 0.000754080698172
3262 0.000741805076348
3263 0.000665055400757
3264 0.000836022267974
3265 0.000973131300435
3266 0.000926890154186
3267 0.000881315423582
3268 0.000911317636491
3269 0.000835042212032
3270 0.001015941513323
3271 0.000939237020163
3272 0.000862544365674
3273 0.000786667659485
3274 0.000710068223501
3275 0.000719524099891
3276 0.000643083890459
3277 0.000566618949108
3278 0.000490633296678
3279 0.000491032947754
3280 0.000478964210456
3281 0.000425835986251
3282 0.000353794726367
3283 0.000445675573318
3284 0.000532982933150
3285 0.000473333250866
3286 0.000586714691338
3287 0.000565582563730
3288 0.000515064067060
3289 0.000477083213781
3290 0.000639438624823
3291 0.000672803233964
3292 0.000697125141243
3293 0.000829368167592
3294 0.000985324742601
3295 0.000975260743807
3296 0.000906520239718
3297 0.000830901576469
3298 0.000909534522978
3299 0.000833631107028
3300 0.000785796755044
3301 0.000717902990637
3302 0.000642001507780
3303 0.000601549061806
3304 0.000745755249578
3305 0.000669889770030
3306 0.000666528104489
3307 0.000683345156824
3308 0.000791462523704
3309 0.000732199233584
3310 0.000954900334105
3311 0.001161760875829
3312 0.001085928281191
3313 0.001282128294797
3314 0.001207103763378
3315 0.001135767453837
3316 0.001133453218249
3317 0.001259328256713
3318 0.001225294076978
3319 0.001314952393088
3320 0.001257246221206
3321 0.001284444987633
3322 0.001209113017127
3323 0.001181622924306
3324 0.001151952680307
3325 0.001122057009447
3326 0.001060434490402
3327 0.001117367118932
3328 0.001180952461530
3329 0.001380721725728
3330 0.001310449592913
3331 0.001244557301900
3332 0.001179653183283
3333 0.001104652992179
3334 0.001035279782636
3335 0.001011147049207
3336 0.001164672863596
3337 0.001134662683984
3338 0.001073671411348
3339 0.001008074143100
3340 0.001060547031794
3341 0.000997527056648
3342 0.000922423075307
3343 0.001103694374332
3344 0.001081696963119
3345 0.001007336495348
3346 0.000933563310612
3347 0.000866254801681
3348 0.000844044223448
3349 0.001062899981238
3350 0.000996447562332
3351 0.001022442865251
3352 0.000978144653653
3353 0.000945781318907
3354 0.000890731730546
3355 0.001112922975680
3356 0.001075817201565
3357 0.001159189254922
3358 0.001322441369772
3359 0.001295824920042
3360 0.001237607271615
3361 0.001190103702362
3362 0.001294191669586
3363 0.001221179572695
3364 0.001156806924575
3365 0.001128704484392
3366 0.001125308406402
3367 0.001055091577575
3368 0.000980595739018
3369 0.000994684157963
3370 0.000923744538495
3371 0.000909058538335
3372 0.000976939867260
3373 0.001142784504959
3374 0.001069072736697
3375 0.001043045395038
3376 0.000972428283601
3377 0.001132373819162
3378 0.001066706750858
3379 0.001262277830696
3380 0.001259296188502
3381 0.001304681440864
3382 0.001233453173225
3383 0.001161539737051
3384 0.001176275614466
3385 0.001372129490560
3386 0.001468882923475
3387 0.001394787835252
3388 0.001382722239585
3389 0.001414656628957
3390 0.001411617906403
3391 0.001593702773593
3392 0.001519981578447
3393 0.001496301302271
3394 0.001472278235515
3395 0.001485417280330
3396 0.001438215463874
3397 0.001426714277747
3398 0.001352988414515
3399 0.001330823945872
3400 0.001266374194515
3401 0.001215711481093
3402 0.001144984912954
3403 0.001103628717004
3404 0.001272418942542
3405 0.001199541171781
3406 0.001143399975490
3407 0.001202741043255
3408 0.001129038356718
3409 0.001067091396368
3410 0.001050913441336
3411 0.000983053502552
3412 0.001064669382044
3413 0.000991495975964
3414 0.000922917247276
3415 0.000859727852912
3416 0.001076705696320
3417 0.001003251527357
3418 0.000946796494145
3419 0.001015364658672
3420 0.001098892097494
3421 0.001029408182476
3422 0.000981240538751
3423 0.001190013723028
3424 0.001386235267833
3425 0.001319577433535
3426 0.001263387219646
3427 0.001327909360852
3428 0.001354277700905
3429 0.001287324793904
3430 0.001312934815912
3431 0.001276306727945
3432 0.001306408475899
3433 0.001390753212675
3434 0.001328583966190
3435 0.001545047785637
3436 0.001474871524016
3437 0.001679797848280
3438 0.001741089598473
3439 0.001735482656491
3440 0.001911334146924
3441 0.001854561547021
3442 0.002053364104687
3443 0.001982288303248
3444 0.001909630930450
3445 0.001836842927948
3446 0.001785188879369
3447 0.001712295171752
3448 0.001665631974721
3449 0.001711111857145
3450 0.001638235021163
3451 0.001565780965250
3452 0.001493993272402
3453 0.001438187905117
3454 0.001382052724726
3455 0.001387896657336
3456 0.001568813704969
3457 0.001571596276675
3458 0.001511122264095
3459 0.001478155360088
3460 0.001405586942403
3461 0.001391343812507
3462 0.001340582718426
3463 0.001268087957512
3464 0.001198728411868
3465 0.001288581067332
3466 0.001271538151258
3467 0.001199886125375
3468 0.001197408087762
3469 0.001151074614254
3470 0.001085031202578
3471 0.001012880023704
3472 0.001224847802994
3473 0.001152549091894
3474 0.001116387496753
3475 0.001162703457514
3476 0.001140172030169
3477 0.001177559347619
3478 0.001207212258794
3479 0.001162688045504
3480 0.001090520293210
3481 0.001018468366179
3482 0.001135232586081
3483 0.001063241128484
3484 0.001060650270916
3485 0.000989904114458
3486 0.000944999845078
3487 0.001105021164251
3488 0.001033110464231
3489 0.001029044610116
3490 0.000980508409648
3491 0.001102772150720
3492 0.001084506798152
3493 0.001052755916155
3494 0.000986760546888
3495 0.000919788071693
3496 0.001031283253632
3497 0.000987558832788
3498 0.001155784065078
3499 0.001299656698426
3500 0.001228899511611
3501 0.001201564943899
3502 0.001346408216880
3503 0.001276412489613
3504 0.001206019283462
3505 0.001145845016280
3506 0.001075139556902
3507 0.001224822438824
3508 0.001153682685810
3509 0.001342327183296
3510 0.001271220619018
3511 0.001227613305670
3512 0.001266297421717
3513 0.001194773412841
3514 0.001268070506783
3515 0.001276185973343
3516 0.001207584641552
3517 0.001187874920775
3518 0.001194446854467
3519 0.001292061696154
3520 0.001228255145796
3521 0.001160062021107
3522 0.001164503178348
3523 0.001277382430636
3524 0.001208220949115
3525 0.001137086160020
3526 0.001070246273817
3527 0.000999167520980
3528 0.000997802899408
3529 0.001033321622562
3530 0.000985451532688
3531 0.000922323965372
3532 0.001001319888349
3533 0.000934785699803
3534 0.000948426136808
3535 0.001087051673141
3536 0.001044009114052
3537 0.000977991828498
3538 0.001127594706600
3539 0.001161553389374
3540 0.001238011676181
3541 0.001334605807201
3542 0.001344366929715
3543 0.001273626360388
3544 0.001251207953219
3545 0.001237310297618
3546 0.001340885319388
3547 0.001449414637716
3548 0.001608001847031
3549 0.001595850258878
3550 0.001781342869655
3551 0.001725303598269
3552 0.001734369230239
3553 0.001689629393773
3554 0.001882607960337
3555 0.001842481796607
3556 0.002009146086795
3557 0.001943221715914
3558 0.001884430811787
3559 0.001851495891336
3560 0.001819430359527
3561 0.001811745360653
3562 0.001741088137210
3563 0.001679848725096
3564 0.001666713439759
3565 0.001653880540368
3566 0.001630126273032
3567 0.001564046742006
3568 0.001686713939652
3569 0.001760631961304
3570 0.001843475904099
3571 0.001773779710224
3572 0.001768926279779
3573 0.001709020679983
3574 0.001647922880294
3575 0.001588737151053
3576 0.001555061329915
3577 0.001619957029757
3578 0.001549640949747
3579 0.001571608537613
3580 0.001632127136872
3581 0.001565931257079
3582 0.001515427359128
3583 0.001487801393930
3584 0.001418408236507
3585 0.001356363542884
3586 0.001309812834180
3587 0.001341796532731
3588 0.001424991454842
3589 0.001355022139090
3590 0.001338041367305
3591 0.001321824560547
3592 0.001293547901080
3593 0.001224070907807
3594 0.001292378334448
3595 0.001473273122811
3596 0.001437025501725
3597 0.001414491919782
3598 0.001392765123385
3599 0.001326006752430
3600 0.001278160778234
3601 0.001460899700801
3602 0.001555957694076
3603 0.001488145685530
3604 0.001465322305324
3605 0.001421784240080
3606 0.001352429713432
3607 0.001285700865822
3608 0.001271609375184
3609 0.001264328407800
3610 0.001205088391518
3611 0.001136405342400
3612 0.001181029230066
3613 0.001150580347821
3614 0.001343720608717
3615 0.001283128627986
3616 0.001329864643879
3617 0.001394980247523
3618 0.001325499387826
3619 0.001309310159322
3620 0.001391236103190
3621 0.001356318398997
3622 0.001506053157897
3623 0.001441972602084
3624 0.001455836898434
3625 0.001391001638354
3626 0.001400302125828
3627 0.001334549320811
3628 0.001305170600313
3629 0.001236731462787
3630 0.001257743649589
3631 0.001340366045002
3632 0.001271440792827
3633 0.001323490849233
3634 0.001519728076781
3635 0.001630546013478
3636 0.001625206647542
3637 0.001558242042971
3638 0.001489098004976
3639 0.001523854584542
3640 0.001588863779997
3641 0.001519814368250
3642 0.001572791450863
3643 0.001507000056274
3644 0.001598934563325
3645 0.001550534991493
3646 0.001566680571610
3647 0.001603347185161
3648 0.001565159800787
3649 0.001690179820484
3650 0.001729393530455
3651 0.001660520479089
3652 0.001820709955423
3653 0.001799222448495
3654 0.001748019254591
3655 0.001733597320945
3656 0.001888559328822
3657 0.001819681774667
3658 0.001825702743014
3659 0.001757454589110
3660 0.001774703299242
3661 0.001718371483859
3662 0.001880916163628
3663 0.001812172295235
3664 0.001939785575150
3665 0.001872576991820
3666 0.001808692215101
3667 0.001741315693224
3668 0.001812887049552
3669 0.001794926319006
3670 0.001726379581151
3671 0.001825661715397
3672 0.001757490892785
3673 0.001689542164060
3674 0.001629695809414
3675 0.001783166481605
3676 0.001714717559279
3677 0.001878275847667
3678 0.001843056403529
3679 0.001894790692555
3680 0.001837101838257
3681 0.001833640913787
3682 0.001815165069004
3683 0.001748304691518
3684 0.001681869855605
3685 0.001617330399678
3686 0.001549067425763
3687 0.001519929756321
3688 0.001461036695967
3689 0.001410311168448
3690 0.001463788497186
3691 0.001468945755418
3692 0.001640920829230
3693 0.001574819220322
3694 0.001516265844437
3695 0.001637898900938
3696 0.001717322748508
3697 0.001652107673095
3698 0.001661070707308
3699 0.001593251681081
3700 0.001525640393962
3701 0.001506634285832
3702 0.001441740938820
3703 0.001433309349281
3704 0.001414557560217
3705 0.001499882659889
3706 0.001698286229069
3707 0.001635429927934
3708 0.001584519971888
3709 0.001516957088996
3710 0.001472243436658
3711 0.001424589737540
3712 0.001366040760172
3713 0.001548089232017
3714 0.001520113161085
3715 0.001658313167594
3716 0.001639214090328
3717 0.001615737828183
3718 0.001651678013248
3719 0.001584205730294
3720 0.001675694222688
3721 0.001626775391634
3722 0.001559170216941
3723 0.001624174316082
3724 0.001569757990460
3725 0.001579350385013
3726 0.001667971626635
3727 0.001612962861755
3728 0.001717771976311
3729 0.001837274975888
3730 0.001771331988505
3731 0.001774964646470
3732 0.001751893258705
3733 0.001686176751122
3734 0.001654780528362
3735 0.001840795584506
3736 0.001774182786040
3737 0.001707734130791
3738 0.001777001759375
3739 0.001712567633333
3740 0.001818549198019
3741 0.001931024597620
3742 0.001899169720502
3743 0.001925566206283
3744 0.001879908935371
3745 0.002044968773482
3746 0.002039325354520
3747 0.001977724435328
3748 0.001910565654034
3749 0.001872945885106
3750 0.001857331145866
3751 0.001796048898377
3752 0.001758281852522
3753 0.001691227959571
3754 0.001638007585760
3755 0.001617471486474
3756 0.001742089115851
3757 0.001786798637237
3758 0.001746838075870
3759 0.001705201321398
3760 0.001638268647509
3761 0.001572880500631
3762 0.001656820670041
3763 0.001735069041279
3764 0.001668550252523
3765 0.001622984604782
3766 0.001766589907315
3767 0.001953250906020
3768 0.002047065869820
3769 0.001980452927601
3770 0.002015955010587
3771 0.002086169859029
3772 0.002044835478377
3773 0.001983698612120
3774 0.002009554601063
3775 0.002004229011176
3776 0.002015739994146
3777 0.001995299244857
3778 0.002076393258071
3779 0.002014566546722
3780 0.002034194360915
3781 0.001967550823646
3782 0.001945838005370
3783 0.001879469347022
3784 0.001816740562804
3785 0.001757923992716
3786 0.001861918651506
3787 0.002023526075574
3788 0.002001257170325
3789 0.001960873224153
3790 0.001897337733767
3791 0.001832387917020
3792 0.001775420809098
3793 0.001709273382443
3794 0.001699949998863
3795 0.001695575655159
3796 0.001762773755029
3797 0.001703665205219
3798 0.001663605185418
3799 0.001657896312678
3800 0.001671931802127
3801 0.001685796314312
3802 0.001745236094277
3803 0.001679039772379
3804 0.001614309643626
3805 0.001555558208204
3806 0.001489467266944
3807 0.001424268746959
3808 0.001358247302055
3809 0.001421027546278
3810 0.001356081241276
3811 0.001466796537138
3812 0.001422783126210
3813 0.001359661888520
3814 0.001367230139296
3815 0.001341707907214
3816 0.001276467235896
3817 0.001212539310121
3818 0.001175787776222
3819 0.001349700756304
3820 0.001293455753329
3821 0.001362416934742
3822 0.001296955316910
3823 0.001269078350653
3824 0.001313921970005
3825 0.001316035102546
3826 0.001282585170755
3827 0.001216944058001
3828 0.001210262175684
3829 0.001276537287244
3830 0.001211459077311
3831 0.001315179312864
3832 0.001313391069710
3833 0.001420163721582
3834 0.001585649889096
3835 0.001674377713649
3836 0.001608770875568
3837 0.001770378914612
3838 0.001731505693309
3839 0.001673525090018
3840 0.001642093186354
3841 0.001645832763732
3842 0.001641880708886
3843 0.001576783309960
3844 0.001519194584356
3845 0.001453785838686
3846 0.001565579562350
3847 0.001556739900846
3848 0.001492212818145
3849 0.001517680877031
3850 0.001455179988232
3851 0.001450139357539
3852 0.001388316068241
3853 0.001439411461726
3854 0.001374536331505
3855 0.001341117342778
3856 0.001282689708715
3857 0.001352663450346
3858 0.001324007295895
3859 0.001259081028555
3860 0.001235999062130
3861 0.001370278942199
3862 0.001503316903457
3863 0.001544618463845
3864 0.001569212065390
3865 0.001590662789528
3866 0.001530351408363
3867 0.001471989169754
3868 0.001655162900866
3869 0.001593330929052
3870 0.001528333299089
3871 0.001463556315977
3872 0.001399017862218
3873 0.001334583222034
3874 0.001271876143200
3875 0.001447012765906
3876 0.001389859889112
3877 0.001350268344301
3878 0.001288614365058
3879 0.001230242430391
3880 0.001171640850856
3881 0.001259723216518
3882 0.001195173629698
3883 0.001307819189339
3884 0.001248029858502
3885 0.001194795412677
3886 0.001133892132189
3887 0.001069492971962
3888 0.001237715042053
3889 0.001227753960028
3890 0.001239692405992
3891 0.001290906784461
3892 0.001283759580494
3893 0.001293586384418
3894 0.001374688405691
3895 0.001313994158917
3896 0.001439469352484
3897 0.001375688952356
3898 0.001396522003019
3899 0.001345755683828
3900 0.001281435698469
3901 0.001217624103520
3902 0.001253670649459
3903 0.001221534373717
3904 0.001314291357175
3905 0.001252934144760
3906 0.001383642010051
3907 0.001344766423085
3908 0.001301438011607
3909 0.001272808732794
3910 0.001298599455751
3911 0.001291614412401
3912 0.001270495155861
3913 0.001261727800187
3914 0.001197658470235
3915 0.001253136418935
3916 0.001208237096347
3917 0.001190901037582
3918 0.001158851037296
3919 0.001102743847491
3920 0.001152097483979
3921 0.001088045071953
3922 0.001235905085815
3923 0.001171937951615
3924 0.001235188494242
3925 0.001171187627484
3926 0.001272530672003
3927 0.001221908001041
3928 0.001161118820202
3929 0.001099745922012
3930 0.001039666415887
3931 0.000975949104842
3932 0.000918784665644
3933 0.000927873228287
3934 0.000906638559436
3935 0.000881851481287
3936 0.000908292208956
3937 0.001066908320985
3938 0.001109538967270
3939 0.001094225101313
3940 0.001111540098087
3941 0.001049886330625
3942 0.000993521261313
3943 0.000971540405944
3944 0.001119962268618
3945 0.001299762916985
3946 0.001237965483069
3947 0.001180827853589
3948 0.001205127704930
3949 0.001158577934407
3950 0.001269087207077
3951 0.001206561834166
3952 0.001224012476396
3953 0.001160503503444
3954 0.001106715566549
3955 0.001289460739964
3956 0.001226231340076
3957 0.001162747136260
3958 0.001099296249651
3959 0.001036392631905
3960 0.001053764462426
3961 0.001183074222447
3962 0.001319607266690
3963 0.001274072313441
3964 0.001276752813868
3965 0.001347774847414
3966 0.001315065015397
3967 0.001253567196872
3968 0.001273555060785
3969 0.001217831854879
3970 0.001244030891984
3971 0.001188482370708
3972 0.001125290497945
3973 0.001095221447501
3974 0.001032045436819
3975 0.000969257250116
3976 0.000930112510694
3977 0.001116488421793
3978 0.001074267906916
3979 0.001032390267983
3980 0.000969633865609
3981 0.001072453660919
3982 0.001024240903451
3983 0.001025024366075
3984 0.001059665314805
3985 0.001091391845616
3986 0.001188013837254
3987 0.001164729695539
3988 0.001141544648262
3989 0.001146455028030
3990 0.001091493715483
3991 0.001060896558594
3992 0.001002460217737
3993 0.000942938577546
3994 0.000977098598808
3995 0.000926941847779
3996 0.000864458849369
3997 0.000852324249416
3998 0.000834642316688
3999 0.000799338091286
4000 0.000864559171494
4001 0.000807991610937
4002 0.000870013949729
4003 0.000884272627357
4004 0.000864668496592
4005 0.000823495718414
4006 0.000932686304680
4007 0.000877045662312
4008 0.000814675562199
4009 0.000815414634764
4010 0.000881846943345
4011 0.000821518682017
4012 0.000823832563331
4013 0.000981560138381
4014 0.000919036009529
4015 0.000953472352297
4016 0.001073058672353
4017 0.001010556836155
4018 0.000980623655815
4019 0.001009437984769
4020 0.000947269140667
4021 0.001061383487089
4022 0.001095712370386
4023 0.001065918486440
4024 0.001225573144243
4025 0.001164739225084
4026 0.001173014372436
4027 0.001324173120938
4028 0.001347059787936
4029 0.001524385100629
4030 0.001570523248962
4031 0.001522584303737
4032 0.001460211814011
4033 0.001575671964701
4034 0.001513308146925
4035 0.001523070399031
4036 0.001462209337270
4037 0.001646858390132
4038 0.001741228031349
4039 0.001679317835595
4040 0.001775073465579
4041 0.001889502061538
4042 0.001833465592954
4043 0.001824824549078
4044 0.001768812250592
4045 0.001782103606251
4046 0.001836338276821
4047 0.001796895642294
4048 0.001736576010140
4049 0.001874151659777
4050 0.001817380687241
4051 0.001789059629465
4052 0.001848348411999
4053 0.001895438652213
4054 0.001838060124623
4055 0.001776576379983
4056 0.001836204100934
4057 0.001881737407906
4058 0.001908386858167
4059 0.001847278261576
4060 0.001803251407913
4061 0.001741246978255
4062 0.001679391183907
4063 0.001810351209848
4064 0.001763170227512
4065 0.001701711431937
4066 0.001649313129116
4067 0.001592545343027
4068 0.001728168871654
4069 0.001667775339719
4070 0.001822693228695
4071 0.001803846440266
4072 0.001845928936338
4073 0.001900429330312
4074 0.002023645572552
4075 0.002020110743091
4076 0.001958379436699
4077 0.001896579957337
4078 0.001905310758150
4079 0.001968352493453
4080 0.001964363357382
4081 0.001928667655016
4082 0.001868319758168
4083 0.002010336710557
4084 0.002001779580703
4085 0.001944258164762
4086 0.002080245584946
4087 0.002032973971224
4088 0.002071440050623
4089 0.002224039436565
4090 0.002334796736448
4091 0.002508887215946
4092 0.002451518984870
4093 0.002462078794351
4094 0.002435314449216
4095 0.002373800313263
4096 0.002475757874834
