1 19794
19794 30247
30247 4496
4496 30429
30429 20126
20126 10147
10147 8188
8188 29177
29177 29994
29994 25439
25439 29096
29096 3413
3413 19702
19702 25947
25947 12948
12948 9457
9457 8706
8706 10647
10647 20160
20160 21709
21709 78
78 27667
27667 29228
29228 30953
30953 13274
13274 10447
10447 2264
2264 11589
11589 18598
18598 7115
7115 16068
16068 19937
19937 2738
2738 16647
16647 32752
32752 30397
30397 1534
1534 21635
21635 30812
30812 985
985 1674
1674 21055
21055 5128
5128 4405
4405 6230
6230 30267
30267 32500
32500 31441
31441 1890
1890 15479
15479 9504
9504 23725
23725 24494
24494 24819
24819 12940
12940 4809
4809 27962
27962 24495
24495 4920
4920 14629
14629 15366
15366 29867
29867 29476
29476 11201
11201 6162
6162 7143
7143 15952
15952 1693
1693 3422
3422 4451
4451 8380
8380 9657
9657 26602
26602 20767
20767 1640
1640 9493
9493 13238
13238 5915
5915 6996
6996 24753
24753 15554
15554 24407
24407 19328
19328 29837
29837 3854
3854 26067
26067 17132
17132 15529
15529 30362
30362 9871
9871 28056
28056 21765
21765 32614
32614 23947
23947 30596
30596 6561
6561 30066
30066 1735
1735 19632
19632 9853
9853 25790
25790 24131
24131 6428
6428 22425
22425 6474
6474 24575
24575 18632
18632 18677
18677 7958
7958 18427
18427 1972
1972 22161
22161 16930
16930 4663
4663 16864
16864 7277
7277 3694
3694 31411
31411 9036
9036 30345
30345 20474
20474 32111
32111 6136
6136 229
229 4806
4806 22123
22123 19428
19428 6017
6017 8914
8914 423
423 11024
11024 22109
22109 3102
3102 15139
15139 24956
24956 6521
6521 6826
6826 32479
32479 23336
23336 31957
31957 23158
23158 2267
2267 17428
17428 23665
23665 6018
6018 21783
21783 2112
2112 21581
21581 24014
24014 8083
8083 21420
21420 16489
16489 31066
31066 25679
25679 4696
4696 15557
15557 30246
30246 24395
24395 28740
28740 9569
9569 8242
8242 3207
3207 22896
22896 5693
5693 894
894 10243
10243 31196
31196 27481
27481 27658
27658 11711
11711 15752
15752 16565
16565 26070
26070 22971
22971 20596
20596 29265
29265 15586
15586 10231
10231 7840
7840 7213
7213 32046
32046 21619
21619 21516
21516 6729
6729 29370
29370 23343
23343 23736
23736 2213
2213 10630
10630 30763
30763 25764
25764 17217
17217 28050
28050 10087
10087 22480
22480 26141
26141 19166
19166 9443
9443 25148
25148 19769
19769 3434
3434 27807
27807 28648
28648 5269
5269 16694
16694 15003
15003 11476
11476 6193
6193 12866
12866 2775
2775 1280
1280 29709
29709 27790
27790 6483
6483 9324
9324 1065
1065 15386
15386 25103
25103 30488
30488 25733
25733 11494
11494 8459
8459 10500
10500 28961
28961 2802
2802 21063
21063 9776
9776 17917
17917 25150
25150 12739
12739 6812
6812 16153
16153 32458
32458 15231
15231 29256
29256 30837
30837 27798
27798 11131
11131 22836
22836 19985
19985 30626
30626 32183
32183 15200
15200 23533
23533 11246
11246 28211
28211 17612
17612 32265
32265 21882
21882 30959
30959 24952
24952 20581
20581 70
70 23019
23019 15716
15716 12033
12033 30802
