0.103060 0.709809
0.709809 0.149118
0.149118 0.143189
0.143189 0.149611
0.149611 0.610413
0.610413 0.397396
0.397396 0.907240
0.907240 0.653162
0.653162 0.925404
0.925404 0.151639
0.151639 0.763314
0.763314 0.593418
0.593418 0.212538
0.212538 0.774118
0.774118 0.657566
0.657566 0.196138
0.196138 0.633741
0.633741 0.216466
0.216466 0.680812
0.680812 0.836478
0.836478 0.564077
0.564077 0.148501
0.148501 0.121954
0.121954 0.612768
0.612768 0.718250
0.718250 0.754338
0.754338 0.306510
0.306510 0.976224
0.976224 0.896776
0.896776 0.071607
0.071607 0.970840
0.970840 0.934755
0.934755 0.254475
0.254475 0.257731
0.257731 0.201633
0.201633 0.614781
0.614781 0.272971
0.272971 0.434024
0.434024 0.655836
0.655836 0.915634
0.915634 0.018133
0.018133 0.218294
0.218294 0.736965
0.736965 0.756500
0.756500 0.440019
0.440019 0.847472
0.847472 0.148070
0.148070 0.954021
0.954021 0.349800
0.349800 0.004288
0.004288 0.169287
0.169287 0.115773
0.115773 0.723741
0.723741 0.390180
0.390180 0.658638
0.658638 0.455021
0.455021 0.342810
0.342810 0.477471
0.477471 0.079457
0.079457 0.067923
0.067923 0.697488
0.697488 0.177602
0.177602 0.387582
0.387582 0.736187
0.736187 0.056300
0.056300 0.782216
0.782216 0.828410
0.828410 0.574636
0.574636 0.614410
0.614410 0.076510
0.076510 0.200347
0.200347 0.011099
0.011099 0.471943
0.471943 0.049190
0.049190 0.930529
0.930529 0.420265
0.420265 0.622726
0.622726 0.893169
0.893169 0.014478
0.014478 0.816725
0.816725 0.210748
0.210748 0.721747
0.721747 0.018238
0.018238 0.006476
0.006476 0.597283
0.597283 0.535262
0.535262 0.594317
0.594317 0.489899
0.489899 0.605421
0.605421 0.835289
0.835289 0.377345
0.377345 0.770079
0.770079 0.015413
0.015413 0.972435
0.972435 0.397798
0.397798 0.943841
0.943841 0.584135
0.584135 0.858124
0.858124 0.869569
0.869569 0.012530
0.012530 0.681076
0.681076 0.301750
0.301750 0.096933
0.096933 0.047330
0.047330 0.963139
0.963139 0.636953
0.636953 0.426857
0.426857 0.559473
0.559473 0.258493
0.258493 0.862061
0.862061 0.402406
0.402406 0.367199
0.367199 0.168505
0.168505 0.580925
0.580925 0.201494
0.201494 0.204820
0.204820 0.514962
0.514962 0.135247
0.135247 0.862703
0.862703 0.899055
0.899055 0.111414
0.111414 0.465271
0.465271 0.886700
0.886700 0.336238
0.336238 0.892281
0.892281 0.122453
0.122453 0.379519
0.379519 0.681638
0.681638 0.926725
0.926725 0.138854
0.138854 0.684297
0.684297 0.487577
0.487577 0.527151
0.527151 0.989916
0.989916 0.283696
0.283696 0.866997
0.866997 0.551170
0.551170 0.979530
0.979530 0.889206
0.889206 0.818618
0.818618 0.123199
0.123199 0.041669
0.041669 0.949772
0.949772 0.901663
0.901663 0.665383
0.665383 0.157049
0.157049 0.084943
0.084943 0.683681
0.683681 0.140695
0.140695 0.495332
0.495332 0.092213
0.092213 0.963257
0.963257 0.353064
0.353064 0.635291
0.635291 0.499958
0.499958 0.518003
0.518003 0.614802
0.614802 0.112434
0.112434 0.082734
0.082734 0.692487
0.692487 0.940931
0.940931 0.373937
0.373937 0.161548
0.161548 0.244425
0.244425 0.539147
0.539147 0.466114
0.466114 0.855620
0.855620 0.562230
0.562230 0.874706
0.874706 0.374279
0.374279 0.102281
0.102281 0.282828
0.282828 0.158741
0.158741 0.516776
0.516776 0.226773
0.226773 0.933419
0.933419 0.159262
0.159262 0.054657
0.054657 0.023241
0.023241 0.030866
0.030866 0.704750
0.704750 0.210204
0.210204 0.742229
0.742229 0.961703
0.961703 0.845119
0.845119 0.938103
0.938103 0.499084
0.499084 0.376951
0.376951 0.073339
0.073339 0.012830
0.012830 0.493190
0.493190 0.039359
0.039359 0.278858
0.278858 0.788092
0.788092 0.021831
0.021831 0.405057
0.405057 0.701802
0.701802 0.655322
0.655322 0.687152
0.687152 0.383700
0.383700 0.351617
0.351617 0.137855
0.137855 0.923443
0.923443 0.955805
0.955805 0.427407
0.427407 0.868321
0.868321 0.148508
0.148508 0.716200
0.716200 0.777672
0.777672 0.624545
0.624545 0.491675
0.491675 0.119431
0.119431 0.427853
0.427853 0.563124
0.563124 0.337016
0.337016 0.715878
0.715878 0.514232
0.514232 0.661612
0.661612 0.399358
0.399358 0.053589
0.053589 0.436988
0.436988 0.735290
0.735290 0.918848
0.918848 0.075905
0.075905 0.793898
0.793898 0.761067
0.761067 0.904159
0.904159 0.742626
0.742626 0.305392
0.305392 0.350609
0.350609 0.402455
0.402455 0.544240
0.544240 0.882865
0.882865 0.251867
0.251867 0.144062
0.144062 0.444792
0.444792 0.632659
0.632659 0.610554
0.610554 0.860267
0.860267 0.287048
0.287048 0.600786
0.600786 0.231504
0.231504 0.253194
0.253194 0.610029
0.610029 0.636691
0.636691 0.288283
0.288283 0.297293
0.297293 0.277943
0.277943 0.842308
0.842308 0.334928
0.334928 0.953309
0.953309 0.993331
0.993331 0.645063
0.645063 0.276466
0.276466 0.798996
0.798996 0.186595
0.186595 0.825664
