10 59
59 36
36 5
5 30
30 175
175 248
248 57
57 178
178 163
163 76
76 237
237 198
198 23
23 32
32 33
33 90
90 11
11 116
116 213
213 110
110 127
127 72
72 9
9 2
2 115
115 156
156 189
189 22
22 231
231 112
112 241
241 170
170 219
219 196
196 165
165 190
190 79
79 152
152 217
217 82
82 67
67 236
236 141
141 102
102 183
183 192
192 193
193 250
250 171
171 20
20 117
117 14
14 31
31 232
232 169
169 162
162 19
19 60
60 93
93 182
182 135
135 16
16 145
145 74
74 123
123 100
100 69
69 94
94 239
239 56
56 121
121 242
242 227
227 140
140 45
45 6
6 87
87 96
96 97
97 154
154 75
75 180
180 21
21 174
174 191
191 136
136 73
73 66
66 179
179 220
220 253
253 86
86 39
39 176
176 49
49 234
234 27
27 4
4 229
229 254
254 143
143 216
216 25
25 146
146 131
131 44
44 205
205 166
166 247
247 0
0 1
1 58
58 235
235 84
84 181
181 78
78 95
95 40
40 233
233 226
226 83
83 124
124 157
157 246
246 199
199 80
80 209
209 138
138 187
187 164
164 133
133 158
158 47
47 120
120 185
185 50
50 35
35 204
204 109
109 70
70 151
151 160
160 161
161 218
218 139
139 244
244 85
85 238
238 255
255 200
200 137
137 130
130 243
243 28
28 61
61 150
150 103
103 240
240 113
113 42
42 91
91 68
68 37
37 62
62 207
207 24
24 89
89 210
210 195
195 108
108 13
13 230
230 55
55 64
64 65
65 122
122 43
43 148
148 245
245 142
142 159
159 104
104 41
41 34
34 147
147 188
188 221
221 54
54 7
7 144
144 17
17 202
202 251
251 228
228 197
197 222
222 111
111 184
184 249
249 114
114 99
99 12
12 173
173 134
134 215
215 224
224 225
225 26
26 203
203 52
52 149
149 46
46 63
63 8
8 201
201 194
194 51
51 92
92 125
125 214
214 167
167 48
48 177
177 106
106 155
155 132
132 101
101 126
126 15
15 88
88 153
153 18
18 3
3 172
172 77
77 38
38 119
119 128
128 129
129 186
186 107
107 212
212 53
53 206
206 223
223 168
168 105
105 98
98 211
211 252
252 29
29 118
118 71
71 208
208 81
81 10
10 59
