0.000000000000000e+00 0.000000000000000e+00
6.000000000000000e-02 6.415751277466519e-09
1.200000000000000e-01 1.208425412513314e-08
1.800000000000000e-01 1.707078295387632e-08
2.400000000000000e-01 2.143554392319835e-08
3.000000000000000e-01 2.523404390997186e-08
3.600000000000000e-01 2.851743324816525e-08
4.200000000000000e-01 3.133282522327363e-08
4.800000000000000e-01 3.372359269615544e-08
5.400000000000000e-01 3.572964413223190e-08
6.000000000000001e-01 3.738767972993884e-08
6.600000000000001e-01 3.873143000765467e-08
7.200000000000002e-01 3.979187701563802e-08
7.800000000000002e-01 4.059746017137655e-08
8.400000000000003e-01 4.117426732896945e-08
9.000000000000004e-01 4.154621224827793e-08
9.600000000000004e-01 4.173519940753323e-08
1.020000000000000e+00 4.176127643695793e-08
1.080000000000001e+00 4.164277678242456e-08
1.140000000000001e+00 4.139645093381716e-08
1.200000000000001e+00 4.103758888263087e-08
1.260000000000001e+00 4.058013314267583e-08
1.320000000000001e+00 4.003678411024225e-08
1.380000000000001e+00 3.941909731963733e-08
1.440000000000001e+00 3.873757348227258e-08
1.500000000000001e+00 3.800174264156908e-08
1.560000000000001e+00 3.722024144448000e-08
1.620000000000001e+00 3.640088430678645e-08
1.680000000000001e+00 3.555073091465744e-08
1.740000000000001e+00 3.467614684282694e-08
1.800000000000001e+00 3.378286073107972e-08
1.860000000000001e+00 3.287601679780039e-08
1.920000000000001e+00 3.196022380080876e-08
1.980000000000001e+00 3.103959933525857e-08
2.040000000000001e+00 3.011781191109009e-08
2.100000000000001e+00 2.919811914470216e-08
2.160000000000001e+00 2.828340328608903e-08
2.220000000000002e+00 2.737620363735260e-08
2.280000000000002e+00 2.647874686179108e-08
2.340000000000002e+00 2.559297485049683e-08
2.400000000000002e+00 2.472057036850828e-08
2.460000000000002e+00 2.386298036949341e-08
2.520000000000002e+00 2.302143820021030e-08
2.580000000000002e+00 2.219698291838768e-08
2.640000000000002e+00 2.139047872162791e-08
2.700000000000002e+00 2.060263049052935e-08
2.760000000000002e+00 1.983400066407626e-08
2.820000000000002e+00 1.908502267333745e-08
2.880000000000002e+00 1.835601459720948e-08
2.940000000000002e+00 1.764719026464689e-08
3.000000000000002e+00 1.695867135609319e-08
3.060000000000002e+00 1.629049684037653e-08
3.120000000000002e+00 1.564263207853855e-08
3.180000000000002e+00 1.501497759459625e-08
3.240000000000002e+00 1.440737662505853e-08
3.300000000000002e+00 1.381962233537593e-08
3.360000000000003e+00 1.325146348207795e-08
3.420000000000003e+00 1.270261118513361e-08
3.480000000000003e+00 1.217274370191035e-08
3.540000000000003e+00 1.166151109011082e-08
3.600000000000003e+00 1.116853987070954e-08
3.660000000000003e+00 1.069343702475578e-08
3.720000000000003e+00 1.023579321302037e-08
3.780000000000003e+00 9.795186328709349e-09
3.840000000000003e+00 9.371183828932317e-09
3.900000000000003e+00 8.963346176393827e-09
3.960000000000003e+00 8.571228726772517e-09
4.020000000000003e+00 8.194383394055649e-09
4.080000000000003e+00 7.832361426096668e-09
4.140000000000002e+00 7.484714403815929e-09
4.200000000000002e+00 7.150995684490624e-09
4.260000000000002e+00 6.830762067089324e-09
4.320000000000001e+00 6.523574791472697e-09
4.380000000000001e+00 6.229000093505022e-09
4.440000000000000e+00 5.946610981411027e-09
4.500000000000000e+00 5.675987235775892e-09
4.560000000000000e+00 5.416716075679062e-09
4.619999999999999e+00 5.168393046872666e-09
4.679999999999999e+00 4.930622354848424e-09
4.739999999999998e+00 4.703017197904558e-09
4.799999999999998e+00 4.485199767145787e-09
4.859999999999998e+00 4.276802023639448e-09
4.919999999999997e+00 4.077465698415494e-09
4.979999999999997e+00 3.886842070421892e-09
5.039999999999996e+00 3.704592299591525e-09
5.099999999999996e+00 3.530387648886801e-09
5.159999999999996e+00 3.363909151232747e-09
5.219999999999995e+00 3.204847720539306e-09
5.279999999999995e+00 3.052904040679039e-09
5.339999999999995e+00 2.907788565487124e-09
5.399999999999994e+00 2.769221296716751e-09
5.459999999999994e+00 2.636931673016818e-09
5.519999999999993e+00 2.510658458909631e-09
5.579999999999993e+00 2.390149633768601e-09
5.639999999999993e+00 2.275162058751334e-09
5.699999999999992e+00 2.165461254755030e-09
5.759999999999992e+00 2.060821513438782e-09
5.819999999999991e+00 1.961025342112066e-09
5.879999999999991e+00 1.865863574757043e-09
5.939999999999991e+00 1.775134705894743e-09
