0.000000000000000e+00 0.000000000000000e+00
6.000000000000000e-02 3.546641575125076e-05
1.200000000000000e-01 6.680328284247583e-05
1.800000000000000e-01 9.437122072797344e-05
2.400000000000000e-01 1.185028562641355e-04
3.000000000000000e-01 1.395048607917282e-04
3.600000000000000e-01 1.576598449045674e-04
4.200000000000000e-01 1.732281205714115e-04
4.800000000000000e-01 1.864493396337430e-04
5.400000000000000e-01 1.975440171008147e-04
6.000000000000001e-01 2.067149471025598e-04
6.600000000000001e-01 2.141485188360548e-04
7.200000000000002e-01 2.200159393505041e-04
7.800000000000002e-01 2.244743695581364e-04
8.400000000000003e-01 2.276679794296910e-04
9.000000000000004e-01 2.297289279351022e-04
9.600000000000004e-01 2.307782729135122e-04
1.020000000000000e+00 2.309268157121291e-04
1.080000000000001e+00 2.302758851036590e-04
1.140000000000001e+00 2.289180646904421e-04
1.200000000000001e+00 2.269378677183798e-04
1.260000000000001e+00 2.244123629587813e-04
1.320000000000001e+00 2.214117550679573e-04
1.380000000000001e+00 2.179999226044060e-04
1.440000000000001e+00 2.142349166657231e-04
1.500000000000001e+00 2.101694229082463e-04
1.560000000000001e+00 2.058511895214610e-04
1.620000000000001e+00 2.013234235568873e-04
1.680000000000001e+00 1.966251578442157e-04
1.740000000000001e+00 1.917915905771395e-04
1.800000000000001e+00 1.868543995066640e-04
1.860000000000001e+00 1.818420325482850e-04
1.920000000000001e+00 1.767799764836875e-04
1.980000000000001e+00 1.716910053232990e-04
2.040000000000001e+00 1.665954097864186e-04
2.100000000000001e+00 1.615112092564763e-04
2.160000000000001e+00 1.564543474735919e-04
2.220000000000002e+00 1.514388731399391e-04
2.280000000000002e+00 1.464771065311649e-04
2.340000000000002e+00 1.415797931312163e-04
2.400000000000002e+00 1.367562452368187e-04
2.460000000000002e+00 1.320144724114986e-04
2.520000000000002e+00 1.273613016078562e-04
2.580000000000002e+00 1.228024877184403e-04
2.640000000000002e+00 1.183428152630450e-04
2.700000000000002e+00 1.139861918693780e-04
2.760000000000002e+00 1.097357341581923e-04
2.820000000000002e+00 1.055938466004644e-04
2.880000000000002e+00 1.015622938736818e-04
2.940000000000002e+00 9.764226720700847e-05
3.000000000000002e+00 9.383444516999212e-05
3.060000000000002e+00 9.013904932687888e-05
3.120000000000002e+00 8.655589514834638e-05
3.180000000000002e+00 8.308443854428832e-05
3.240000000000002e+00 7.972381835483211e-05
3.300000000000002e+00 7.647289511260313e-05
3.360000000000003e+00 7.333028636632294e-05
3.420000000000003e+00 7.029439883476929e-05
3.480000000000003e+00 6.736345764037435e-05
3.540000000000003e+00 6.453553285361291e-05
3.600000000000003e+00 6.180856356215875e-05
3.660000000000003e+00 5.918037966302914e-05
3.720000000000003e+00 5.664872156132400e-05
3.780000000000003e+00 5.421125794537185e-05
3.840000000000003e+00 5.186560179559763e-05
3.900000000000003e+00 4.960932477239208e-05
3.960000000000003e+00 4.743997011757636e-05
4.020000000000003e+00 4.535506419371671e-05
4.080000000000003e+00 4.335212677614511e-05
4.140000000000002e+00 4.142868020391016e-05
4.200000000000002e+00 3.958225748744090e-05
4.260000000000002e+00 3.781040946361329e-05
4.320000000000001e+00 3.611071108146867e-05
4.380000000000001e+00 3.448076689568230e-05
4.440000000000000e+00 3.291821583863846e-05
4.500000000000000e+00 3.142073533654414e-05
4.560000000000000e+00 2.998604482975717e-05
4.619999999999999e+00 2.861190875276358e-05
4.679999999999999e+00 2.729613902476870e-05
4.739999999999998e+00 2.603659709780361e-05
4.799999999999998e+00 2.483119560542542e-05
4.859999999999998e+00 2.367789965155610e-05
4.919999999999997e+00 2.257472777579018e-05
4.979999999999997e+00 2.151975262847106e-05
5.039999999999996e+00 2.051110138605577e-05
5.099999999999996e+00 1.954695593471122e-05
5.159999999999996e+00 1.862555284773155e-05
5.219999999999995e+00 1.774518318016245e-05
5.279999999999995e+00 1.690419210197743e-05
5.339999999999995e+00 1.610097838931988e-05
5.399999999999994e+00 1.533399379156052e-05
5.459999999999994e+00 1.460174229037537e-05
5.519999999999993e+00 1.390277926554065e-05
5.579999999999993e+00 1.323571058083539e-05
5.639999999999993e+00 1.259919160216802e-05
5.699999999999992e+00 1.199192615892542e-05
5.759999999999992e+00 1.141266545847883e-05
5.819999999999991e+00 1.086020696282330e-05
5.879999999999991e+00 1.033339323543679e-05
5.939999999999991e+00 9.831110765633286e-06
