0.000000000000000e+00 0.000000000000000e+00
6.000000000000000e-02 3.546641575128545e-05
1.200000000000000e-01 6.680328284253134e-05
1.800000000000000e-01 9.437122072802895e-05
2.400000000000000e-01 1.185028562641632e-04
3.000000000000000e-01 1.395048607917837e-04
3.600000000000000e-01 1.576598449045674e-04
4.200000000000000e-01 1.732281205714115e-04
4.800000000000000e-01 1.864493396337430e-04
5.400000000000000e-01 1.975440171008702e-04
6.000000000000001e-01 2.067149471026708e-04
6.600000000000001e-01 2.141485188361658e-04
7.200000000000002e-01 2.200159393506151e-04
7.800000000000002e-01 2.244743695581919e-04
8.400000000000003e-01 2.276679794297465e-04
9.000000000000004e-01 2.297289279350467e-04
9.600000000000004e-01 2.307782729135122e-04
1.020000000000000e+00 2.309268157121291e-04
1.080000000000001e+00 2.302758851037146e-04
1.140000000000001e+00 2.289180646904976e-04
1.200000000000001e+00 2.269378677184353e-04
1.260000000000001e+00 2.244123629587813e-04
1.320000000000001e+00 2.214117550679573e-04
1.380000000000001e+00 2.179999226044060e-04
1.440000000000001e+00 2.142349166657231e-04
1.500000000000001e+00 2.101694229081907e-04
1.560000000000001e+00 2.058511895215442e-04
1.620000000000001e+00 2.013234235569428e-04
1.680000000000001e+00 1.966251578442435e-04
1.740000000000001e+00 1.917915905771395e-04
1.800000000000001e+00 1.868543995067196e-04
1.860000000000001e+00 1.818420325482295e-04
1.920000000000001e+00 1.767799764836875e-04
1.980000000000001e+00 1.716910053233267e-04
2.040000000000001e+00 1.665954097864741e-04
2.100000000000001e+00 1.615112092564486e-04
2.160000000000001e+00 1.564543474735780e-04
2.220000000000002e+00 1.514388731399530e-04
2.280000000000002e+00 1.464771065311510e-04
2.340000000000002e+00 1.415797931312301e-04
2.400000000000002e+00 1.367562452367910e-04
2.460000000000002e+00 1.320144724114014e-04
2.520000000000002e+00 1.273613016078423e-04
2.580000000000002e+00 1.228024877183431e-04
2.640000000000002e+00 1.183428152630173e-04
2.700000000000002e+00 1.139861918693086e-04
2.760000000000002e+00 1.097357341581784e-04
2.820000000000002e+00 1.055938466003603e-04
2.880000000000002e+00 1.015622938737026e-04
2.940000000000002e+00 9.764226720698765e-05
3.000000000000002e+00 9.383444516997130e-05
3.060000000000002e+00 9.013904932686501e-05
3.120000000000002e+00 8.655589514838802e-05
3.180000000000002e+00 8.308443854432301e-05
3.240000000000002e+00 7.972381835485987e-05
3.300000000000002e+00 7.647289511270028e-05
3.360000000000003e+00 7.333028636635763e-05
3.420000000000003e+00 7.029439883476929e-05
3.480000000000003e+00 6.736345764046803e-05
3.540000000000003e+00 6.453553285368230e-05
3.600000000000003e+00 6.180856356219344e-05
3.660000000000003e+00 5.918037966312628e-05
3.720000000000003e+00 5.664872156141421e-05
3.780000000000003e+00 5.421125794558002e-05
3.840000000000003e+00 5.186560179581967e-05
3.900000000000003e+00 4.960932477260371e-05
3.960000000000003e+00 4.743997011780188e-05
4.020000000000003e+00 4.535506419389712e-05
4.080000000000003e+00 4.335212677630818e-05
4.140000000000002e+00 4.142868020406976e-05
4.200000000000002e+00 3.958225748756927e-05
4.260000000000002e+00 3.781040946371217e-05
4.320000000000001e+00 3.611071108167163e-05
4.380000000000001e+00 3.448076689582802e-05
4.440000000000000e+00 3.291821583872867e-05
4.500000000000000e+00 3.142073533668466e-05
4.560000000000000e+00 2.998604482984391e-05
4.619999999999999e+00 2.861190875280695e-05
4.679999999999999e+00 2.729613902485717e-05
4.739999999999998e+00 2.603659709787820e-05
4.799999999999998e+00 2.483119560547919e-05
4.859999999999998e+00 2.367789965151967e-05
4.919999999999997e+00 2.257472777578151e-05
4.979999999999997e+00 2.151975262842942e-05
5.039999999999996e+00 2.051110138601153e-05
5.099999999999996e+00 1.954695593464617e-05
5.159999999999996e+00 1.862555284770639e-05
5.219999999999995e+00 1.774518318020668e-05
5.279999999999995e+00 1.690419210198524e-05
5.339999999999995e+00 1.610097838933289e-05
5.399999999999994e+00 1.533399379161082e-05
5.459999999999994e+00 1.460174229039879e-05
5.519999999999993e+00 1.390277926549555e-05
5.579999999999993e+00 1.323571058076123e-05
5.639999999999993e+00 1.259919160212508e-05
5.699999999999992e+00 1.199192615886080e-05
5.759999999999992e+00 1.141266545845454e-05
5.819999999999991e+00 1.086020696283718e-05
5.879999999999991e+00 1.033339323552873e-05
5.939999999999991e+00 9.831110765690099e-06
