0.000000000000000e+00 0.000000000000000e+00
6.000000000000000e-02 6.415751263588731e-09
1.200000000000000e-01 1.208425415288872e-08
1.800000000000000e-01 1.707078300938747e-08
2.400000000000000e-01 2.143554400646508e-08
3.000000000000000e-01 2.523404396548301e-08
3.600000000000000e-01 2.851743330367640e-08
4.200000000000000e-01 3.133282522327363e-08
4.800000000000000e-01 3.372359269615544e-08
5.400000000000000e-01 3.572964413223190e-08
6.000000000000001e-01 3.738767972993884e-08
6.600000000000001e-01 3.873142995214351e-08
7.200000000000002e-01 3.979187696012687e-08
7.800000000000002e-01 4.059746017137655e-08
8.400000000000003e-01 4.117426738448060e-08
9.000000000000004e-01 4.154621235930023e-08
9.600000000000004e-01 4.173519940753323e-08
1.020000000000000e+00 4.176127638144678e-08
1.080000000000001e+00 4.164277667140226e-08
1.140000000000001e+00 4.139645087830601e-08
1.200000000000001e+00 4.103758882711972e-08
1.260000000000001e+00 4.058013314267583e-08
1.320000000000001e+00 4.003678411024225e-08
1.380000000000001e+00 3.941909726412618e-08
1.440000000000001e+00 3.873757339900585e-08
1.500000000000001e+00 3.800174258605793e-08
1.560000000000001e+00 3.722024122243539e-08
1.620000000000001e+00 3.640088414025300e-08
1.680000000000001e+00 3.555073074812398e-08
1.740000000000001e+00 3.467614670404906e-08
1.800000000000001e+00 3.378286059230184e-08
1.860000000000001e+00 3.287601674228924e-08
1.920000000000001e+00 3.196022366203088e-08
1.980000000000001e+00 3.103959916872512e-08
2.040000000000001e+00 3.011781171680106e-08
2.100000000000001e+00 2.919811897816871e-08
2.160000000000001e+00 2.828340307792221e-08
2.220000000000002e+00 2.737620338755242e-08
2.280000000000002e+00 2.647874662586869e-08
2.340000000000002e+00 2.559297465620780e-08
2.400000000000002e+00 2.472057018809704e-08
2.460000000000002e+00 2.386298023071554e-08
2.520000000000002e+00 2.302143800592127e-08
2.580000000000002e+00 2.219698280736537e-08
2.640000000000002e+00 2.139047847182773e-08
2.700000000000002e+00 2.060263028236253e-08
2.760000000000002e+00 1.983400048366502e-08
2.820000000000002e+00 1.908502259007072e-08
2.880000000000002e+00 1.835601443067603e-08
2.940000000000002e+00 1.764719016056349e-08
3.000000000000002e+00 1.695867129364315e-08
3.060000000000002e+00 1.629049672241534e-08
3.120000000000002e+00 1.564263194669957e-08
3.180000000000002e+00 1.501497749051284e-08
3.240000000000002e+00 1.440737659730296e-08
3.300000000000002e+00 1.381962220353694e-08
3.360000000000003e+00 1.325146337105565e-08
3.420000000000003e+00 1.270261108798909e-08
3.480000000000003e+00 1.217274353884634e-08
3.540000000000003e+00 1.166151090623013e-08
3.600000000000003e+00 1.116853974580945e-08
3.660000000000003e+00 1.069343690332514e-08
3.720000000000003e+00 1.023579309158973e-08
3.780000000000003e+00 9.795186082378615e-09
3.840000000000003e+00 9.371183627704394e-09
3.900000000000003e+00 8.963346041085396e-09
3.960000000000003e+00 8.571228532483488e-09
4.020000000000003e+00 8.194383300380581e-09
4.080000000000003e+00 7.832361367116070e-09
4.140000000000002e+00 7.484714289324179e-09
4.200000000000002e+00 7.150995557855810e-09
4.260000000000002e+00 6.830761928311446e-09
4.320000000000001e+00 6.523574538203070e-09
4.380000000000001e+00 6.228999914828504e-09
4.440000000000000e+00 5.946610820081744e-09
4.500000000000000e+00 5.675987008527117e-09
4.560000000000000e+00 5.416715848430287e-09
4.619999999999999e+00 5.168392873400318e-09
4.679999999999999e+00 4.930622223009440e-09
4.739999999999998e+00 4.703017010554422e-09
4.799999999999998e+00 4.485199628367909e-09
4.859999999999998e+00 4.276801972465105e-09
4.919999999999997e+00 4.077465616883491e-09
4.979999999999997e+00 3.886841935980823e-09
5.039999999999996e+00 3.704592180762967e-09
5.099999999999996e+00 3.530387508374200e-09
5.159999999999996e+00 3.363908975158314e-09
5.219999999999995e+00 3.204847503698871e-09
5.279999999999995e+00 3.052903811695540e-09
5.339999999999995e+00 2.907788321758475e-09
5.399999999999994e+00 2.769221042579761e-09
5.459999999999994e+00 2.636931439696510e-09
5.519999999999993e+00 2.510658278498390e-09
5.579999999999993e+00 2.390149461597296e-09
5.639999999999993e+00 2.275161848849794e-09
5.699999999999992e+00 2.165461070874342e-09
5.759999999999992e+00 2.060821329991774e-09
5.819999999999991e+00 1.961025198997379e-09
5.879999999999991e+00 1.865863409958313e-09
5.939999999999991e+00 1.775134642143655e-09
