0.000000000000000e+00 0.000000000000000e+00
6.000000000000000e-02 1.764533584248718e-03
1.200000000000000e-01 3.320436717157468e-03
1.800000000000000e-01 4.686211411271984e-03
2.400000000000000e-01 5.878901066553449e-03
3.000000000000000e-01 6.914198281717854e-03
3.600000000000000e-01 7.806545015030975e-03
4.200000000000000e-01 8.569225622416687e-03
4.800000000000000e-01 9.214453265059208e-03
5.400000000000000e-01 9.753450145372877e-03
6.000000000000001e-01 1.019652199912663e-02
6.600000000000001e-01 1.055312724249341e-02
7.200000000000002e-01 1.083194114571806e-02
7.800000000000002e-01 1.104091537982510e-02
8.400000000000003e-01 1.118733325920518e-02
9.000000000000004e-01 1.127786098091710e-02
9.600000000000004e-01 1.131859514101086e-02
1.020000000000000e+00 1.131510678902325e-02
1.080000000000001e+00 1.127248226392741e-02
1.140000000000001e+00 1.119536103815277e-02
1.200000000000001e+00 1.108797078074009e-02
1.260000000000001e+00 1.095415983619608e-02
1.320000000000001e+00 1.079742730209055e-02
1.380000000000001e+00 1.062095087582215e-02
1.440000000000001e+00 1.042761262922343e-02
1.500000000000001e+00 1.022002285870538e-02
1.560000000000001e+00 1.000054214842361e-02
1.620000000000001e+00 9.771301774413987e-03
1.680000000000001e+00 9.534222568761352e-03
1.740000000000001e+00 9.291032354587170e-03
1.800000000000001e+00 9.043282054921331e-03
1.860000000000001e+00 8.792360571332036e-03
1.920000000000001e+00 8.539508521484773e-03
1.980000000000001e+00 8.285830918559278e-03
2.040000000000001e+00 8.032308869632354e-03
2.100000000000001e+00 7.779810364715978e-03
2.160000000000001e+00 7.529100223092500e-03
2.220000000000002e+00 7.280849258886057e-03
2.280000000000002e+00 7.035642723429825e-03
2.340000000000002e+00 6.793988077911872e-03
2.400000000000002e+00 6.556322145986226e-03
2.460000000000002e+00 6.323017692500543e-03
2.520000000000002e+00 6.094389471200889e-03
2.580000000000002e+00 5.870699781213906e-03
2.640000000000002e+00 5.652163569252244e-03
2.700000000000002e+00 5.438953111843947e-03
2.760000000000002e+00 5.231202309409211e-03
2.820000000000002e+00 5.029010621721786e-03
2.880000000000002e+00 4.832446672149104e-03
2.940000000000002e+00 4.641551546084921e-03
3.000000000000002e+00 4.456341807134390e-03
3.060000000000002e+00 4.276812252902662e-03
3.120000000000002e+00 4.102938430632141e-03
3.180000000000002e+00 3.934678931456048e-03
3.240000000000002e+00 3.771977480652944e-03
3.300000000000002e+00 3.614764840005891e-03
3.360000000000003e+00 3.462960537178539e-03
3.420000000000003e+00 3.316474435913430e-03
3.480000000000003e+00 3.175208159831078e-03
3.540000000000003e+00 3.039056381652250e-03
3.600000000000003e+00 2.907907988780489e-03
3.660000000000003e+00 2.781647135358556e-03
3.720000000000003e+00 2.660154190149866e-03
3.780000000000003e+00 2.543306588884131e-03
3.840000000000003e+00 2.430979599053584e-03
3.900000000000003e+00 2.323047004530232e-03
3.960000000000003e+00 2.219381716813906e-03
4.020000000000003e+00 2.119856319192981e-03
4.080000000000003e+00 2.024343549614005e-03
4.140000000000002e+00 1.932716727605865e-03
4.200000000000002e+00 1.844850130186204e-03
4.260000000000002e+00 1.760619321290013e-03
4.320000000000001e+00 1.679901438902176e-03
4.380000000000001e+00 1.602575443745313e-03
4.440000000000000e+00 1.528522333062221e-03
4.500000000000000e+00 1.457625322754286e-03
4.560000000000000e+00 1.389770000868040e-03
4.619999999999999e+00 1.324844455182106e-03
4.679999999999999e+00 1.262739377419941e-03
4.739999999999998e+00 1.203348146407102e-03
4.799999999999998e+00 1.146566892297862e-03
4.859999999999998e+00 1.092294543817873e-03
4.919999999999997e+00 1.040432860308860e-03
4.979999999999997e+00 9.908864502052861e-04
5.039999999999996e+00 9.435627774359023e-04
5.099999999999996e+00 8.983721571133030e-04
5.159999999999996e+00 8.552277417560594e-04
5.219999999999995e+00 8.140454991767410e-04
5.279999999999995e+00 7.747441830707746e-04
5.339999999999995e+00 7.372452972457255e-04
5.399999999999994e+00 7.014730543449810e-04
5.459999999999994e+00 6.673543298435503e-04
5.519999999999993e+00 6.348186120171961e-04
5.579999999999993e+00 6.037979485233880e-04
5.639999999999993e+00 5.742268901686165e-04
5.699999999999992e+00 5.460424323817659e-04
5.759999999999992e+00 5.191839548602806e-04
5.819999999999991e+00 4.935931598117893e-04
5.879999999999991e+00 4.692140091657748e-04
5.939999999999991e+00 4.459926610944631e-04
