0.000000000000000e+00 0.000000000000000e+00
6.000000000000000e-02 1.764533584248773e-03
1.200000000000000e-01 3.320436717157538e-03
1.800000000000000e-01 4.686211411272012e-03
2.400000000000000e-01 5.878901066553532e-03
3.000000000000000e-01 6.914198281717909e-03
3.600000000000000e-01 7.806545015031086e-03
4.200000000000000e-01 8.569225622416798e-03
4.800000000000000e-01 9.214453265059319e-03
5.400000000000000e-01 9.753450145372988e-03
6.000000000000001e-01 1.019652199912668e-02
6.600000000000001e-01 1.055312724249347e-02
7.200000000000002e-01 1.083194114571823e-02
7.800000000000002e-01 1.104091537982527e-02
8.400000000000003e-01 1.118733325920529e-02
9.000000000000004e-01 1.127786098091715e-02
9.600000000000004e-01 1.131859514101097e-02
1.020000000000000e+00 1.131510678902331e-02
1.080000000000001e+00 1.127248226392746e-02
1.140000000000001e+00 1.119536103815288e-02
1.200000000000001e+00 1.108797078074014e-02
1.260000000000001e+00 1.095415983619613e-02
1.320000000000001e+00 1.079742730209055e-02
1.380000000000001e+00 1.062095087582224e-02
1.440000000000001e+00 1.042761262922356e-02
1.500000000000001e+00 1.022002285870549e-02
1.560000000000001e+00 1.000054214842386e-02
1.620000000000001e+00 9.771301774414237e-03
1.680000000000001e+00 9.534222568761547e-03
1.740000000000001e+00 9.291032354587336e-03
1.800000000000001e+00 9.043282054921553e-03
1.860000000000001e+00 8.792360571332203e-03
1.920000000000001e+00 8.539508521484940e-03
1.980000000000001e+00 8.285830918559500e-03
2.040000000000001e+00 8.032308869632604e-03
2.100000000000001e+00 7.779810364716186e-03
2.160000000000001e+00 7.529100223092736e-03
2.220000000000002e+00 7.280849258886377e-03
2.280000000000002e+00 7.035642723430144e-03
2.340000000000002e+00 6.793988077912136e-03
2.400000000000002e+00 6.556322145986462e-03
2.460000000000002e+00 6.323017692500751e-03
2.520000000000002e+00 6.094389471201181e-03
2.580000000000002e+00 5.870699781214100e-03
2.640000000000002e+00 5.652163569252563e-03
2.700000000000002e+00 5.438953111844266e-03
2.760000000000002e+00 5.231202309409551e-03
2.820000000000002e+00 5.029010621722049e-03
2.880000000000002e+00 4.832446672149451e-03
2.940000000000002e+00 4.641551546085150e-03
3.000000000000002e+00 4.456341807134639e-03
3.060000000000002e+00 4.276812252902940e-03
3.120000000000002e+00 4.102938430632447e-03
3.180000000000002e+00 3.934678931456374e-03
3.240000000000002e+00 3.771977480653284e-03
3.300000000000002e+00 3.614764840006238e-03
3.360000000000003e+00 3.462960537178823e-03
3.420000000000003e+00 3.316474435913659e-03
3.480000000000003e+00 3.175208159831286e-03
3.540000000000003e+00 3.039056381652451e-03
3.600000000000003e+00 2.907907988780632e-03
3.660000000000003e+00 2.781647135358729e-03
3.720000000000003e+00 2.660154190149970e-03
3.780000000000003e+00 2.543306588884298e-03
3.840000000000003e+00 2.430979599053761e-03
3.900000000000003e+00 2.323047004530399e-03
3.960000000000003e+00 2.219381716814083e-03
4.020000000000003e+00 2.119856319193154e-03
4.080000000000003e+00 2.024343549614166e-03
4.140000000000002e+00 1.932716727606049e-03
4.200000000000002e+00 1.844850130186411e-03
4.260000000000002e+00 1.760619321290145e-03
4.320000000000001e+00 1.679901438902395e-03
4.380000000000001e+00 1.602575443745494e-03
4.440000000000000e+00 1.528522333062414e-03
4.500000000000000e+00 1.457625322754506e-03
4.560000000000000e+00 1.389770000868271e-03
4.619999999999999e+00 1.324844455182245e-03
4.679999999999999e+00 1.262739377420032e-03
4.739999999999998e+00 1.203348146407270e-03
4.799999999999998e+00 1.146566892297972e-03
4.859999999999998e+00 1.092294543817963e-03
4.919999999999997e+00 1.040432860308978e-03
4.979999999999997e+00 9.908864502054266e-04
5.039999999999996e+00 9.435627774360324e-04
5.099999999999996e+00 8.983721571134678e-04
5.159999999999996e+00 8.552277417561678e-04
5.219999999999995e+00 8.140454991768069e-04
5.279999999999995e+00 7.747441830708926e-04
5.339999999999995e+00 7.372452972458201e-04
5.399999999999994e+00 7.014730543451059e-04
5.459999999999994e+00 6.673543298436188e-04
5.519999999999993e+00 6.348186120172039e-04
5.579999999999993e+00 6.037979485233849e-04
5.639999999999993e+00 5.742268901686707e-04
5.699999999999992e+00 5.460424323817455e-04
5.759999999999992e+00 5.191839548602862e-04
5.819999999999991e+00 4.935931598118409e-04
5.879999999999991e+00 4.692140091658867e-04
5.939999999999991e+00 4.459926610945013e-04
