0.000000000000000e+00 1.000000000000000e+00
6.000000000000000e-02 9.399999999999999e-01
1.200000000000000e-01 8.835999999999999e-01
1.800000000000000e-01 8.305840000000000e-01
2.400000000000000e-01 7.807489599999999e-01
3.000000000000000e-01 7.339040224000000e-01
3.600000000000000e-01 6.898697810559999e-01
4.200000000000000e-01 6.484775941926400e-01
4.800000000000000e-01 6.095689385410815e-01
5.400000000000000e-01 5.729948022286167e-01
6.000000000000001e-01 5.386151140948997e-01
6.600000000000001e-01 5.062982072492057e-01
7.200000000000002e-01 4.759203148142533e-01
7.800000000000002e-01 4.473650959253981e-01
8.400000000000003e-01 4.205231901698743e-01
9.000000000000004e-01 3.952917987596818e-01
9.600000000000004e-01 3.715742908341009e-01
1.020000000000000e+00 3.492798333840548e-01
1.080000000000001e+00 3.283230433810115e-01
1.140000000000001e+00 3.086236607781508e-01
1.200000000000001e+00 2.901062411314618e-01
1.260000000000001e+00 2.726998666635740e-01
1.320000000000001e+00 2.563378746637596e-01
1.380000000000001e+00 2.409576021839341e-01
1.440000000000001e+00 2.265001460528980e-01
1.500000000000001e+00 2.129101372897241e-01
1.560000000000001e+00 2.001355290523407e-01
1.620000000000001e+00 1.881273973092003e-01
1.680000000000001e+00 1.768397534706482e-01
1.740000000000001e+00 1.662293682624093e-01
1.800000000000001e+00 1.562556061666648e-01
1.860000000000001e+00 1.468802697966649e-01
1.920000000000001e+00 1.380674536088650e-01
1.980000000000001e+00 1.297834063923331e-01
2.040000000000001e+00 1.219964020087931e-01
2.100000000000001e+00 1.146766178882656e-01
2.160000000000001e+00 1.077960208149696e-01
2.220000000000002e+00 1.013282595660714e-01
2.280000000000002e+00 9.524856399210715e-02
2.340000000000002e+00 8.953365015258073e-02
2.400000000000002e+00 8.416163114342588e-02
2.460000000000002e+00 7.911193327482033e-02
2.520000000000002e+00 7.436521727833111e-02
2.580000000000002e+00 6.990330424163124e-02
2.640000000000002e+00 6.570910598713336e-02
2.700000000000002e+00 6.176655962790537e-02
2.760000000000002e+00 5.806056605023104e-02
2.820000000000002e+00 5.457693208721718e-02
2.880000000000002e+00 5.130231616198415e-02
2.940000000000002e+00 4.822417719226510e-02
3.000000000000002e+00 4.533072656072919e-02
3.060000000000002e+00 4.261088296708544e-02
3.120000000000002e+00 4.005422998906032e-02
3.180000000000002e+00 3.765097618971670e-02
3.240000000000002e+00 3.539191761833369e-02
3.300000000000002e+00 3.326840256123367e-02
3.360000000000003e+00 3.127229840755965e-02
3.420000000000003e+00 2.939596050310607e-02
3.480000000000003e+00 2.763220287291971e-02
3.540000000000003e+00 2.597427070054453e-02
3.600000000000003e+00 2.441581445851185e-02
3.660000000000003e+00 2.295086559100114e-02
3.720000000000003e+00 2.157381365554108e-02
3.780000000000003e+00 2.027938483620861e-02
3.840000000000003e+00 1.906262174603610e-02
3.900000000000003e+00 1.791886444127393e-02
3.960000000000003e+00 1.684373257479749e-02
4.020000000000003e+00 1.583310862030965e-02
4.080000000000003e+00 1.488312210309107e-02
4.140000000000002e+00 1.399013477690560e-02
4.200000000000002e+00 1.315072669029127e-02
4.260000000000002e+00 1.236168308887379e-02
4.320000000000001e+00 1.161998210354136e-02
4.380000000000001e+00 1.092278317732888e-02
4.440000000000000e+00 1.026741618668915e-02
4.500000000000000e+00 9.651371215487800e-03
4.560000000000000e+00 9.072288942558532e-03
4.619999999999999e+00 8.527951606005021e-03
4.679999999999999e+00 8.016274509644719e-03
4.739999999999998e+00 7.535298039066036e-03
4.799999999999998e+00 7.083180156722074e-03
4.859999999999998e+00 6.658189347318749e-03
4.919999999999997e+00 6.258697986479624e-03
4.979999999999997e+00 5.883176107290847e-03
5.039999999999996e+00 5.530185540853396e-03
5.099999999999996e+00 5.198374408402192e-03
5.159999999999996e+00 4.886471943898060e-03
5.219999999999995e+00 4.593283627264176e-03
5.279999999999995e+00 4.317686609628326e-03
5.339999999999995e+00 4.058625413050626e-03
5.399999999999994e+00 3.815107888267589e-03
5.459999999999994e+00 3.586201414971533e-03
5.519999999999993e+00 3.371029330073242e-03
5.579999999999993e+00 3.168767570268847e-03
5.639999999999993e+00 2.978641516052716e-03
5.699999999999992e+00 2.799923025089553e-03
5.759999999999992e+00 2.631927643584180e-03
5.819999999999991e+00 2.474011984969130e-03
5.879999999999991e+00 2.325571265870982e-03
5.939999999999991e+00 2.186036989918723e-03
