0.000000000000000e+00 0.000000000000000e+00
6.000000000000000e-02 6.000000000000000e-02
1.200000000000000e-01 1.164000000000000e-01
1.800000000000000e-01 1.694160000000000e-01
2.400000000000000e-01 2.192510400000000e-01
3.000000000000000e-01 2.660959776000000e-01
3.600000000000000e-01 3.101302189439999e-01
4.200000000000000e-01 3.515224058073599e-01
4.800000000000000e-01 3.904310614589184e-01
5.400000000000000e-01 4.270051977713832e-01
6.000000000000001e-01 4.613848859051002e-01
6.600000000000001e-01 4.937017927507942e-01
7.200000000000002e-01 5.240796851857465e-01
7.800000000000002e-01 5.526349040746017e-01
8.400000000000003e-01 5.794768098301256e-01
9.000000000000004e-01 6.047082012403181e-01
9.600000000000004e-01 6.284257091658990e-01
1.020000000000000e+00 6.507201666159451e-01
1.080000000000001e+00 6.716769566189884e-01
1.140000000000001e+00 6.913763392218490e-01
1.200000000000001e+00 7.098937588685381e-01
1.260000000000001e+00 7.273001333364258e-01
1.320000000000001e+00 7.436621253362403e-01
1.380000000000001e+00 7.590423978160659e-01
1.440000000000001e+00 7.734998539471019e-01
1.500000000000001e+00 7.870898627102757e-01
1.560000000000001e+00 7.998644709476591e-01
1.620000000000001e+00 8.118726026907995e-01
1.680000000000001e+00 8.231602465293516e-01
1.740000000000001e+00 8.337706317375905e-01
1.800000000000001e+00 8.437443938333350e-01
1.860000000000001e+00 8.531197302033349e-01
1.920000000000001e+00 8.619325463911348e-01
1.980000000000001e+00 8.702165936076667e-01
2.040000000000001e+00 8.780035979912066e-01
2.100000000000001e+00 8.853233821117342e-01
2.160000000000001e+00 8.922039791850301e-01
2.220000000000002e+00 8.986717404339283e-01
2.280000000000002e+00 9.047514360078925e-01
2.340000000000002e+00 9.104663498474190e-01
2.400000000000002e+00 9.158383688565739e-01
2.460000000000002e+00 9.208880667251794e-01
2.520000000000002e+00 9.256347827216687e-01
2.580000000000002e+00 9.300966957583685e-01
2.640000000000002e+00 9.342908940128664e-01
2.700000000000002e+00 9.382334403720943e-01
2.760000000000002e+00 9.419394339497686e-01
2.820000000000002e+00 9.454230679127825e-01
2.880000000000002e+00 9.486976838380156e-01
2.940000000000002e+00 9.517758228077347e-01
3.000000000000002e+00 9.546692734392705e-01
3.060000000000002e+00 9.573891170329143e-01
3.120000000000002e+00 9.599457700109394e-01
3.180000000000002e+00 9.623490238102830e-01
3.240000000000002e+00 9.646080823816660e-01
3.300000000000002e+00 9.667315974387660e-01
3.360000000000003e+00 9.687277015924400e-01
3.420000000000003e+00 9.706040394968937e-01
3.480000000000003e+00 9.723677971270801e-01
3.540000000000003e+00 9.740257292994553e-01
3.600000000000003e+00 9.755841855414880e-01
3.660000000000003e+00 9.770491344089987e-01
3.720000000000003e+00 9.784261863444588e-01
3.780000000000003e+00 9.797206151637913e-01
3.840000000000003e+00 9.809373782539638e-01
3.900000000000003e+00 9.820811355587259e-01
3.960000000000003e+00 9.831562674252023e-01
4.020000000000003e+00 9.841668913796902e-01
4.080000000000003e+00 9.851168778969087e-01
4.140000000000002e+00 9.860098652230942e-01
4.200000000000002e+00 9.868492733097085e-01
4.260000000000002e+00 9.876383169111260e-01
4.320000000000001e+00 9.883800178964585e-01
4.380000000000001e+00 9.890772168226709e-01
4.440000000000000e+00 9.897325838133106e-01
4.500000000000000e+00 9.903486287845120e-01
4.560000000000000e+00 9.909277110574413e-01
4.619999999999999e+00 9.914720483939948e-01
4.679999999999999e+00 9.919837254903552e-01
4.739999999999998e+00 9.924647019609338e-01
4.799999999999998e+00 9.929168198432778e-01
4.859999999999998e+00 9.933418106526811e-01
4.919999999999997e+00 9.937413020135203e-01
4.979999999999997e+00 9.941168238927091e-01
5.039999999999996e+00 9.944698144591465e-01
5.099999999999996e+00 9.948016255915977e-01
5.159999999999996e+00 9.951135280561019e-01
5.219999999999995e+00 9.954067163727358e-01
5.279999999999995e+00 9.956823133903716e-01
5.339999999999995e+00 9.959413745869493e-01
5.399999999999994e+00 9.961848921117323e-01
5.459999999999994e+00 9.964137985850284e-01
5.519999999999993e+00 9.966289706699267e-01
5.579999999999993e+00 9.968312324297312e-01
5.639999999999993e+00 9.970213584839472e-01
5.699999999999992e+00 9.972000769749104e-01
5.759999999999992e+00 9.973680723564158e-01
5.819999999999991e+00 9.975259880150308e-01
5.879999999999991e+00 9.976744287341289e-01
5.939999999999991e+00 9.978139630100812e-01
