0.000000000000000e+00 0.000000000000000e+00
6.000000000000000e-02 5.819999999999999e-02
1.200000000000000e-01 1.130127600000000e-01
1.800000000000000e-01 1.646354173680000e-01
2.400000000000000e-01 2.132536360771824e-01
3.000000000000000e-01 2.590422744574903e-01
3.600000000000000e-01 3.021660140840644e-01
4.200000000000000e-01 3.427799520643718e-01
4.800000000000000e-01 3.810301588542254e-01
5.400000000000000e-01 4.170542036089095e-01
6.000000000000001e-01 4.509816489588709e-01
6.600000000000001e-01 4.829345169894647e-01
7.200000000000002e-01 5.130277281006779e-01
7.800000000000002e-01 5.413695143252184e-01
8.400000000000003e-01 5.680618085914907e-01
9.000000000000004e-01 5.932006113314660e-01
9.600000000000004e-01 6.168763357519746e-01
1.020000000000000e+00 6.391741330112097e-01
1.080000000000001e+00 6.601741984699573e-01
1.140000000000001e+00 6.799520601190058e-01
1.200000000000001e+00 6.985788502200796e-01
1.260000000000001e+00 7.161215611372710e-01
1.320000000000001e+00 7.326432862790818e-01
1.380000000000001e+00 7.482034470176393e-01
1.440000000000001e+00 7.628580064012127e-01
1.500000000000001e+00 7.766596704286621e-01
1.560000000000001e+00 7.896580776097140e-01
1.620000000000001e+00 8.018999774928286e-01
1.680000000000001e+00 8.134293988027460e-01
1.740000000000001e+00 8.242878077924262e-01
1.800000000000001e+00 8.345142573789069e-01
1.860000000000001e+00 8.441455275994546e-01
1.920000000000001e+00 8.532162578931664e-01
1.980000000000001e+00 8.617590716837841e-01
2.040000000000001e+00 8.698046937117878e-01
2.100000000000001e+00 8.773820605377618e-01
2.160000000000001e+00 8.845184246144641e-01
2.220000000000002e+00 8.912394523019023e-01
2.280000000000002e+00 8.975693161779316e-01
2.340000000000002e+00 9.035307819763759e-01
2.400000000000002e+00 9.091452904653509e-01
2.460000000000002e+00 9.144330345602675e-01
2.520000000000002e+00 9.194130319488599e-01
2.580000000000002e+00 9.241031934894363e-01
2.640000000000002e+00 9.285203876283511e-01
2.700000000000002e+00 9.326805010683811e-01
2.760000000000002e+00 9.365984959062013e-01
2.820000000000002e+00 9.402884634444604e-01
2.880000000000002e+00 9.437636748719928e-01
2.940000000000002e+00 9.470366289944427e-01
3.000000000000002e+00 9.501190971869662e-01
3.060000000000002e+00 9.530221657306848e-01
3.120000000000002e+00 9.557562756851589e-01
3.180000000000002e+00 9.583312604402826e-01
3.240000000000002e+00 9.607563810826582e-01
3.300000000000002e+00 9.630403597036474e-01
3.360000000000003e+00 9.651914107688951e-01
3.420000000000003e+00 9.672172706621455e-01
3.480000000000003e+00 9.691252255096086e-01
3.540000000000003e+00 9.709221373849494e-01
3.600000000000003e+00 9.726144689891453e-01
3.660000000000003e+00 9.742083068939770e-01
3.720000000000003e+00 9.757093834327475e-01
3.780000000000003e+00 9.771230973169616e-01
3.840000000000003e+00 9.784545330531144e-01
3.900000000000003e+00 9.797084792294231e-01
3.960000000000003e+00 9.808894457382706e-01
4.020000000000003e+00 9.820016799963033e-01
4.080000000000003e+00 9.830491822205184e-01
4.140000000000002e+00 9.840357198152843e-01
4.200000000000002e+00 9.849648409220347e-01
4.260000000000002e+00 9.858398871803723e-01
4.320000000000001e+00 9.866640057464746e-01
4.380000000000001e+00 9.874401606120298e-01
4.440000000000000e+00 9.881711432644097e-01
4.500000000000000e+00 9.888595827264210e-01
4.560000000000000e+00 9.895079550117434e-01
4.619999999999999e+00 9.901185920300599e-01
4.679999999999999e+00 9.906936899739104e-01
4.739999999999998e+00 9.912353172174289e-01
4.799999999999998e+00 9.917454217553745e-01
4.859999999999998e+00 9.922258382092117e-01
4.919999999999997e+00 9.926782944254356e-01
4.979999999999997e+00 9.931044176898753e-01
5.039999999999996e+00 9.935057405803246e-01
5.099999999999996e+00 9.938837064785497e-01
5.159999999999996e+00 9.942396747614981e-01
5.219999999999995e+00 9.945749256903789e-01
5.279999999999995e+00 9.948906650151988e-01
5.339999999999995e+00 9.951880283113143e-01
5.399999999999994e+00 9.954680850635957e-01
5.459999999999994e+00 9.957318425128945e-01
5.519999999999993e+00 9.959802492786440e-01
5.579999999999993e+00 9.962141987706270e-01
5.639999999999993e+00 9.964345324021765e-01
5.699999999999992e+00 9.966420426163698e-01
5.759999999999992e+00 9.968374757360970e-01
5.819999999999991e+00 9.970215346482562e-01
5.879999999999991e+00 9.971948813317276e-01
5.939999999999991e+00 9.973581392382210e-01
