0.000000000000000e+00 1.000000000000000e+00
6.000000000000000e-02 9.418000000000000e-01
1.200000000000000e-01 8.869872400000000e-01
1.800000000000000e-01 8.353645826320000e-01
2.400000000000000e-01 7.867463639228176e-01
3.000000000000000e-01 7.409577255425096e-01
3.600000000000000e-01 6.978339859159356e-01
4.200000000000000e-01 6.572200479356282e-01
4.800000000000000e-01 6.189698411457746e-01
5.400000000000000e-01 5.829457963910905e-01
6.000000000000001e-01 5.490183510411289e-01
6.600000000000001e-01 5.170654830105352e-01
7.200000000000002e-01 4.869722718993221e-01
7.800000000000002e-01 4.586304856747815e-01
8.400000000000003e-01 4.319381914085093e-01
9.000000000000004e-01 4.067993886685340e-01
9.600000000000004e-01 3.831236642480254e-01
1.020000000000000e+00 3.608258669887903e-01
1.080000000000001e+00 3.398258015300427e-01
1.140000000000001e+00 3.200479398809942e-01
1.200000000000001e+00 3.014211497799203e-01
1.260000000000001e+00 2.838784388627290e-01
1.320000000000001e+00 2.673567137209181e-01
1.380000000000001e+00 2.517965529823607e-01
1.440000000000001e+00 2.371419935987873e-01
1.500000000000001e+00 2.233403295713379e-01
1.560000000000001e+00 2.103419223902860e-01
1.620000000000001e+00 1.981000225071714e-01
1.680000000000001e+00 1.865706011972540e-01
1.740000000000001e+00 1.757121922075738e-01
1.800000000000001e+00 1.654857426210930e-01
1.860000000000001e+00 1.558544724005454e-01
1.920000000000001e+00 1.467837421068336e-01
1.980000000000001e+00 1.382409283162159e-01
2.040000000000001e+00 1.301953062882122e-01
2.100000000000001e+00 1.226179394622382e-01
2.160000000000001e+00 1.154815753855360e-01
2.220000000000002e+00 1.087605476980978e-01
2.280000000000002e+00 1.024306838220685e-01
2.340000000000002e+00 9.646921802362408e-02
2.400000000000002e+00 9.085470953464916e-02
2.460000000000002e+00 8.556696543973258e-02
2.520000000000002e+00 8.058696805114014e-02
2.580000000000002e+00 7.589680651056378e-02
2.640000000000002e+00 7.147961237164897e-02
2.700000000000002e+00 6.731949893161901e-02
2.760000000000002e+00 6.340150409379879e-02
2.820000000000002e+00 5.971153655553969e-02
2.880000000000002e+00 5.623632512800728e-02
2.940000000000002e+00 5.296337100555726e-02
3.000000000000002e+00 4.988090281303383e-02
3.060000000000002e+00 4.697783426931526e-02
3.120000000000002e+00 4.424372431484111e-02
3.180000000000002e+00 4.166873955971736e-02
3.240000000000002e+00 3.924361891734181e-02
3.300000000000002e+00 3.695964029635251e-02
3.360000000000003e+00 3.480858923110480e-02
3.420000000000003e+00 3.278272933785450e-02
3.480000000000003e+00 3.087477449039137e-02
3.540000000000003e+00 2.907786261505059e-02
3.600000000000003e+00 2.738553101085464e-02
3.660000000000003e+00 2.579169310602290e-02
3.720000000000003e+00 2.429061656725237e-02
3.780000000000003e+00 2.287690268303828e-02
3.840000000000003e+00 2.154546694688545e-02
3.900000000000003e+00 2.029152077057672e-02
3.960000000000003e+00 1.911055426172915e-02
4.020000000000003e+00 1.799832000369652e-02
4.080000000000003e+00 1.695081777948138e-02
4.140000000000002e+00 1.596428018471556e-02
4.200000000000002e+00 1.503515907796512e-02
4.260000000000002e+00 1.416011281962755e-02
4.320000000000001e+00 1.333599425352523e-02
4.380000000000001e+00 1.255983938797006e-02
4.440000000000000e+00 1.182885673559020e-02
4.500000000000000e+00 1.114041727357885e-02
4.560000000000000e+00 1.049204498825656e-02
4.619999999999999e+00 9.881407969940029e-03
4.679999999999999e+00 9.306310026089519e-03
4.739999999999998e+00 8.764682782571110e-03
4.799999999999998e+00 8.254578244625471e-03
4.859999999999998e+00 7.774161790788269e-03
4.919999999999997e+00 7.321705574564392e-03
4.979999999999997e+00 6.895582310124744e-03
5.039999999999996e+00 6.494259419675484e-03
5.099999999999996e+00 6.116293521450371e-03
5.159999999999996e+00 5.760325238501960e-03
5.219999999999995e+00 5.425074309621146e-03
5.279999999999995e+00 5.109334984801196e-03
5.339999999999995e+00 4.811971688685766e-03
5.399999999999994e+00 4.531914936404255e-03
5.459999999999994e+00 4.268157487105528e-03
5.519999999999993e+00 4.019750721355986e-03
5.579999999999993e+00 3.785801229373068e-03
5.639999999999993e+00 3.565467597823555e-03
5.699999999999992e+00 3.357957383630224e-03
5.759999999999992e+00 3.162524263902945e-03
5.819999999999991e+00 2.978465351743794e-03
5.879999999999991e+00 2.805118668272305e-03
5.939999999999991e+00 2.641860761778857e-03
