0.000000000000000e+00 1.000000000000000e+00
6.000000000000000e-02 9.417645400000000e-01
1.200000000000000e-01 8.869204488014116e-01
1.800000000000000e-01 8.352702284820550e-01
2.400000000000000e-01 7.866278825020975e-01
3.000000000000000e-01 7.408182459157618e-01
3.600000000000000e-01 6.976763545884643e-01
4.200000000000000e-01 6.570468511478820e-01
4.800000000000000e-01 6.187834255297335e-01
5.400000000000000e-01 5.827482881036338e-01
6.000000000000001e-01 5.488116734817061e-01
6.600000000000001e-01 5.168513732231291e-01
7.200000000000002e-01 4.867522957518485e-01
7.800000000000002e-01 4.584060519026836e-01
8.400000000000003e-01 4.317105646033469e-01
9.000000000000004e-01 4.065697012868113e-01
9.600000000000004e-01 3.828929277103112e-01
1.020000000000000e+00 3.605949819343545e-01
1.080000000000001e+00 3.395955672877157e-01
1.140000000000001e+00 3.198190632127546e-01
1.200000000000001e+00 3.011942529497907e-01
1.260000000000001e+00 2.836540670799033e-01
1.320000000000001e+00 2.671353420026343e-01
1.380000000000001e+00 2.515785924788536e-01
1.440000000000001e+00 2.369277974196950e-01
1.500000000000001e+00 2.231301981501722e-01
1.560000000000001e+00 2.101361084210058e-01
1.620000000000001e+00 1.978987354844986e-01
1.680000000000001e+00 1.863740115901405e-01
1.740000000000001e+00 1.755204352931434e-01
1.800000000000001e+00 1.652989220044469e-01
1.860000000000001e+00 1.556726632440139e-01
1.920000000000001e+00 1.466069940905736e-01
1.980000000000001e+00 1.380692683504918e-01
2.040000000000001e+00 1.300287409962375e-01
2.100000000000001e+00 1.224564574511007e-01
2.160000000000001e+00 1.153251493214654e-01
2.220000000000002e+00 1.086091362011612e-01
2.280000000000002e+00 1.022842331942839e-01
2.340000000000002e+00 9.632766382346752e-02
2.400000000000002e+00 9.071797800998253e-02
2.460000000000002e+00 8.543497483030131e-02
2.520000000000002e+00 8.045962977097029e-02
2.580000000000002e+00 7.577402621982815e-02
2.640000000000002e+00 7.136129094686440e-02
2.700000000000002e+00 6.720553334237991e-02
2.760000000000002e+00 6.329178819364108e-02
2.820000000000002e+00 5.960596179396182e-02
2.880000000000002e+00 5.613478119014803e-02
2.940000000000002e+00 5.286574638554041e-02
3.000000000000002e+00 4.978708532653513e-02
3.060000000000002e+00 4.688771151048510e-02
3.120000000000002e+00 4.415718406232471e-02
3.180000000000002e+00 4.158567013615056e-02
3.240000000000002e+00 3.916390950636357e-02
3.300000000000002e+00 3.688318122086211e-02
3.360000000000003e+00 3.473527219620184e-02
3.420000000000003e+00 3.271244764163082e-02
3.480000000000003e+00 3.080742320549453e-02
3.540000000000003e+00 2.901333874370788e-02
3.600000000000003e+00 2.732373361583223e-02
3.660000000000003e+00 2.573252341979678e-02
3.720000000000003e+00 2.423397808148414e-02
3.780000000000003e+00 2.282270122027899e-02
3.840000000000003e+00 2.149361071627348e-02
3.900000000000003e+00 2.024192040915037e-02
3.960000000000003e+00 1.906312286284011e-02
4.020000000000003e+00 1.795297313388610e-02
4.080000000000003e+00 1.690747348506660e-02
4.140000000000002e+00 1.592285898922594e-02
4.200000000000002e+00 1.499558397147324e-02
4.260000000000002e+00 1.412230924092586e-02
4.320000000000001e+00 1.329989006601829e-02
4.380000000000001e+00 1.252536485007429e-02
4.440000000000000e+00 1.179594446636238e-02
4.500000000000000e+00 1.110900221422931e-02
4.560000000000000e+00 1.046206436014265e-02
4.619999999999999e+00 9.852801229580139e-03
4.679999999999999e+00 9.279018817686974e-03
4.739999999999998e+00 8.738650888490317e-03
4.799999999999998e+00 8.229751534219674e-03
4.859999999999998e+00 7.750488167938685e-03
4.919999999999997e+00 7.299134924254219e-03
4.979999999999997e+00 6.874066444338209e-03
5.039999999999996e+00 6.473752022881609e-03
5.099999999999996e+00 6.096750095903168e-03
5.159999999999996e+00 5.741703049563203e-03
5.219999999999995e+00 5.407332331288487e-03
5.279999999999995e+00 5.092433845603030e-03
5.339999999999995e+00 4.795873618084768e-03
5.399999999999994e+00 4.516583711833737e-03
5.459999999999994e+00 4.253558381746592e-03
5.519999999999993e+00 4.005850452748724e-03
5.579999999999993e+00 3.772567908941694e-03
5.639999999999993e+00 3.552870681383236e-03
5.699999999999992e+00 3.345967622932370e-03
5.759999999999992e+00 3.151113659265797e-03
5.819999999999991e+00 2.967607105806170e-03
5.879999999999991e+00 2.794787140900278e-03
5.939999999999991e+00 2.632031426147866e-03
