0.000000000000000e+00 0.000000000000000e+00
6.000000000000000e-02 5.823546000000000e-02
1.200000000000000e-01 1.130795511985884e-01
1.800000000000000e-01 1.647297715179450e-01
2.400000000000000e-01 2.133721174979026e-01
3.000000000000000e-01 2.591817540842382e-01
3.600000000000000e-01 3.023236454115357e-01
4.200000000000000e-01 3.429531488521180e-01
4.800000000000000e-01 3.812165744702665e-01
5.400000000000000e-01 4.172517118963662e-01
6.000000000000001e-01 4.511883265182939e-01
6.600000000000001e-01 4.831486267768708e-01
7.200000000000002e-01 5.132477042481515e-01
7.800000000000002e-01 5.415939480973164e-01
8.400000000000003e-01 5.682894353966531e-01
9.000000000000004e-01 5.934302987131888e-01
9.600000000000004e-01 6.171070722896888e-01
1.020000000000000e+00 6.394050180656454e-01
1.080000000000001e+00 6.604044327122842e-01
1.140000000000001e+00 6.801809367872453e-01
1.200000000000001e+00 6.988057470502091e-01
1.260000000000001e+00 7.163459329200966e-01
1.320000000000001e+00 7.328646579973657e-01
1.380000000000001e+00 7.484214075211464e-01
1.440000000000001e+00 7.630722025803049e-01
1.500000000000001e+00 7.768698018498277e-01
1.560000000000001e+00 7.898638915789941e-01
1.620000000000001e+00 8.021012645155012e-01
1.680000000000001e+00 8.136259884098593e-01
1.740000000000001e+00 8.244795647068565e-01
1.800000000000001e+00 8.347010779955529e-01
1.860000000000001e+00 8.443273367559860e-01
1.920000000000001e+00 8.533930059094262e-01
1.980000000000001e+00 8.619307316495081e-01
2.040000000000001e+00 8.699712590037624e-01
2.100000000000001e+00 8.775435425488991e-01
2.160000000000001e+00 8.846748506785344e-01
2.220000000000002e+00 8.913908637988386e-01
2.280000000000002e+00 8.977157668057159e-01
2.340000000000002e+00 9.036723361765323e-01
2.400000000000002e+00 9.092820219900173e-01
2.460000000000002e+00 9.145650251696985e-01
2.520000000000002e+00 9.195403702290296e-01
2.580000000000002e+00 9.242259737801717e-01
2.640000000000002e+00 9.286387090531354e-01
2.700000000000002e+00 9.327944666576199e-01
2.760000000000002e+00 9.367082118063588e-01
2.820000000000002e+00 9.403940382060381e-01
2.880000000000002e+00 9.438652188098519e-01
2.940000000000002e+00 9.471342536144595e-01
3.000000000000002e+00 9.502129146734648e-01
3.060000000000002e+00 9.531122884895148e-01
3.120000000000002e+00 9.558428159376752e-01
3.180000000000002e+00 9.584143298638493e-01
3.240000000000002e+00 9.608360904936364e-01
3.300000000000002e+00 9.631168187791378e-01
3.360000000000003e+00 9.652647278037980e-01
3.420000000000003e+00 9.672875523583691e-01
3.480000000000003e+00 9.691925767945053e-01
3.540000000000003e+00 9.709866612562920e-01
3.600000000000003e+00 9.726762663841676e-01
3.660000000000003e+00 9.742674765802031e-01
3.720000000000003e+00 9.757660219185157e-01
3.780000000000003e+00 9.771772987797208e-01
3.840000000000003e+00 9.785063892837264e-01
3.900000000000003e+00 9.797580795908495e-01
3.960000000000003e+00 9.809368771371597e-01
4.020000000000003e+00 9.820470268661138e-01
4.080000000000003e+00 9.830925265149333e-01
4.140000000000002e+00 9.840771410107739e-01
4.200000000000002e+00 9.850044160285266e-01
4.260000000000002e+00 9.858776907590739e-01
4.320000000000001e+00 9.867001099339815e-01
4.380000000000001e+00 9.874746351499255e-01
4.440000000000000e+00 9.882040555336374e-01
4.500000000000000e+00 9.888909977857705e-01
4.560000000000000e+00 9.895379356398571e-01
4.619999999999999e+00 9.901471987704197e-01
4.679999999999999e+00 9.907209811823129e-01
4.739999999999998e+00 9.912613491115095e-01
4.799999999999998e+00 9.917702484657802e-01
4.859999999999998e+00 9.922495118320612e-01
4.919999999999997e+00 9.927008650757457e-01
4.979999999999997e+00 9.931259335556617e-01
5.039999999999996e+00 9.935262479771183e-01
5.099999999999996e+00 9.939032499040967e-01
5.159999999999996e+00 9.942582969504367e-01
5.219999999999995e+00 9.945926676687113e-01
5.279999999999995e+00 9.949075661543968e-01
5.339999999999995e+00 9.952041263819150e-01
5.399999999999994e+00 9.954834162881661e-01
5.459999999999994e+00 9.957464416182532e-01
5.519999999999993e+00 9.959941495472511e-01
5.579999999999993e+00 9.962274320910581e-01
5.639999999999993e+00 9.964471293186166e-01
5.699999999999992e+00 9.966540323770674e-01
5.759999999999992e+00 9.968488863407340e-01
5.819999999999991e+00 9.970323928941937e-01
5.879999999999991e+00 9.972052128590996e-01
5.939999999999991e+00 9.973679685738520e-01
