0.000000000000000e+00 0.000000000000000e+00
6.000000000000000e-02 5.823546641575128e-02
1.200000000000000e-01 1.130795632828425e-01
1.800000000000000e-01 1.647297885887280e-01
2.400000000000000e-01 2.133721389334465e-01
3.000000000000000e-01 2.591817793182821e-01
3.600000000000000e-01 3.023236739289690e-01
4.200000000000000e-01 3.429531801849433e-01
4.800000000000000e-01 3.812166081938592e-01
5.400000000000000e-01 4.172517476260104e-01
6.000000000000001e-01 4.511883639059736e-01
6.600000000000001e-01 4.831486655083008e-01
7.200000000000002e-01 5.132477440400285e-01
7.800000000000002e-01 5.415939886947766e-01
8.400000000000003e-01 5.682894765709204e-01
9.000000000000004e-01 5.934303402594010e-01
9.600000000000004e-01 6.171071140248882e-01
1.020000000000000e+00 6.394050598269219e-01
1.080000000000001e+00 6.604044743550610e-01
1.140000000000001e+00 6.801809781836963e-01
1.200000000000001e+00 6.988057880877980e-01
1.260000000000001e+00 7.163459735002298e-01
1.320000000000001e+00 7.328646980341498e-01
1.380000000000001e+00 7.484214469402437e-01
1.440000000000001e+00 7.630722413178784e-01
1.500000000000001e+00 7.768698398515703e-01
1.560000000000001e+00 7.898639287992355e-01
1.620000000000001e+00 8.021013009163855e-01
1.680000000000001e+00 8.136260239605903e-01
1.740000000000001e+00 8.244795993830033e-01
1.800000000000001e+00 8.347011117784137e-01
1.860000000000001e+00 8.443273696320028e-01
1.920000000000001e+00 8.533930378696500e-01
1.980000000000001e+00 8.619307626891074e-01
2.040000000000001e+00 8.699712891215743e-01
2.100000000000001e+00 8.775435717470182e-01
2.160000000000001e+00 8.846748789619376e-01
2.220000000000002e+00 8.913908911750422e-01
2.280000000000002e+00 8.977157932844627e-01
2.340000000000002e+00 9.036723617695072e-01
2.400000000000002e+00 9.092820467105877e-01
2.460000000000002e+00 9.145650490326789e-01
2.520000000000002e+00 9.195403932504678e-01
2.580000000000002e+00 9.242259959771546e-01
2.640000000000002e+00 9.286387304436141e-01
2.700000000000002e+00 9.327944872602504e-01
2.760000000000002e+00 9.367082316403594e-01
2.820000000000002e+00 9.403940572910607e-01
2.880000000000002e+00 9.438652371658665e-01
2.940000000000002e+00 9.471342712616497e-01
3.000000000000002e+00 9.502129316321362e-01
3.060000000000002e+00 9.531123047800116e-01
3.120000000000002e+00 9.558428315803073e-01
3.180000000000002e+00 9.584143448788269e-01
3.240000000000002e+00 9.608361049010130e-01
3.300000000000002e+00 9.631168325987601e-01
3.360000000000003e+00 9.652647410552615e-01
3.420000000000003e+00 9.672875650609802e-01
3.480000000000003e+00 9.691925889672490e-01
3.540000000000003e+00 9.709866729178031e-01
3.600000000000003e+00 9.726762775527075e-01
3.660000000000003e+00 9.742674872736401e-01
3.720000000000003e+00 9.757660321543089e-01
3.780000000000003e+00 9.771773085749071e-01
3.840000000000003e+00 9.785063986549102e-01
3.900000000000003e+00 9.797580885541957e-01
3.960000000000003e+00 9.809368857083884e-01
4.020000000000003e+00 9.820470350604972e-01
4.080000000000003e+00 9.830925343472947e-01
4.140000000000002e+00 9.840771484954883e-01
4.200000000000002e+00 9.850044231795223e-01
4.260000000000002e+00 9.858776975898360e-01
4.320000000000001e+00 9.867001164575563e-01
4.380000000000001e+00 9.874746413789256e-01
4.440000000000000e+00 9.882040614802484e-01
4.500000000000000e+00 9.888910034617577e-01
4.560000000000000e+00 9.895379410565732e-01
4.619999999999999e+00 9.901472039388127e-01
4.679999999999999e+00 9.907209861129352e-01
4.739999999999998e+00 9.912613538145267e-01
4.799999999999998e+00 9.917702529509800e-01
4.859999999999998e+00 9.922495161088632e-01
4.919999999999997e+00 9.927008691532114e-01
4.979999999999997e+00 9.931259374425038e-01
5.039999999999996e+00 9.935262516817106e-01
5.099999999999996e+00 9.939032534344844e-01
5.159999999999996e+00 9.942583003143458e-01
5.219999999999995e+00 9.945926708735591e-01
5.279999999999995e+00 9.949075692073008e-01
5.339999999999995e+00 9.952041292897036e-01
5.399999999999994e+00 9.954834190573874e-01
5.459999999999994e+00 9.957464442551849e-01
5.519999999999993e+00 9.959941520579095e-01
5.579999999999993e+00 9.962274344812078e-01
5.639999999999993e+00 9.964471315937786e-01
5.699999999999992e+00 9.966540345425287e-01
5.759999999999992e+00 9.968488884015555e-01
5.819999999999991e+00 9.970323948552190e-01
5.879999999999991e+00 9.972052147249632e-01
5.939999999999991e+00 9.973679703489867e-01
