0.000000000000000e+00 1.000000000000000e+00
6.000000000000000e-02 9.417645335842487e-01
1.200000000000000e-01 8.869204367171575e-01
1.800000000000000e-01 8.352702114112720e-01
2.400000000000000e-01 7.866278610665535e-01
3.000000000000000e-01 7.408182206817179e-01
3.600000000000000e-01 6.976763260710310e-01
4.200000000000000e-01 6.570468198150567e-01
4.800000000000000e-01 6.187833918061408e-01
5.400000000000000e-01 5.827482523739896e-01
6.000000000000001e-01 5.488116360940264e-01
6.600000000000001e-01 5.168513344916992e-01
7.200000000000002e-01 4.867522559599716e-01
7.800000000000002e-01 4.584060113052234e-01
8.400000000000003e-01 4.317105234290796e-01
9.000000000000004e-01 4.065696597405989e-01
9.600000000000004e-01 3.828928859751118e-01
1.020000000000000e+00 3.605949401730781e-01
1.080000000000001e+00 3.395955256449390e-01
1.140000000000001e+00 3.198190218163037e-01
1.200000000000001e+00 3.011942119122019e-01
1.260000000000001e+00 2.836540264997702e-01
1.320000000000001e+00 2.671353019658502e-01
1.380000000000001e+00 2.515785530597563e-01
1.440000000000001e+00 2.369277586821216e-01
1.500000000000001e+00 2.231301601484296e-01
1.560000000000001e+00 2.101360712007646e-01
1.620000000000001e+00 1.978986990836145e-01
1.680000000000001e+00 1.863739760394098e-01
1.740000000000001e+00 1.755204006169967e-01
1.800000000000001e+00 1.652988882215863e-01
1.860000000000001e+00 1.556726303679971e-01
1.920000000000001e+00 1.466069621303500e-01
1.980000000000001e+00 1.380692373108926e-01
2.040000000000001e+00 1.300287108784257e-01
2.100000000000001e+00 1.224564282529817e-01
2.160000000000001e+00 1.153251210380624e-01
2.220000000000002e+00 1.086091088249578e-01
2.280000000000002e+00 1.022842067155373e-01
2.340000000000002e+00 9.632763823049287e-02
2.400000000000002e+00 9.071795328941235e-02
2.460000000000002e+00 8.543495096732108e-02
2.520000000000002e+00 8.045960674953229e-02
2.580000000000002e+00 7.577400402284534e-02
2.640000000000002e+00 7.136126955638593e-02
2.700000000000002e+00 6.720551273974963e-02
2.760000000000002e+00 6.329176835964059e-02
2.820000000000002e+00 5.960594270893923e-02
2.880000000000002e+00 5.613476283413360e-02
2.940000000000002e+00 5.286572873835025e-02
3.000000000000002e+00 4.978706836786383e-02
3.060000000000002e+00 4.688769521998838e-02
3.120000000000002e+00 4.415716841969276e-02
3.180000000000002e+00 4.158565512117307e-02
3.240000000000002e+00 3.916389509898698e-02
3.300000000000002e+00 3.688316740123991e-02
3.360000000000003e+00 3.473525894473847e-02
3.420000000000003e+00 3.271243493901973e-02
3.480000000000003e+00 3.080741103275099e-02
3.540000000000003e+00 2.901332708219698e-02
3.600000000000003e+00 2.732372244729249e-02
3.660000000000003e+00 2.573251272635987e-02
3.720000000000003e+00 2.423396784569105e-02
3.780000000000003e+00 2.282269142509291e-02
3.840000000000003e+00 2.149360134508986e-02
3.900000000000003e+00 2.024191144580433e-02
3.960000000000003e+00 1.906311429161158e-02
4.020000000000003e+00 1.795296493950280e-02
4.080000000000003e+00 1.690746565270523e-02
4.140000000000002e+00 1.592285150451165e-02
4.200000000000002e+00 1.499557682047768e-02
4.260000000000002e+00 1.412230241016394e-02
4.320000000000001e+00 1.329988354244376e-02
4.380000000000001e+00 1.252535862107437e-02
4.440000000000000e+00 1.179593851975156e-02
4.500000000000000e+00 1.110899653824231e-02
4.560000000000000e+00 1.046205894342680e-02
4.619999999999999e+00 9.852796061187266e-03
4.679999999999999e+00 9.279013887064751e-03
4.739999999999998e+00 8.738646185473306e-03
4.799999999999998e+00 8.229747049020046e-03
4.859999999999998e+00 7.750483891136713e-03
4.919999999999997e+00 7.299130846788602e-03
4.979999999999997e+00 6.874062557496273e-03
5.039999999999996e+00 6.473748318289428e-03
5.099999999999996e+00 6.096746565515660e-03
5.159999999999996e+00 5.741699685654228e-03
5.219999999999995e+00 5.407329126440983e-03
5.279999999999995e+00 5.092430792699218e-03
5.339999999999995e+00 4.795870710296446e-03
5.399999999999994e+00 4.516580942612695e-03
5.459999999999994e+00 4.253555744815152e-03
5.519999999999993e+00 4.005847942090445e-03
5.579999999999993e+00 3.772565518792232e-03
5.639999999999993e+00 3.552868406221387e-03
5.699999999999992e+00 3.345965457471299e-03
5.759999999999992e+00 3.151111598444467e-03
5.819999999999991e+00 2.967605144780971e-03
5.879999999999991e+00 2.794785275036868e-03
5.939999999999991e+00 2.632029651013224e-03
