3.000000 0.333333
3.010000 0.332226
3.020000 0.331126
3.030000 0.330033
3.040000 0.328947
3.050000 0.327869
3.060000 0.326797
3.070000 0.325733
3.080000 0.324675
3.090000 0.323625
3.100000 0.322581
3.110000 0.321543
3.120000 0.320513
3.130000 0.319489
3.140000 0.318471
3.150000 0.317460
3.160000 0.316456
3.170000 0.315457
3.180000 0.314465
3.190000 0.313480
3.200000 0.312500
3.210000 0.311526
3.220000 0.310559
3.230000 0.309598
3.240000 0.308642
3.250000 0.307692
3.260000 0.306748
3.270000 0.305810
3.280000 0.304878
3.290000 0.303951
3.300000 0.303030
3.310000 0.302115
3.320000 0.301205
3.330000 0.300300
3.340000 0.299401
3.350000 0.298507
3.360000 0.297619
3.370000 0.296736
3.380000 0.295858
3.390000 0.294985
3.400000 0.294118
3.410000 0.293255
3.420000 0.292398
3.430000 0.291545
3.440000 0.290698
3.450000 0.289855
3.460000 0.289017
3.470000 0.288184
3.480000 0.287356
3.490000 0.286533
3.500000 0.285714
3.510000 0.284900
3.520000 0.284091
3.530000 0.283286
3.540000 0.282486
3.550000 0.281690
3.560000 0.280899
3.570000 0.280112
3.580000 0.279330
3.590000 0.278552
3.600000 0.277778
3.610000 0.277008
3.620000 0.276243
3.630000 0.275482
3.640000 0.274725
3.650000 0.273973
3.660000 0.273224
3.670000 0.272480
3.680000 0.271739
3.690000 0.271003
3.700000 0.270270
3.710000 0.269542
3.720000 0.268817
3.730000 0.268097
3.740000 0.267380
3.750000 0.266667
3.760000 0.265957
3.770000 0.265252
3.780000 0.264550
3.790000 0.263852
3.800000 0.263158
3.810000 0.262467
3.820000 0.261780
3.830000 0.261097
3.840000 0.260417
3.850000 0.259740
3.860000 0.259067
3.870000 0.258398
3.880000 0.257732
3.890000 0.257069
3.900000 0.256410
3.910000 0.255754
3.920000 0.255102
3.930000 0.254453
3.940000 0.253807
3.950000 0.253165
3.960000 0.252525
3.970000 0.251889
3.980000 0.251256
3.990000 0.250627
4.000000 0.250000
4.010000 0.249377
4.020000 0.248756
4.030000 0.248139
4.040000 0.247525
4.050000 0.246914
4.060000 0.246305
4.070000 0.245700
4.080000 0.245098
4.090000 0.244499
4.100000 0.243902
4.110000 0.243309
4.120000 0.242718
4.130000 0.242131
4.140000 0.241546
4.150000 0.240964
4.160000 0.240385
4.170000 0.239808
4.180000 0.239234
4.190000 0.238663
4.200000 0.238095
4.210000 0.237530
4.220000 0.236967
4.230000 0.236407
4.240000 0.235849
4.250000 0.235294
4.260000 0.234742
4.270000 0.234192
4.280000 0.233645
4.290000 0.233100
4.300000 0.232558
4.310000 0.232019
4.320000 0.231481
4.330000 0.230947
4.340000 0.230415
4.350000 0.229885
4.360000 0.229358
4.370000 0.228833
4.380000 0.228311
4.390000 0.227790
4.400000 0.227273
4.410000 0.226757
4.420000 0.226244
4.430000 0.225734
4.440000 0.225225
4.450000 0.224719
4.460000 0.224215
4.470000 0.223714
4.480000 0.223214
4.490000 0.222717
4.500000 0.222222
4.510000 0.221729
4.520000 0.221239
4.530000 0.220751
4.540000 0.220264
4.550000 0.219780
4.560000 0.219298
4.570000 0.218818
4.580000 0.218341
4.590000 0.217865
4.600000 0.217391
4.610000 0.216920
4.620000 0.216450
4.630000 0.215983
4.640000 0.215517
4.650000 0.215054
4.660000 0.214592
4.670000 0.214133
4.680000 0.213675
4.690000 0.213220
4.700000 0.212766
4.710000 0.212314
4.720000 0.211864
4.730000 0.211416
4.740000 0.210970
4.750000 0.210526
4.760000 0.210084
4.770000 0.209644
4.780000 0.209205
4.790000 0.208768
4.800000 0.208333
4.810000 0.207900
4.820000 0.207469
4.830000 0.207039
4.840000 0.206612
4.850000 0.206186
4.860000 0.205761
4.870000 0.205339
4.880000 0.204918
4.890000 0.204499
4.900000 0.204082
4.910000 0.203666
4.920000 0.203252
4.930000 0.202840
4.940000 0.202429
4.950000 0.202020
4.960000 0.201613
4.970000 0.201207
4.980000 0.200803
4.990000 0.200401
5.000000 0.200000
5.010000 0.199601
5.020000 0.199203
5.030000 0.198807
5.040000 0.198413
5.050000 0.198020
5.060000 0.197628
5.070000 0.197239
5.080000 0.196850
5.090000 0.196464
5.100000 0.196078
5.110000 0.195695
5.120000 0.195313
5.130000 0.194932
5.140000 0.194553
5.150000 0.194175
5.160000 0.193798
5.170000 0.193424
5.180000 0.193050
5.190000 0.192678
5.200000 0.192308
5.210000 0.191939
5.220000 0.191571
5.230000 0.191205
5.240000 0.190840
5.250000 0.190476
5.260000 0.190114
5.270000 0.189753
5.280000 0.189394
5.290000 0.189036
5.300000 0.188679
5.310000 0.188324
5.320000 0.187970
5.330000 0.187617
5.340000 0.187266
5.350000 0.186916
5.360000 0.186567
5.370000 0.186220
5.380000 0.185874
5.390000 0.185529
5.400000 0.185185
5.410000 0.184843
5.420000 0.184502
5.430000 0.184162
5.440000 0.183824
5.450000 0.183486
5.460000 0.183150
5.470000 0.182815
5.480000 0.182482
5.490000 0.182149
5.500000 0.181818
5.510000 0.181488
5.520000 0.181159
5.530000 0.180832
5.540000 0.180505
5.550000 0.180180
5.560000 0.179856
5.570000 0.179533
5.580000 0.179211
5.590000 0.178891
5.600000 0.178571
5.610000 0.178253
5.620000 0.177936
5.630000 0.177620
5.640000 0.177305
5.650000 0.176991
5.660000 0.176678
5.670000 0.176367
5.680000 0.176056
5.690000 0.175747
5.700000 0.175439
5.710000 0.175131
5.720000 0.174825
5.730000 0.174520
5.740000 0.174216
5.750000 0.173913
5.760000 0.173611
5.770000 0.173310
5.780000 0.173010
5.790000 0.172712
5.800000 0.172414
5.810000 0.172117
5.820000 0.171821
5.830000 0.171527
5.840000 0.171233
5.850000 0.170940
5.860000 0.170648
5.870000 0.170358
5.880000 0.170068
5.890000 0.169779
5.900000 0.169492
5.910000 0.169205
5.920000 0.168919
5.930000 0.168634
5.940000 0.168350
5.950000 0.168067
5.960000 0.167785
5.970000 0.167504
5.980000 0.167224
5.990000 0.166945
6.000000 0.166667
6.010000 0.166389
6.020000 0.166113
6.030000 0.165837
6.040000 0.165563
6.050000 0.165289
6.060000 0.165017
6.070000 0.164745
6.080000 0.164474
6.090000 0.164204
6.100000 0.163934
6.110000 0.163666
6.120000 0.163399
6.130000 0.163132
6.140000 0.162866
6.150000 0.162602
6.160000 0.162338
6.170000 0.162075
6.180000 0.161812
6.190000 0.161551
6.200000 0.161290
6.210000 0.161031
6.220000 0.160772
6.230000 0.160514
6.240000 0.160256
6.250000 0.160000
6.260000 0.159744
6.270000 0.159490
6.280000 0.159236
6.290000 0.158983
6.300000 0.158730
6.310000 0.158479
6.320000 0.158228
6.330000 0.157978
6.340000 0.157729
6.350000 0.157480
6.360000 0.157233
6.370000 0.156986
6.380000 0.156740
6.390000 0.156495
6.400000 0.156250
6.410000 0.156006
6.420000 0.155763
6.430000 0.155521
6.440000 0.155280
6.450000 0.155039
6.460000 0.154799
6.470000 0.154560
6.480000 0.154321
6.490000 0.154083
6.500000 0.153846
6.510000 0.153610
6.520000 0.153374
6.530000 0.153139
6.540000 0.152905
6.550000 0.152672
6.560000 0.152439
6.570000 0.152207
6.580000 0.151976
6.590000 0.151745
6.600000 0.151515
6.610000 0.151286
6.620000 0.151057
6.630000 0.150830
6.640000 0.150602
6.650000 0.150376
6.660000 0.150150
6.670000 0.149925
6.680000 0.149701
6.690000 0.149477
6.700000 0.149254
6.710000 0.149031
6.720000 0.148810
6.730000 0.148588
6.740000 0.148368
6.750000 0.148148
6.760000 0.147929
6.770000 0.147710
6.780000 0.147493
6.790000 0.147275
6.800000 0.147059
6.810000 0.146843
6.820000 0.146628
6.830000 0.146413
6.840000 0.146199
6.850000 0.145985
6.860000 0.145773
6.870000 0.145560
6.880000 0.145349
6.890000 0.145138
6.900000 0.144928
6.910000 0.144718
6.920000 0.144509
6.930000 0.144300
6.940000 0.144092
6.950000 0.143885
6.960000 0.143678
6.970000 0.143472
6.980000 0.143266
6.990000 0.143062
7.000000 0.142857
7.010000 0.142653
7.020000 0.142450
7.030000 0.142248
7.040000 0.142045
7.050000 0.141844
7.060000 0.141643
7.070000 0.141443
7.080000 0.141243
7.090000 0.141044
7.100000 0.140845
7.110000 0.140647
7.120000 0.140449
7.130000 0.140252
7.140000 0.140056
7.150000 0.139860
7.160000 0.139665
7.170000 0.139470
7.180000 0.139276
7.190000 0.139082
7.200000 0.138889
7.210000 0.138696
7.220000 0.138504
7.230000 0.138313
7.240000 0.138122
7.250000 0.137931
7.260000 0.137741
7.270000 0.137552
7.280000 0.137363
7.290000 0.137174
7.300000 0.136986
7.310000 0.136799
7.320000 0.136612
7.330000 0.136426
7.340000 0.136240
7.350000 0.136054
7.360000 0.135870
7.370000 0.135685
7.380000 0.135501
7.390000 0.135318
7.400000 0.135135
7.410000 0.134953
7.420000 0.134771
7.430000 0.134590
7.440000 0.134409
7.450000 0.134228
7.460000 0.134048
7.470000 0.133869
7.480000 0.133690
7.490000 0.133511
7.500000 0.133333
7.510000 0.133156
7.520000 0.132979
7.530000 0.132802
7.540000 0.132626
7.550000 0.132450
7.560000 0.132275
7.570000 0.132100
7.580000 0.131926
7.590000 0.131752
7.600000 0.131579
7.610000 0.131406
7.620000 0.131234
7.630000 0.131062
7.640000 0.130890
7.650000 0.130719
7.660000 0.130548
7.670000 0.130378
7.680000 0.130208
7.690000 0.130039
7.700000 0.129870
7.710000 0.129702
7.720000 0.129534
7.730000 0.129366
7.740000 0.129199
7.750000 0.129032
7.760000 0.128866
7.770000 0.128700
7.780000 0.128535
7.790000 0.128370
7.800000 0.128205
7.810000 0.128041
7.820000 0.127877
7.830000 0.127714
7.840000 0.127551
7.850000 0.127389
7.860000 0.127226
7.870000 0.127065
7.880000 0.126904
7.890000 0.126743
7.900000 0.126582
7.910000 0.126422
7.920000 0.126263
7.930000 0.126103
7.940000 0.125945
7.950000 0.125786
7.960000 0.125628
7.970000 0.125471
7.980000 0.125313
7.990000 0.125156
8.000000 0.125000
