0 0.475575
0.1 0.627231
0.2 1.77243
0.3 0.412117
0.4 1.29747
0.5 0.524451
0.6 1.76285
0.7 0.486361
0.8 1.10117
0.9 0.421625
1 0.833914
1.1 1.06157
1.2 1.87299
1.3 0.555214
1.4 1.78078
1.5 0.403202
1.6 1.1932
1.7 1.03845
1.8 0.527515
1.9 0.0398095
2 0.805862
2.1 0.905889
2.2 1.45313
2.3 -0.198018
2.4 -0.0815552
2.5 0.966292
2.6 -0.296178
2.7 1.11367
2.8 -0.121171
2.9 0.64979
3 0.208711
3.1 1.07749
3.2 1.55036
3.3 1.31849
3.4 1.29098
3.5 1.72775
3.6 1.84282
3.7 0.825626
3.8 1.96671
3.9 1.83466
4 1.04851
4.1 0.925562
4.2 2.67991
4.3 1.17829
4.4 2.45447
4.5 2.24054
4.6 3.3262
4.7 3.11995
4.8 2.14958
4.9 2.62831
5 3.61879
5.1 4.22096
5.2 3.29727
5.3 4.51376
5.4 4.25879
5.5 4.81092
5.6 5.9588
5.7 6.02072
5.8 5.67094
5.9 7.0174
6 6.75551