1.000000000000000e-01 3.332410560830112e-07
5.000000000000000e-02 1.997609733184191e-08
2.500000000000000e-02 1.222742018747169e-09
1.250000000000000e-02 7.562883652667551e-11
6.250000000000000e-03 4.702349620799851e-12
3.125000000000000e-03 2.932654119547351e-13
1.562500000000000e-03 1.798561299892754e-14
7.812500000000000e-04 1.054711873393899e-15
3.906250000000000e-04 8.881784197001252e-16
1.953125000000000e-04 2.775557561562891e-16
9.765625000000001e-05 1.276756478318930e-15
4.882812500000000e-05 2.886579864025407e-15
2.441406250000000e-05 1.665334536937735e-15
1.220703125000000e-05 1.942890293094024e-15
6.103515625000000e-06 3.885780586188048e-16
3.051757812500000e-06 1.831867990631508e-15
1.525878906250000e-06 8.326672684688674e-15
7.629394531250000e-07 3.436140261214859e-14
3.814697265625000e-07 2.775557561562891e-14
1.907348632812500e-07 2.098321516541546e-14
9.536743164062501e-08 2.242650509742816e-14
4.768371582031250e-08 1.776356839400250e-15
2.384185791015625e-08 6.278311204255260e-14
1.192092895507813e-08 2.486899575160351e-13
5.960464477539063e-09 1.241229341530925e-13
2.980232238769531e-09 6.228351168147128e-14
1.490116119384766e-09 5.717648576819556e-15
7.450580596923829e-10 1.387778780781446e-14
3.725290298461914e-10 2.664535259100376e-14
1.862645149230957e-10 6.367129046225273e-14
9.313225746154786e-11 3.486100297322992e-14
4.656612873077393e-11 5.801470415178756e-13
2.328306436538696e-11 9.586775817638227e-14
1.164153218269348e-11 1.315758613174012e-11
5.820766091346741e-12 5.189015883644288e-12
