1.000000000000000e-01 6.615436621095205e-04
5.000000000000000e-02 1.591805004146352e-04
2.500000000000000e-02 3.904854541797453e-05
1.250000000000000e-02 9.670584248278047e-06
6.250000000000000e-03 2.406311170821684e-06
3.125000000000000e-03 6.001677038125486e-07
1.562500000000000e-03 1.498660858745282e-07
7.812500000000000e-04 3.744456900101056e-08
3.906250000000000e-04 9.358399721826061e-09
1.953125000000000e-04 2.339258509120867e-09
9.765625000000001e-05 5.847726192165226e-10
4.882812500000000e-05 1.461873955221904e-10
2.441406250000000e-05 3.654304636668826e-11
1.220703125000000e-05 9.136802425757651e-12
6.103515625000000e-06 2.285338585039653e-12
3.051757812500000e-06 5.702105454474804e-13
1.525878906250000e-06 1.517119763150276e-13
7.629394531250000e-07 7.099876242477876e-14
3.814697265625000e-07 3.697042672001771e-14
1.907348632812500e-07 2.287059430727822e-14
9.536743164062501e-08 2.303712776097200e-14
4.768371582031250e-08 1.776356839400250e-15
2.384185791015625e-08 6.289413434501512e-14
1.192092895507813e-08 2.486899575160351e-13
5.960464477539063e-09 1.241229341530925e-13
2.980232238769531e-09 6.228351168147128e-14
1.490116119384766e-09 5.717648576819556e-15
7.450580596923829e-10 1.376676550535194e-14
3.725290298461914e-10 2.664535259100376e-14
1.862645149230957e-10 6.378231276471524e-14
9.313225746154786e-11 3.486100297322992e-14
4.656612873077393e-11 5.801470415178756e-13
2.328306436538696e-11 9.586775817638227e-14
1.164153218269348e-11 1.315758613174012e-11
5.820766091346741e-12 5.189015883644288e-12
