1.000000000000000e-01 1.920100107144235e-02
5.000000000000000e-02 9.393518762900122e-03
2.500000000000000e-02 4.647001283561714e-03
1.250000000000000e-02 2.311297124325151e-03
6.250000000000000e-03 1.152626452842920e-03
3.125000000000000e-03 5.755612509834585e-04
1.562500000000000e-03 2.875930728852838e-04
7.812500000000000e-04 1.437497032781287e-04
3.906250000000000e-04 7.186315021123768e-05
1.953125000000000e-04 3.592865060492167e-05
9.765625000000001e-05 1.796359428751781e-05
4.882812500000000e-05 8.981614401326610e-06
2.441406250000000e-05 4.490761515707486e-06
1.220703125000000e-05 2.245369345899029e-06
6.103515625000000e-06 1.122681817733451e-06
3.051757812500000e-06 5.613401743431723e-07
1.525878906250000e-06 2.806699301305393e-07
7.629394531250000e-07 1.403349108586305e-07
3.814697265625000e-07 7.016742037402324e-08
1.907348632812500e-07 3.508372248273162e-08
9.536743164062501e-08 1.754193296177320e-08
4.768371582031250e-08 8.770965675974907e-09
2.384185791015625e-08 4.385484475566415e-09
1.192092895507813e-08 2.192766579423022e-09
5.960464477539063e-09 1.096327917338158e-09
2.980232238769531e-09 5.481415321639815e-10
1.490116119384766e-09 2.740750959517868e-10
7.450580596923829e-10 1.370419888679919e-10
3.725290298461914e-10 6.850364719923618e-11
1.862645149230957e-10 3.421063432540450e-11
9.313225746154786e-11 1.715649844413747e-11
4.656612873077393e-11 7.981337812879019e-12
2.328306436538696e-11 4.188260849247172e-12
1.164153218269348e-11 1.101957414206822e-11
5.820766091346741e-12 4.117095553368699e-12
