1.000000000000000e-01 3.332410559719889e-07
5.000000000000000e-02 1.997609733184191e-08
2.500000000000000e-02 1.222742018747169e-09
1.250000000000000e-02 7.562905857128044e-11
6.250000000000000e-03 4.701572464682613e-12
3.125000000000000e-03 2.926547892911913e-13
1.562500000000000e-03 1.809663530139005e-14
7.812500000000000e-04 1.443289932012704e-15
3.906250000000000e-04 1.110223024625157e-16
1.953125000000000e-04 3.330669073875470e-16
9.765625000000001e-05 1.332267629550188e-15
4.882812500000000e-05 3.663735981263017e-15
2.441406250000000e-05 4.662936703425657e-15
1.220703125000000e-05 8.104628079763643e-15
6.103515625000000e-06 4.440892098500626e-16
3.051757812500000e-06 2.309263891220326e-14
1.525878906250000e-06 1.798561299892754e-14
7.629394531250000e-07 1.965094753586527e-14
3.814697265625000e-07 1.987299214079030e-14
1.907348632812500e-07 4.585221091701897e-14
9.536743164062501e-08 3.363975764614224e-14
4.768371582031250e-08 3.841371665203042e-14
2.384185791015625e-08 2.015054789694659e-13
1.192092895507813e-08 1.556532680524469e-13
5.960464477539063e-09 4.996003610813204e-15
2.980232238769531e-09 1.760813717055498e-13
1.490116119384766e-09 8.204548151979907e-14
7.450580596923829e-10 2.631228568361621e-14
3.725290298461914e-10 1.165734175856414e-14
1.862645149230957e-10 2.553512956637860e-15
9.313225746154786e-11 8.426592756904938e-14
4.656612873077393e-11 5.252465129501616e-13
2.328306436538696e-11 5.036415728909560e-12
1.164153218269348e-11 1.216637901535478e-11
5.820766091346741e-12 2.826083811413582e-11
