1.000000000000000e-01 1.920100107144240e-02
5.000000000000000e-02 9.393518762900066e-03
2.500000000000000e-02 4.647001283561658e-03
1.250000000000000e-02 2.311297124325540e-03
6.250000000000000e-03 1.152626452842975e-03
3.125000000000000e-03 5.755612509835695e-04
1.562500000000000e-03 2.875930728859499e-04
7.812500000000000e-04 1.437497032791279e-04
3.906250000000000e-04 7.186315021101564e-05
1.953125000000000e-04 3.592865060564332e-05
9.765625000000001e-05 1.796359428463123e-05
4.882812500000000e-05 8.981614401548654e-06
2.441406250000000e-05 4.490761518094466e-06
1.220703125000000e-05 2.245369327913416e-06
6.103515625000000e-06 1.122681822174343e-06
3.051757812500000e-06 5.613401847792687e-07
1.525878906250000e-06 2.806699199719986e-07
7.629394531250000e-07 1.403349235706841e-07
3.814697265625000e-07 7.016746028654097e-08
1.907348632812500e-07 3.508374579741513e-08
9.536743164062501e-08 1.754181533364374e-08
4.768371582031250e-08 8.770855486339713e-09
2.384185791015625e-08 4.385376395354967e-09
1.192092895507813e-08 2.192668713263402e-09
5.960464477539063e-09 1.096259860666748e-09
2.980232238769531e-09 5.480932374624103e-10
1.490116119384766e-09 2.741111782000871e-10
7.450580596923829e-10 1.370582536353027e-10
3.725290298461914e-10 6.854961043245567e-11
1.862645149230957e-10 3.425826289316092e-11
9.313225746154786e-11 1.703426288912624e-11
4.656612873077393e-11 8.026579401132494e-12
2.328306436538696e-11 7.502887200416808e-13
1.164153218269348e-11 1.002908867064889e-11
5.820766091346741e-12 2.933264742210895e-11
