1.000000000000000e-01 6.615436621094650e-04
5.000000000000000e-02 1.591805004146352e-04
2.500000000000000e-02 3.904854541780800e-05
1.250000000000000e-02 9.670584248500091e-06
6.250000000000000e-03 2.406311170988218e-06
3.125000000000000e-03 6.001677038680597e-07
1.562500000000000e-03 1.498660865406620e-07
7.812500000000000e-04 3.744456789078754e-08
3.906250000000000e-04 9.358399499781456e-09
1.953125000000000e-04 2.339253124539198e-09
9.765625000000001e-05 5.847708983708344e-10
4.882812500000000e-05 1.461928356150111e-10
2.441406250000000e-05 3.654709868072814e-11
1.220703125000000e-05 9.141021273251226e-12
6.103515625000000e-06 2.276623334296346e-12
3.051757812500000e-06 5.911937606128959e-13
1.525878906250000e-06 1.239008895481675e-13
7.629394531250000e-07 5.617728504603292e-14
3.814697265625000e-07 1.088018564132653e-14
1.907348632812500e-07 4.785061236134425e-14
9.536743164062501e-08 3.419486915845482e-14
4.768371582031250e-08 3.852473895449293e-14
2.384185791015625e-08 2.015054789694659e-13
1.192092895507813e-08 1.556532680524469e-13
5.960464477539063e-09 4.996003610813204e-15
2.980232238769531e-09 1.760813717055498e-13
1.490116119384766e-09 8.204548151979907e-14
7.450580596923829e-10 2.631228568361621e-14
3.725290298461914e-10 1.165734175856414e-14
1.862645149230957e-10 2.553512956637860e-15
9.313225746154786e-11 8.426592756904938e-14
4.656612873077393e-11 5.252465129501616e-13
2.328306436538696e-11 5.036415728909560e-12
1.164153218269348e-11 1.216637901535478e-11
5.820766091346741e-12 2.826083811413582e-11
