1.000000014901161e-01 1.920104026794434e-02
5.000000074505806e-02 9.393572807312012e-03
2.500000037252903e-02 4.647016525268555e-03
1.250000018626451e-02 2.311348915100098e-03
6.250000093132257e-03 1.152575016021729e-03
3.125000046566129e-03 5.753636360168457e-04
1.562500023283064e-03 2.876520156860352e-04
7.812500116415322e-04 1.432895660400391e-04
3.906250058207661e-04 7.182359695434570e-05
1.953125029103830e-04 3.600120544433594e-05
9.765625145519152e-05 1.794099807739258e-05
4.882812572759576e-05 8.761882781982422e-06
2.441406286379788e-05 4.410743713378906e-06
1.220703143189894e-05 5.364418029785156e-07
6.103515715949470e-06 2.443790435791016e-06
3.051757857974735e-06 7.385015487670898e-05
1.525878928987368e-06 1.336932182312012e-04
7.629394644936838e-07 6.006956100463867e-04
3.814697322468419e-07 1.247525215148926e-04
1.907348661234209e-07 2.182841300964355e-02
9.536743306171047e-08 5.537945032119751e-02
4.768371653085524e-08 1.321205496788025e-01
2.384185826542762e-08 2.571205496788025e-01
1.192092913271381e-08 3.821205496788025e-01
5.960464566356904e-09 5.071205496788025e-01
2.980232283178452e-09 5.696205496788025e-01
1.490116141589226e-09 6.008705496788025e-01
7.450580707946131e-10 6.164955496788025e-01
3.725290353973065e-10 6.243080496788025e-01
1.862645176986533e-10 6.282142996788025e-01
9.313225884932663e-11 6.301674246788025e-01
4.656612942466332e-11 6.311439871788025e-01
2.328306471233166e-11 6.316322684288025e-01
1.164153235616583e-11 6.318764090538025e-01
5.820766178082915e-12 6.319984793663025e-01
