1.000000014901161e-01 3.278255462646484e-07
5.000000074505806e-02 0.000000000000000e+00
2.500000037252903e-02 2.980232238769531e-08
1.250000018626451e-02 0.000000000000000e+00
6.250000093132257e-03 5.960464477539062e-08
3.125000046566129e-03 1.192092895507812e-07
1.562500023283064e-03 2.980232238769531e-08
7.812500116415322e-04 5.066394805908203e-07
3.906250058207661e-04 2.682209014892578e-07
1.953125029103830e-04 5.960464477539062e-08
9.765625145519152e-05 2.980232238769531e-08
4.882812572759576e-05 2.384185791015625e-07
2.441406286379788e-05 5.662441253662109e-07
1.220703143189894e-05 3.874301910400391e-07
6.103515715949470e-06 1.022219657897949e-05
3.051757857974735e-06 9.298324584960938e-06
1.525878928987368e-06 2.073645591735840e-04
7.629394644936838e-07 2.051293849945068e-04
3.814697322468419e-07 3.214299678802490e-03
1.907348661234209e-07 3.296136856079102e-03
9.536743306171047e-08 3.837049007415771e-02
4.768371653085524e-08 2.571205496788025e-01
2.384185826542762e-08 6.321205496788025e-01
1.192092913271381e-08 6.321205496788025e-01
5.960464566356904e-09 6.321205496788025e-01
2.980232283178452e-09 6.321205496788025e-01
1.490116141589226e-09 6.321205496788025e-01
7.450580707946131e-10 6.321205496788025e-01
3.725290353973065e-10 6.321205496788025e-01
1.862645176986533e-10 6.321205496788025e-01
9.313225884932663e-11 6.321205496788025e-01
4.656612942466332e-11 6.321205496788025e-01
2.328306471233166e-11 6.321205496788025e-01
1.164153235616583e-11 6.321205496788025e-01
5.820766178082915e-12 6.321205496788025e-01
