1.000000014901161e-01 6.615519523620605e-04
5.000000074505806e-02 1.591444015502930e-04
2.500000037252903e-02 3.904104232788086e-05
1.250000018626451e-02 9.655952453613281e-06
6.250000093132257e-03 2.384185791015625e-06
3.125000046566129e-03 5.960464477539062e-07
1.562500023283064e-03 2.980232238769531e-07
7.812500116415322e-04 1.788139343261719e-07
3.906250058207661e-04 5.960464477539062e-08
1.953125029103830e-04 2.384185791015625e-07
9.765625145519152e-05 2.384185791015625e-07
4.882812572759576e-05 4.172325134277344e-07
2.441406286379788e-05 5.960464477539062e-08
1.220703143189894e-05 1.728534698486328e-06
6.103515715949470e-06 1.311302185058594e-06
3.051757857974735e-06 7.450580596923828e-05
1.525878928987368e-06 1.333355903625488e-04
7.629394644936838e-07 6.008148193359375e-04
3.814697322468419e-07 1.246929168701172e-04
1.907348661234209e-07 2.182847261428833e-02
9.536743306171047e-08 5.537945032119751e-02
4.768371653085524e-08 1.321205496788025e-01
2.384185826542762e-08 2.571205496788025e-01
1.192092913271381e-08 3.821205496788025e-01
5.960464566356904e-09 5.071205496788025e-01
2.980232283178452e-09 5.696205496788025e-01
1.490116141589226e-09 6.008705496788025e-01
7.450580707946131e-10 6.164955496788025e-01
3.725290353973065e-10 6.243080496788025e-01
1.862645176986533e-10 6.282142996788025e-01
9.313225884932663e-11 6.301674246788025e-01
4.656612942466332e-11 6.311439871788025e-01
2.328306471233166e-11 6.316322684288025e-01
1.164153235616583e-11 6.318764090538025e-01
5.820766178082915e-12 6.319984793663025e-01
