1.000000014901161e-01 1.920101046562195e-02
5.000000074505806e-02 9.393543004989624e-03
2.500000037252903e-02 4.646986722946167e-03
1.250000018626451e-02 2.311348915100098e-03
6.250000093132257e-03 1.152604818344116e-03
3.125000046566129e-03 5.757212638854980e-04
1.562500023283064e-03 2.875030040740967e-04
7.812500116415322e-04 1.436471939086914e-04
3.906250058207661e-04 7.224082946777344e-05
1.953125029103830e-04 3.609061241149902e-05
9.765625145519152e-05 1.770257949829102e-05
4.882812572759576e-05 8.970499038696289e-06
2.441406286379788e-05 3.725290298461914e-06
1.220703143189894e-05 2.682209014892578e-06
6.103515715949470e-06 9.119510650634766e-06
3.051757857974735e-06 9.953975677490234e-06
1.525878928987368e-06 2.071261405944824e-04
7.629394644936838e-07 2.053081989288330e-04
3.814697322468419e-07 3.214240074157715e-03
1.907348661234209e-07 3.296136856079102e-03
9.536743306171047e-08 3.837049007415771e-02
4.768371653085524e-08 2.571205496788025e-01
2.384185826542762e-08 6.321205496788025e-01
1.192092913271381e-08 6.321205496788025e-01
5.960464566356904e-09 6.321205496788025e-01
2.980232283178452e-09 6.321205496788025e-01
1.490116141589226e-09 6.321205496788025e-01
7.450580707946131e-10 6.321205496788025e-01
3.725290353973065e-10 6.321205496788025e-01
1.862645176986533e-10 6.321205496788025e-01
9.313225884932663e-11 6.321205496788025e-01
4.656612942466332e-11 6.321205496788025e-01
2.328306471233166e-11 6.321205496788025e-01
1.164153235616583e-11 6.321205496788025e-01
5.820766178082915e-12 6.321205496788025e-01
