2 4.17611489039959593583e-04
4 2.98790443368224245546e-05
8 1.94339388293052195422e-06
16 1.22745429376180936742e-07
32 7.69206776052300256197e-09
64 4.81075734803937393735e-10
128 3.00719449342068401165e-11
256 1.87982962529531505425e-12
512 1.17239551400416530669e-13
1024 7.32747196252603316680e-15
2048 1.11022302462515654042e-15
4096 5.55111512312578270212e-16
8192 2.44249065417534438893e-15
16384 2.16493489801905525383e-15
32768 5.10702591327572008595e-15
65536 7.10542735760100185871e-15
131072 7.88258347483861143701e-15
262144 2.85882428840977809159e-14
524288 1.26565424807267845608e-14
1048576 1.89848137210901768412e-14
2097152 3.31956684362921805587e-14
4194304 7.21644966006351751275e-15
8388608 1.92623694772464659764e-14
16777216 1.27675647831893002149e-14
33554432 2.66620059363731343183e-13
67108864 3.33066907387546962127e-15
134217728 6.11732886568461253773e-14
268435456 9.73665592596262285952e-14
536870912 1.36557432028894254472e-14
1073741824 8.65973959207622101530e-15
2147483648 1.32671651442706206581e-14
4294967296 7.63833440942107699811e-14
8589934592 2.11497486191092320951e-13
17179869184 1.58284496620808567968e-12
34359738368 5.14477349611297540832e-12
68719476736 1.33324462581185798626e-11
