2 1.89531563314027096112e-04
4 1.33592747860733496168e-05
8 8.65081164702630189822e-07
16 5.45750923341969951252e-08
32 3.41903572120827448089e-09
64 2.13816964134139197995e-10
128 1.33655309042524095275e-11
256 8.35997937542742874939e-13
512 5.21804821573823573999e-14
1024 3.33066907387546962127e-15
2048 3.33066907387546962127e-16
4096 1.11022302462515654042e-15
8192 3.94129173741930571850e-15
16384 4.77395900588817312382e-15
32768 7.32747196252603316680e-15
65536 5.77315972805081401020e-15
131072 1.55431223447521915659e-15
262144 2.43138842392909282353e-14
524288 2.22044604925031308085e-15
1048576 2.44249065417534438893e-15
2097152 2.60902410786911787000e-14
4194304 1.02140518265514401719e-14
8388608 7.77156117237609578297e-15
16777216 6.41708908233340480365e-14
33554432 1.17794662912729108939e-13
67108864 4.28546087505310424604e-14
134217728 4.66293670342565746978e-14
268435456 1.12576614696990873199e-13
536870912 6.96664947952285729116e-14
1073741824 3.73034936274052597582e-14
2147483648 8.88178419700125232339e-15
4294967296 5.26245713672324200161e-14
8589934592 2.64344102163249772275e-13
17179869184 1.04222186436686570232e-12
34359738368 4.15056877756114772637e-12
68719476736 1.66099911602657357435e-11
