2 1.89542770385742187500e-04
4 1.33514404296875000000e-05
8 9.53674316406250000000e-07
16 8.94069671630859375000e-08
32 0.00000000000000000000e+00
64 2.08616256713867187500e-07
128 1.78813934326171875000e-07
256 2.68220901489257812500e-07
512 1.78813934326171875000e-07
1024 1.49011611938476562500e-07
2048 1.01327896118164062500e-06
4096 1.49011611938476562500e-07
8192 1.78813934326171875000e-07
16384 1.19209289550781250000e-07
32768 1.37090682983398437500e-06
65536 4.26173210144042968750e-06
131072 1.78217887878417968750e-05
262144 7.84099102020263671875e-05
524288 4.94658946990966796875e-04
1048576 1.73404812812805175781e-03
2097152 5.46598434448242187500e-03
4194304 0.00000000000000000000e+00
8388608 3.63433957099914550781e-02
16777216 2.50000000000000000000e-01
33554432 2.96088486909866333008e-01
67108864 3.75000000000000000000e-01
134217728 4.37500000000000000000e-01
268435456 4.68750000000000000000e-01
536870912 4.84375000000000000000e-01
1073741824 4.92187500000000000000e-01
2147483648 4.96093750000000000000e-01
4294967296 4.98046875000000000000e-01
8589934592 4.99023437500000000000e-01
17179869184 4.99511718750000000000e-01
34359738368 4.99755859375000000000e-01
68719476736 4.99877929687500000000e-01
