2 4.17590141296386718750e-04
4 2.99215316772460937500e-05
8 1.96695327758789062500e-06
16 2.38418579101562500000e-07
32 0.00000000000000000000e+00
64 2.38418579101562500000e-07
128 2.38418579101562500000e-07
256 4.76837158203125000000e-07
512 5.96046447753906250000e-08
1024 1.19209289550781250000e-07
2048 5.96046447753906250000e-07
4096 1.78813934326171875000e-07
8192 0.00000000000000000000e+00
16384 5.96046447753906250000e-07
32768 1.54972076416015625000e-06
65536 3.24845314025878906250e-06
131072 2.62856483459472656250e-05
262144 8.58604907989501953125e-05
524288 2.19851732254028320312e-04
1048576 1.66875123977661132812e-03
2097152 5.44491410255432128906e-03
4194304 2.26349830627441406250e-02
8388608 3.86267900466918945312e-03
16777216 1.66666656732559204102e-01
33554432 1.76489353179931640625e-01
67108864 3.33333313465118408203e-01
134217728 4.16666656732559204102e-01
268435456 4.58333343267440795898e-01
536870912 4.79166656732559204102e-01
1073741824 4.89583343267440795898e-01
2147483648 4.94791656732559204102e-01
4294967296 4.97395843267440795898e-01
8589934592 4.98697906732559204102e-01
17179869184 4.99348968267440795898e-01
34359738368 4.99674469232559204102e-01
68719476736 4.99837249517440795898e-01
