2 3.47222089767456054688e-02
4 8.99374485015869140625e-03
8 2.27087736129760742188e-03
16 5.69105148315429687500e-04
32 1.42455101013183593750e-04
64 3.56435775756835937500e-05
128 8.76188278198242187500e-06
256 2.14576721191406250000e-06
512 4.76837158203125000000e-07
1024 5.96046447753906250000e-08
2048 4.76837158203125000000e-07
4096 1.19209289550781250000e-07
8192 4.47034835815429687500e-07
16384 1.78813934326171875000e-07
32768 1.78813934326171875000e-07
65536 7.74860382080078125000e-07
131072 1.75833702087402343750e-06
262144 7.39097595214843750000e-06
524288 3.01599502563476562500e-05
1048576 1.23769044876098632812e-04
2097152 5.64604997634887695312e-04
4194304 4.14693355560302734375e-03
8388608 6.81063532829284667969e-03
16777216 0.00000000000000000000e+00
33554432 2.33889460563659667969e-01
67108864 2.50000000000000000000e-01
134217728 3.75000000000000000000e-01
268435456 4.37500000000000000000e-01
536870912 4.68750000000000000000e-01
1073741824 4.84375000000000000000e-01
2147483648 5.00000000000000000000e-01
