2 3.47222222222222098864e-02
4 8.99376417233566094467e-03
8 2.27085032633644878786e-03
16 5.69170126996421110732e-04
32 1.42384590821054146659e-04
64 3.56019167562227067947e-05
128 8.90083999594004637856e-06
256 2.22523255299922340100e-06
512 5.56309547650180036271e-07
1024 1.39077475092008739921e-07
2048 3.47693748237176691873e-08
4096 8.69234473288571507510e-09
8192 2.17308482319822360296e-09
16384 5.43273759312512538600e-10
32768 1.35814137713907712168e-10
65536 3.39543948513210125384e-11
131072 8.50097769955482363002e-12
262144 2.12185824466359918006e-12
524288 5.05595565414296288509e-13
1048576 1.17461596005341561977e-13
2097152 5.22915044598448730540e-14
4194304 1.12132525487140810583e-14
8388608 3.97459842815806041472e-14
16777216 3.15303338993544457480e-14
33554432 1.37667655053519411013e-14
67108864 2.25264251696444262052e-13
134217728 2.83106871279414917808e-15
268435456 1.35613742457962871413e-13
536870912 1.80966353013900516089e-14
1073741824 2.03725925018716225168e-14
2147483648 5.00000000291038304567e-01
